Image File: cushion1-a-p036.png 
ROI File: allred.roi 
Image size: 256 x 256
Min. lum.: 1
Max. lum.: 256
Bits/pixel: 8

Normalisation =  No
Histogram analysis = Yes
CO matrix analysis = Yes, Dimensions = 6 x 6, Distances = 1 2 3 4 5
RL matrix analysis = Yes, Dimension = 6
Gradient analysis = Yes, Max pixel value = 16
AR model analysis = Yes
Wavelet analysis = Yes

--------------- CLASS NAMES ----------------

----------------- FEATURES -----------------
_Area	65536	0	0	0	0	0	0	0	0	0	0	0	0	0	0	0
Mean	125.8197	0	0	0	0	0	0	0	0	0	0	0	0	0	0	0
Variance	5584.2585	0	0	0	0	0	0	0	0	0	0	0	0	0	0	0
Skewness	0.030888443	0	0	0	0	0	0	0	0	0	0	0	0	0	0	0
Kurtosis	-1.2076866	0	0	0	0	0	0	0	0	0	0	0	0	0	0	0
Perc.01%	2	0	0	0	0	0	0	0	0	0	0	0	0	0	0	0
Perc.10%	23	0	0	0	0	0	0	0	0	0	0	0	0	0	0	0
Perc.50%	125	0	0	0	0	0	0	0	0	0	0	0	0	0	0	0
Perc.90%	230	0	0	0	0	0	0	0	0	0	0	0	0	0	0	0
Perc.99%	254	0	0	0	0	0	0	0	0	0	0	0	0	0	0	0
_Area_S(1,0)	130560	0	0	0	0	0	0	0	0	0	0	0	0	0	0	0
S(1,0)AngScMom	0.00025919678	0	0	0	0	0	0	0	0	0	0	0	0	0	0	0
S(1,0)Contrast	664.81657	0	0	0	0	0	0	0	0	0	0	0	0	0	0	0
S(1,0)Correlat	0.046081	0	0	0	0	0	0	0	0	0	0	0	0	0	0	0
S(1,0)SumOfSqs	348.46595	0	0	0	0	0	0	0	0	0	0	0	0	0	0	0
S(1,0)InvDfMom	0.050652694	0	0	0	0	0	0	0	0	0	0	0	0	0	0	0
S(1,0)SumAverg	63.667341	0	0	0	0	0	0	0	0	0	0	0	0	0	0	0
S(1,0)SumVarnc	729.04721	0	0	0	0	0	0	0	0	0	0	0	0	0	0	0
S(1,0)SumEntrp	2.0352083	0	0	0	0	0	0	0	0	0	0	0	0	0	0	0
S(1,0)Entropy	3.599712	0	0	0	0	0	0	0	0	0	0	0	0	0	0	0
S(1,0)DifVarnc	225.2373	0	0	0	0	0	0	0	0	0	0	0	0	0	0	0
S(1,0)DifEntrp	1.7220278	0	0	0	0	0	0	0	0	0	0	0	0	0	0	0
_Area_S(0,1)	130560	0	0	0	0	0	0	0	0	0	0	0	0	0	0	0
S(0,1)AngScMom	0.00025600669	0	0	0	0	0	0	0	0	0	0	0	0	0	0	0
S(0,1)Contrast	692.70467	0	0	0	0	0	0	0	0	0	0	0	0	0	0	0
S(0,1)Correlat	0.0055432699	0	0	0	0	0	0	0	0	0	0	0	0	0	0	0
S(0,1)SumOfSqs	348.28296	0	0	0	0	0	0	0	0	0	0	0	0	0	0	0
S(0,1)InvDfMom	0.047385444	0	0	0	0	0	0	0	0	0	0	0	0	0	0	0
S(0,1)SumAverg	63.677374	0	0	0	0	0	0	0	0	0	0	0	0	0	0	0
S(0,1)SumVarnc	700.42718	0	0	0	0	0	0	0	0	0	0	0	0	0	0	0
S(0,1)SumEntrp	2.0276458	0	0	0	0	0	0	0	0	0	0	0	0	0	0	0
S(0,1)Entropy	3.6020006	0	0	0	0	0	0	0	0	0	0	0	0	0	0	0
S(0,1)DifVarnc	230.81886	0	0	0	0	0	0	0	0	0	0	0	0	0	0	0
S(0,1)DifEntrp	1.7297554	0	0	0	0	0	0	0	0	0	0	0	0	0	0	0
_Area_S(1,1)	130050	0	0	0	0	0	0	0	0	0	0	0	0	0	0	0
S(1,1)AngScMom	0.00025581774	0	0	0	0	0	0	0	0	0	0	0	0	0	0	0
S(1,1)Contrast	699.76245	0	0	0	0	0	0	0	0	0	0	0	0	0	0	0
S(1,1)Correlat	-0.004645278	0	0	0	0	0	0	0	0	0	0	0	0	0	0	0
S(1,1)SumOfSqs	348.26344	0	0	0	0	0	0	0	0	0	0	0	0	0	0	0
S(1,1)InvDfMom	0.047323147	0	0	0	0	0	0	0	0	0	0	0	0	0	0	0
S(1,1)SumAverg	63.670665	0	0	0	0	0	0	0	0	0	0	0	0	0	0	0
S(1,1)SumVarnc	693.29132	0	0	0	0	0	0	0	0	0	0	0	0	0	0	0
S(1,1)SumEntrp	2.0259374	0	0	0	0	0	0	0	0	0	0	0	0	0	0	0
S(1,1)Entropy	3.60217	0	0	0	0	0	0	0	0	0	0	0	0	0	0	0
S(1,1)DifVarnc	233.49671	0	0	0	0	0	0	0	0	0	0	0	0	0	0	0
S(1,1)DifEntrp	1.7316327	0	0	0	0	0	0	0	0	0	0	0	0	0	0	0
_Area_S(1,-1)	130050	0	0	0	0	0	0	0	0	0	0	0	0	0	0	0
S(1,-1)AngScMom	0.00025612779	0	0	0	0	0	0	0	0	0	0	0	0	0	0	0
S(1,-1)Contrast	693.12964	0	0	0	0	0	0	0	0	0	0	0	0	0	0	0
S(1,-1)Correlat	0.0048764944	0	0	0	0	0	0	0	0	0	0	0	0	0	0	0
S(1,-1)SumOfSqs	348.26312	0	0	0	0	0	0	0	0	0	0	0	0	0	0	0
S(1,-1)InvDfMom	0.046260132	0	0	0	0	0	0	0	0	0	0	0	0	0	0	0
S(1,-1)SumAverg	63.670604	0	0	0	0	0	0	0	0	0	0	0	0	0	0	0
S(1,-1)SumVarnc	699.92286	0	0	0	0	0	0	0	0	0	0	0	0	0	0	0
S(1,-1)SumEntrp	2.0273193	0	0	0	0	0	0	0	0	0	0	0	0	0	0	0
S(1,-1)Entropy	3.6018172	0	0	0	0	0	0	0	0	0	0	0	0	0	0	0
S(1,-1)DifVarnc	230.98445	0	0	0	0	0	0	0	0	0	0	0	0	0	0	0
S(1,-1)DifEntrp	1.7295291	0	0	0	0	0	0	0	0	0	0	0	0	0	0	0
_Area_S(2,0)	130048	0	0	0	0	0	0	0	0	0	0	0	0	0	0	0
S(2,0)AngScMom	0.00025678702	0	0	0	0	0	0	0	0	0	0	0	0	0	0	0
S(2,0)Contrast	681.5898	0	0	0	0	0	0	0	0	0	0	0	0	0	0	0
S(2,0)Correlat	0.021985906	0	0	0	0	0	0	0	0	0	0	0	0	0	0	0
S(2,0)SumOfSqs	348.45602	0	0	0	0	0	0	0	0	0	0	0	0	0	0	0
S(2,0)InvDfMom	0.04798184	0	0	0	0	0	0	0	0	0	0	0	0	0	0	0
S(2,0)SumAverg	63.671029	0	0	0	0	0	0	0	0	0	0	0	0	0	0	0
S(2,0)SumVarnc	712.23428	0	0	0	0	0	0	0	0	0	0	0	0	0	0	0
S(2,0)SumEntrp	2.0312526	0	0	0	0	0	0	0	0	0	0	0	0	0	0	0
S(2,0)Entropy	3.6015443	0	0	0	0	0	0	0	0	0	0	0	0	0	0	0
S(2,0)DifVarnc	228.29817	0	0	0	0	0	0	0	0	0	0	0	0	0	0	0
S(2,0)DifEntrp	1.7263584	0	0	0	0	0	0	0	0	0	0	0	0	0	0	0
_Area_S(0,2)	130048	0	0	0	0	0	0	0	0	0	0	0	0	0	0	0
S(0,2)AngScMom	0.00025591524	0	0	0	0	0	0	0	0	0	0	0	0	0	0	0
S(0,2)Contrast	701.133	0	0	0	0	0	0	0	0	0	0	0	0	0	0	0
S(0,2)Correlat	-0.007035382	0	0	0	0	0	0	0	0	0	0	0	0	0	0	0
S(0,2)SumOfSqs	348.11736	0	0	0	0	0	0	0	0	0	0	0	0	0	0	0
S(0,2)InvDfMom	0.046185549	0	0	0	0	0	0	0	0	0	0	0	0	0	0	0
S(0,2)SumAverg	63.655543	0	0	0	0	0	0	0	0	0	0	0	0	0	0	0
S(0,2)SumVarnc	691.33644	0	0	0	0	0	0	0	0	0	0	0	0	0	0	0
S(0,2)SumEntrp	2.0254197	0	0	0	0	0	0	0	0	0	0	0	0	0	0	0
S(0,2)Entropy	3.6019922	0	0	0	0	0	0	0	0	0	0	0	0	0	0	0
S(0,2)DifVarnc	234.97977	0	0	0	0	0	0	0	0	0	0	0	0	0	0	0
S(0,2)DifEntrp	1.7316768	0	0	0	0	0	0	0	0	0	0	0	0	0	0	0
_Area_S(2,2)	129032	0	0	0	0	0	0	0	0	0	0	0	0	0	0	0
S(2,2)AngScMom	0.00025563675	0	0	0	0	0	0	0	0	0	0	0	0	0	0	0
S(2,2)Contrast	696.51566	0	0	0	0	0	0	0	0	0	0	0	0	0	0	0
S(2,2)Correlat	-0.00049184977	0	0	0	0	0	0	0	0	0	0	0	0	0	0	0
S(2,2)SumOfSqs	348.08662	0	0	0	0	0	0	0	0	0	0	0	0	0	0	0
S(2,2)InvDfMom	0.045472819	0	0	0	0	0	0	0	0	0	0	0	0	0	0	0
S(2,2)SumAverg	63.653047	0	0	0	0	0	0	0	0	0	0	0	0	0	0	0
S(2,2)SumVarnc	695.83083	0	0	0	0	0	0	0	0	0	0	0	0	0	0	0
S(2,2)SumEntrp	2.0263654	0	0	0	0	0	0	0	0	0	0	0	0	0	0	0
S(2,2)Entropy	3.6022174	0	0	0	0	0	0	0	0	0	0	0	0	0	0	0
S(2,2)DifVarnc	231.57976	0	0	0	0	0	0	0	0	0	0	0	0	0	0	0
S(2,2)DifEntrp	1.7303859	0	0	0	0	0	0	0	0	0	0	0	0	0	0	0
_Area_S(2,-2)	129032	0	0	0	0	0	0	0	0	0	0	0	0	0	0	0
S(2,-2)AngScMom	0.00025568805	0	0	0	0	0	0	0	0	0	0	0	0	0	0	0
S(2,-2)Contrast	695.39133	0	0	0	0	0	0	0	0	0	0	0	0	0	0	0
S(2,-2)Correlat	0.001129423	0	0	0	0	0	0	0	0	0	0	0	0	0	0	0
S(2,-2)SumOfSqs	348.0888	0	0	0	0	0	0	0	0	0	0	0	0	0	0	0
S(2,-2)InvDfMom	0.047558179	0	0	0	0	0	0	0	0	0	0	0	0	0	0	0
S(2,-2)SumAverg	63.653435	0	0	0	0	0	0	0	0	0	0	0	0	0	0	0
S(2,-2)SumVarnc	696.96389	0	0	0	0	0	0	0	0	0	0	0	0	0	0	0
S(2,-2)SumEntrp	2.0271035	0	0	0	0	0	0	0	0	0	0	0	0	0	0	0
S(2,-2)Entropy	3.6022302	0	0	0	0	0	0	0	0	0	0	0	0	0	0	0
S(2,-2)DifVarnc	232.88202	0	0	0	0	0	0	0	0	0	0	0	0	0	0	0
S(2,-2)DifEntrp	1.7304296	0	0	0	0	0	0	0	0	0	0	0	0	0	0	0
_Area_S(3,0)	129536	0	0	0	0	0	0	0	0	0	0	0	0	0	0	0
S(3,0)AngScMom	0.0002564022	0	0	0	0	0	0	0	0	0	0	0	0	0	0	0
S(3,0)Contrast	689.69794	0	0	0	0	0	0	0	0	0	0	0	0	0	0	0
S(3,0)Correlat	0.010328833	0	0	0	0	0	0	0	0	0	0	0	0	0	0	0
S(3,0)SumOfSqs	348.44803	0	0	0	0	0	0	0	0	0	0	0	0	0	0	0
S(3,0)InvDfMom	0.047202176	0	0	0	0	0	0	0	0	0	0	0	0	0	0	0
S(3,0)SumAverg	63.664279	0	0	0	0	0	0	0	0	0	0	0	0	0	0	0
S(3,0)SumVarnc	704.09418	0	0	0	0	0	0	0	0	0	0	0	0	0	0	0
S(3,0)SumEntrp	2.0288185	0	0	0	0	0	0	0	0	0	0	0	0	0	0	0
S(3,0)Entropy	3.6017104	0	0	0	0	0	0	0	0	0	0	0	0	0	0	0
S(3,0)DifVarnc	230.46114	0	0	0	0	0	0	0	0	0	0	0	0	0	0	0
S(3,0)DifEntrp	1.7286341	0	0	0	0	0	0	0	0	0	0	0	0	0	0	0
_Area_S(0,3)	129536	0	0	0	0	0	0	0	0	0	0	0	0	0	0	0
S(0,3)AngScMom	0.00025567417	0	0	0	0	0	0	0	0	0	0	0	0	0	0	0
S(0,3)Contrast	691.83992	0	0	0	0	0	0	0	0	0	0	0	0	0	0	0
S(0,3)Correlat	0.0062634685	0	0	0	0	0	0	0	0	0	0	0	0	0	0	0
S(0,3)SumOfSqs	348.10028	0	0	0	0	0	0	0	0	0	0	0	0	0	0	0
S(0,3)InvDfMom	0.046389418	0	0	0	0	0	0	0	0	0	0	0	0	0	0	0
S(0,3)SumAverg	63.658319	0	0	0	0	0	0	0	0	0	0	0	0	0	0	0
S(0,3)SumVarnc	700.56118	0	0	0	0	0	0	0	0	0	0	0	0	0	0	0
S(0,3)SumEntrp	2.0275431	0	0	0	0	0	0	0	0	0	0	0	0	0	0	0
S(0,3)Entropy	3.6022846	0	0	0	0	0	0	0	0	0	0	0	0	0	0	0
S(0,3)DifVarnc	231.3529	0	0	0	0	0	0	0	0	0	0	0	0	0	0	0
S(0,3)DifEntrp	1.7293934	0	0	0	0	0	0	0	0	0	0	0	0	0	0	0
_Area_S(3,3)	128018	0	0	0	0	0	0	0	0	0	0	0	0	0	0	0
S(3,3)AngScMom	0.00025627972	0	0	0	0	0	0	0	0	0	0	0	0	0	0	0
S(3,3)Contrast	697.00791	0	0	0	0	0	0	0	0	0	0	0	0	0	0	0
S(3,3)Correlat	-0.0012526691	0	0	0	0	0	0	0	0	0	0	0	0	0	0	0
S(3,3)SumOfSqs	348.06794	0	0	0	0	0	0	0	0	0	0	0	0	0	0	0
S(3,3)InvDfMom	0.047059724	0	0	0	0	0	0	0	0	0	0	0	0	0	0	0
S(3,3)SumAverg	63.648971	0	0	0	0	0	0	0	0	0	0	0	0	0	0	0
S(3,3)SumVarnc	695.26385	0	0	0	0	0	0	0	0	0	0	0	0	0	0	0
S(3,3)SumEntrp	2.0262485	0	0	0	0	0	0	0	0	0	0	0	0	0	0	0
S(3,3)Entropy	3.601656	0	0	0	0	0	0	0	0	0	0	0	0	0	0	0
S(3,3)DifVarnc	232.63028	0	0	0	0	0	0	0	0	0	0	0	0	0	0	0
S(3,3)DifEntrp	1.7305605	0	0	0	0	0	0	0	0	0	0	0	0	0	0	0
_Area_S(3,-3)	128018	0	0	0	0	0	0	0	0	0	0	0	0	0	0	0
S(3,-3)AngScMom	0.00025583685	0	0	0	0	0	0	0	0	0	0	0	0	0	0	0
S(3,-3)Contrast	698.27448	0	0	0	0	0	0	0	0	0	0	0	0	0	0	0
S(3,-3)Correlat	-0.0030896033	0	0	0	0	0	0	0	0	0	0	0	0	0	0	0
S(3,-3)SumOfSqs	348.06187	0	0	0	0	0	0	0	0	0	0	0	0	0	0	0
S(3,-3)InvDfMom	0.046893925	0	0	0	0	0	0	0	0	0	0	0	0	0	0	0
S(3,-3)SumAverg	63.65069	0	0	0	0	0	0	0	0	0	0	0	0	0	0	0
S(3,-3)SumVarnc	693.97298	0	0	0	0	0	0	0	0	0	0	0	0	0	0	0
S(3,-3)SumEntrp	2.0257232	0	0	0	0	0	0	0	0	0	0	0	0	0	0	0
S(3,-3)Entropy	3.6021203	0	0	0	0	0	0	0	0	0	0	0	0	0	0	0
S(3,-3)DifVarnc	233.33783	0	0	0	0	0	0	0	0	0	0	0	0	0	0	0
S(3,-3)DifEntrp	1.7315701	0	0	0	0	0	0	0	0	0	0	0	0	0	0	0
_Area_S(4,0)	129024	0	0	0	0	0	0	0	0	0	0	0	0	0	0	0
S(4,0)AngScMom	0.00025575003	0	0	0	0	0	0	0	0	0	0	0	0	0	0	0
S(4,0)Contrast	693.23115	0	0	0	0	0	0	0	0	0	0	0	0	0	0	0
S(4,0)Correlat	0.0051114619	0	0	0	0	0	0	0	0	0	0	0	0	0	0	0
S(4,0)SumOfSqs	348.39639	0	0	0	0	0	0	0	0	0	0	0	0	0	0	0
S(4,0)InvDfMom	0.046407218	0	0	0	0	0	0	0	0	0	0	0	0	0	0	0
S(4,0)SumAverg	63.681889	0	0	0	0	0	0	0	0	0	0	0	0	0	0	0
S(4,0)SumVarnc	700.35441	0	0	0	0	0	0	0	0	0	0	0	0	0	0	0
S(4,0)SumEntrp	2.0277957	0	0	0	0	0	0	0	0	0	0	0	0	0	0	0
S(4,0)Entropy	3.6023402	0	0	0	0	0	0	0	0	0	0	0	0	0	0	0
S(4,0)DifVarnc	231.41563	0	0	0	0	0	0	0	0	0	0	0	0	0	0	0
S(4,0)DifEntrp	1.7299098	0	0	0	0	0	0	0	0	0	0	0	0	0	0	0
_Area_S(0,4)	129024	0	0	0	0	0	0	0	0	0	0	0	0	0	0	0
S(0,4)AngScMom	0.00025552621	0	0	0	0	0	0	0	0	0	0	0	0	0	0	0
S(0,4)Contrast	699.18589	0	0	0	0	0	0	0	0	0	0	0	0	0	0	0
S(0,4)Correlat	-0.0041974848	0	0	0	0	0	0	0	0	0	0	0	0	0	0	0
S(0,4)SumOfSqs	348.13167	0	0	0	0	0	0	0	0	0	0	0	0	0	0	0
S(0,4)InvDfMom	0.046771693	0	0	0	0	0	0	0	0	0	0	0	0	0	0	0
S(0,4)SumAverg	63.653987	0	0	0	0	0	0	0	0	0	0	0	0	0	0	0
S(0,4)SumVarnc	693.34078	0	0	0	0	0	0	0	0	0	0	0	0	0	0	0
S(0,4)SumEntrp	2.0260362	0	0	0	0	0	0	0	0	0	0	0	0	0	0	0
S(0,4)Entropy	3.6023817	0	0	0	0	0	0	0	0	0	0	0	0	0	0	0
S(0,4)DifVarnc	232.43114	0	0	0	0	0	0	0	0	0	0	0	0	0	0	0
S(0,4)DifEntrp	1.7311702	0	0	0	0	0	0	0	0	0	0	0	0	0	0	0
_Area_S(4,4)	127008	0	0	0	0	0	0	0	0	0	0	0	0	0	0	0
S(4,4)AngScMom	0.00025592212	0	0	0	0	0	0	0	0	0	0	0	0	0	0	0
S(4,4)Contrast	696.321	0	0	0	0	0	0	0	0	0	0	0	0	0	0	0
S(4,4)Correlat	-0.00035600081	0	0	0	0	0	0	0	0	0	0	0	0	0	0	0
S(4,4)SumOfSqs	348.0366	0	0	0	0	0	0	0	0	0	0	0	0	0	0	0
S(4,4)InvDfMom	0.047031986	0	0	0	0	0	0	0	0	0	0	0	0	0	0	0
S(4,4)SumAverg	63.661675	0	0	0	0	0	0	0	0	0	0	0	0	0	0	0
S(4,4)SumVarnc	695.8254	0	0	0	0	0	0	0	0	0	0	0	0	0	0	0
S(4,4)SumEntrp	2.026321	0	0	0	0	0	0	0	0	0	0	0	0	0	0	0
S(4,4)Entropy	3.6019767	0	0	0	0	0	0	0	0	0	0	0	0	0	0	0
S(4,4)DifVarnc	232.91443	0	0	0	0	0	0	0	0	0	0	0	0	0	0	0
S(4,4)DifEntrp	1.7302982	0	0	0	0	0	0	0	0	0	0	0	0	0	0	0
_Area_S(4,-4)	127008	0	0	0	0	0	0	0	0	0	0	0	0	0	0	0
S(4,-4)AngScMom	0.00025601524	0	0	0	0	0	0	0	0	0	0	0	0	0	0	0
S(4,-4)Contrast	699.77485	0	0	0	0	0	0	0	0	0	0	0	0	0	0	0
S(4,-4)Correlat	-0.0053189244	0	0	0	0	0	0	0	0	0	0	0	0	0	0	0
S(4,-4)SumOfSqs	348.03625	0	0	0	0	0	0	0	0	0	0	0	0	0	0	0
S(4,-4)InvDfMom	0.046747055	0	0	0	0	0	0	0	0	0	0	0	0	0	0	0
S(4,-4)SumAverg	63.662793	0	0	0	0	0	0	0	0	0	0	0	0	0	0	0
S(4,-4)SumVarnc	692.37013	0	0	0	0	0	0	0	0	0	0	0	0	0	0	0
S(4,-4)SumEntrp	2.0254547	0	0	0	0	0	0	0	0	0	0	0	0	0	0	0
S(4,-4)Entropy	3.6019827	0	0	0	0	0	0	0	0	0	0	0	0	0	0	0
S(4,-4)DifVarnc	232.51826	0	0	0	0	0	0	0	0	0	0	0	0	0	0	0
S(4,-4)DifEntrp	1.7312626	0	0	0	0	0	0	0	0	0	0	0	0	0	0	0
_Area_S(5,0)	128512	0	0	0	0	0	0	0	0	0	0	0	0	0	0	0
S(5,0)AngScMom	0.00025626257	0	0	0	0	0	0	0	0	0	0	0	0	0	0	0
S(5,0)Contrast	697.91039	0	0	0	0	0	0	0	0	0	0	0	0	0	0	0
S(5,0)Correlat	-0.0015952364	0	0	0	0	0	0	0	0	0	0	0	0	0	0	0
S(5,0)SumOfSqs	348.39942	0	0	0	0	0	0	0	0	0	0	0	0	0	0	0
S(5,0)InvDfMom	0.046318476	0	0	0	0	0	0	0	0	0	0	0	0	0	0	0
S(5,0)SumAverg	63.689056	0	0	0	0	0	0	0	0	0	0	0	0	0	0	0
S(5,0)SumVarnc	695.68727	0	0	0	0	0	0	0	0	0	0	0	0	0	0	0
S(5,0)SumEntrp	2.0263388	0	0	0	0	0	0	0	0	0	0	0	0	0	0	0
S(5,0)Entropy	3.6018023	0	0	0	0	0	0	0	0	0	0	0	0	0	0	0
S(5,0)DifVarnc	232.30431	0	0	0	0	0	0	0	0	0	0	0	0	0	0	0
S(5,0)DifEntrp	1.7308562	0	0	0	0	0	0	0	0	0	0	0	0	0	0	0
_Area_S(0,5)	128512	0	0	0	0	0	0	0	0	0	0	0	0	0	0	0
S(0,5)AngScMom	0.00025612549	0	0	0	0	0	0	0	0	0	0	0	0	0	0	0
S(0,5)Contrast	695.46607	0	0	0	0	0	0	0	0	0	0	0	0	0	0	0
S(0,5)Correlat	0.0012028131	0	0	0	0	0	0	0	0	0	0	0	0	0	0	0
S(0,5)SumOfSqs	348.1518	0	0	0	0	0	0	0	0	0	0	0	0	0	0	0
S(0,5)InvDfMom	0.046751733	0	0	0	0	0	0	0	0	0	0	0	0	0	0	0
S(0,5)SumAverg	63.658989	0	0	0	0	0	0	0	0	0	0	0	0	0	0	0
S(0,5)SumVarnc	697.14112	0	0	0	0	0	0	0	0	0	0	0	0	0	0	0
S(0,5)SumEntrp	2.0266632	0	0	0	0	0	0	0	0	0	0	0	0	0	0	0
S(0,5)Entropy	3.6018935	0	0	0	0	0	0	0	0	0	0	0	0	0	0	0
S(0,5)DifVarnc	231.70513	0	0	0	0	0	0	0	0	0	0	0	0	0	0	0
S(0,5)DifEntrp	1.7300932	0	0	0	0	0	0	0	0	0	0	0	0	0	0	0
_Area_S(5,5)	126002	0	0	0	0	0	0	0	0	0	0	0	0	0	0	0
S(5,5)AngScMom	0.0002560211	0	0	0	0	0	0	0	0	0	0	0	0	0	0	0
S(5,5)Contrast	688.61982	0	0	0	0	0	0	0	0	0	0	0	0	0	0	0
S(5,5)Correlat	0.010808968	0	0	0	0	0	0	0	0	0	0	0	0	0	0	0
S(5,5)SumOfSqs	348.07221	0	0	0	0	0	0	0	0	0	0	0	0	0	0	0
S(5,5)InvDfMom	0.047503171	0	0	0	0	0	0	0	0	0	0	0	0	0	0	0
S(5,5)SumAverg	63.672021	0	0	0	0	0	0	0	0	0	0	0	0	0	0	0
S(5,5)SumVarnc	703.66902	0	0	0	0	0	0	0	0	0	0	0	0	0	0	0
S(5,5)SumEntrp	2.0283866	0	0	0	0	0	0	0	0	0	0	0	0	0	0	0
S(5,5)Entropy	3.6019702	0	0	0	0	0	0	0	0	0	0	0	0	0	0	0
S(5,5)DifVarnc	230.66145	0	0	0	0	0	0	0	0	0	0	0	0	0	0	0
S(5,5)DifEntrp	1.7285151	0	0	0	0	0	0	0	0	0	0	0	0	0	0	0
_Area_S(5,-5)	126002	0	0	0	0	0	0	0	0	0	0	0	0	0	0	0
S(5,-5)AngScMom	0.0002559047	0	0	0	0	0	0	0	0	0	0	0	0	0	0	0
S(5,-5)Contrast	696.33506	0	0	0	0	0	0	0	0	0	0	0	0	0	0	0
S(5,-5)Correlat	-0.0002853755	0	0	0	0	0	0	0	0	0	0	0	0	0	0	0
S(5,-5)SumOfSqs	348.0682	0	0	0	0	0	0	0	0	0	0	0	0	0	0	0
S(5,-5)InvDfMom	0.046300873	0	0	0	0	0	0	0	0	0	0	0	0	0	0	0
S(5,-5)SumAverg	63.673608	0	0	0	0	0	0	0	0	0	0	0	0	0	0	0
S(5,-5)SumVarnc	695.93774	0	0	0	0	0	0	0	0	0	0	0	0	0	0	0
S(5,-5)SumEntrp	2.0265175	0	0	0	0	0	0	0	0	0	0	0	0	0	0	0
S(5,-5)Entropy	3.6020516	0	0	0	0	0	0	0	0	0	0	0	0	0	0	0
S(5,-5)DifVarnc	231.85631	0	0	0	0	0	0	0	0	0	0	0	0	0	0	0
S(5,-5)DifEntrp	1.7302545	0	0	0	0	0	0	0	0	0	0	0	0	0	0	0
Horzl_RLNonUni	62087.474	0	0	0	0	0	0	0	0	0	0	0	0	0	0	0
Horzl_GLevNonU	1013.5513	0	0	0	0	0	0	0	0	0	0	0	0	0	0	0
Horzl_LngREmph	1.0559242	0	0	0	0	0	0	0	0	0	0	0	0	0	0	0
Horzl_ShrtREmp	0.98649429	0	0	0	0	0	0	0	0	0	0	0	0	0	0	0
Horzl_Fraction	0.98197937	0	0	0	0	0	0	0	0	0	0	0	0	0	0	0
Vertl_RLNonUni	62411.621	0	0	0	0	0	0	0	0	0	0	0	0	0	0	0
Vertl_GLevNonU	1015.6137	0	0	0	0	0	0	0	0	0	0	0	0	0	0	0
Vertl_LngREmph	1.0498496	0	0	0	0	0	0	0	0	0	0	0	0	0	0	0
Vertl_ShrtREmp	0.98777888	0	0	0	0	0	0	0	0	0	0	0	0	0	0	0
Vertl_Fraction	0.98379517	0	0	0	0	0	0	0	0	0	0	0	0	0	0	0
45dgr_RLNonUni	62388.175	0	0	0	0	0	0	0	0	0	0	0	0	0	0	0
45dgr_GLevNonU	1015.6292	0	0	0	0	0	0	0	0	0	0	0	0	0	0	0
45dgr_LngREmph	1.0502591	0	0	0	0	0	0	0	0	0	0	0	0	0	0	0
45dgr_ShrtREmp	0.98768569	0	0	0	0	0	0	0	0	0	0	0	0	0	0	0
45dgr_Fraction	0.9836731	0	0	0	0	0	0	0	0	0	0	0	0	0	0	0
135dr_RLNonUni	62644.588	0	0	0	0	0	0	0	0	0	0	0	0	0	0	0
135dr_GLevNonU	1017.239	0	0	0	0	0	0	0	0	0	0	0	0	0	0	0
135dr_LngREmph	1.0462573	0	0	0	0	0	0	0	0	0	0	0	0	0	0	0
135dr_ShrtREmp	0.98872023	0	0	0	0	0	0	0	0	0	0	0	0	0	0	0
135dr_Fraction	0.98498535	0	0	0	0	0	0	0	0	0	0	0	0	0	0	0
_AreaGr	64516	0	0	0	0	0	0	0	0	0	0	0	0	0	0	0
GrMean	8.3715236	0	0	0	0	0	0	0	0	0	0	0	0	0	0	0
GrVariance	15.90372	0	0	0	0	0	0	0	0	0	0	0	0	0	0	0
GrSkewness	0.16905949	0	0	0	0	0	0	0	0	0	0	0	0	0	0	0
GrKurtosis	-0.67517166	0	0	0	0	0	0	0	0	0	0	0	0	0	0	0
GrNonZeros	0.99607849	0	0	0	0	0	0	0	0	0	0	0	0	0	0	0
_AreaARM	64770	0	0	0	0	0	0	0	0	0	0	0	0	0	0	0
Teta1	0.04584366	0	0	0	0	0	0	0	0	0	0	0	0	0	0	0
Teta2	0.0044867571	0	0	0	0	0	0	0	0	0	0	0	0	0	0	0
Teta3	0.0059330606	0	0	0	0	0	0	0	0	0	0	0	0	0	0	0
Teta4	-0.0051869013	0	0	0	0	0	0	0	0	0	0	0	0	0	0	0
Sigma	0.99832797	0	0	0	0	0	0	0	0	0	0	0	0	0	0	0
WavEnLL_s-1	17052.468	0	0	0	0	0	0	0	0	0	0	0	0	0	0	0
WavEnLH_s-1	1451.7165	0	0	0	0	0	0	0	0	0	0	0	0	0	0	0
WavEnHL_s-1	1320.4871	0	0	0	0	0	0	0	0	0	0	0	0	0	0	0
WavEnHH_s-1	1339.5453	0	0	0	0	0	0	0	0	0	0	0	0	0	0	0
WavEnLL_s-2	15968.461	0	0	0	0	0	0	0	0	0	0	0	0	0	0	0
WavEnLH_s-2	387.64833	0	0	0	0	0	0	0	0	0	0	0	0	0	0	0
WavEnHL_s-2	345.00404	0	0	0	0	0	0	0	0	0	0	0	0	0	0	0
WavEnHH_s-2	351.35456	0	0	0	0	0	0	0	0	0	0	0	0	0	0	0
WavEnLL_s-3	15686.006	0	0	0	0	0	0	0	0	0	0	0	0	0	0	0
WavEnLH_s-3	92.478838	0	0	0	0	0	0	0	0	0	0	0	0	0	0	0
WavEnHL_s-3	95.121687	0	0	0	0	0	0	0	0	0	0	0	0	0	0	0
WavEnHH_s-3	94.854466	0	0	0	0	0	0	0	0	0	0	0	0	0	0	0
WavEnLL_s-4	15609.123	0	0	0	0	0	0	0	0	0	0	0	0	0	0	0
WavEnLH_s-4	24.694799	0	0	0	0	0	0	0	0	0	0	0	0	0	0	0
WavEnHL_s-4	27.397331	0	0	0	0	0	0	0	0	0	0	0	0	0	0	0
WavEnHH_s-4	24.790707	0	0	0	0	0	0	0	0	0	0	0	0	0	0	0
