Image File: cushion1-a-p023.png 
ROI File: allred.roi 
Image size: 256 x 256
Min. lum.: 1
Max. lum.: 256
Bits/pixel: 8

Normalisation =  No
Histogram analysis = Yes
CO matrix analysis = Yes, Dimensions = 6 x 6, Distances = 1 2 3 4 5
RL matrix analysis = Yes, Dimension = 6
Gradient analysis = Yes, Max pixel value = 16
AR model analysis = Yes
Wavelet analysis = Yes

--------------- CLASS NAMES ----------------

----------------- FEATURES -----------------
_Area	65536	0	0	0	0	0	0	0	0	0	0	0	0	0	0	0
Mean	126.41057	0	0	0	0	0	0	0	0	0	0	0	0	0	0	0
Variance	5530.807	0	0	0	0	0	0	0	0	0	0	0	0	0	0	0
Skewness	0.018648294	0	0	0	0	0	0	0	0	0	0	0	0	0	0	0
Kurtosis	-1.2052899	0	0	0	0	0	0	0	0	0	0	0	0	0	0	0
Perc.01%	2	0	0	0	0	0	0	0	0	0	0	0	0	0	0	0
Perc.10%	23	0	0	0	0	0	0	0	0	0	0	0	0	0	0	0
Perc.50%	126	0	0	0	0	0	0	0	0	0	0	0	0	0	0	0
Perc.90%	230	0	0	0	0	0	0	0	0	0	0	0	0	0	0	0
Perc.99%	254	0	0	0	0	0	0	0	0	0	0	0	0	0	0	0
_Area_S(1,0)	130560	0	0	0	0	0	0	0	0	0	0	0	0	0	0	0
S(1,0)AngScMom	0.00026141902	0	0	0	0	0	0	0	0	0	0	0	0	0	0	0
S(1,0)Contrast	647.63801	0	0	0	0	0	0	0	0	0	0	0	0	0	0	0
S(1,0)Correlat	0.061580888	0	0	0	0	0	0	0	0	0	0	0	0	0	0	0
S(1,0)SumOfSqs	345.06864	0	0	0	0	0	0	0	0	0	0	0	0	0	0	0
S(1,0)InvDfMom	0.051350797	0	0	0	0	0	0	0	0	0	0	0	0	0	0	0
S(1,0)SumAverg	63.971829	0	0	0	0	0	0	0	0	0	0	0	0	0	0	0
S(1,0)SumVarnc	732.63654	0	0	0	0	0	0	0	0	0	0	0	0	0	0	0
S(1,0)SumEntrp	2.0361132	0	0	0	0	0	0	0	0	0	0	0	0	0	0	0
S(1,0)Entropy	3.5975631	0	0	0	0	0	0	0	0	0	0	0	0	0	0	0
S(1,0)DifVarnc	220.01324	0	0	0	0	0	0	0	0	0	0	0	0	0	0	0
S(1,0)DifEntrp	1.7173214	0	0	0	0	0	0	0	0	0	0	0	0	0	0	0
_Area_S(0,1)	130560	0	0	0	0	0	0	0	0	0	0	0	0	0	0	0
S(0,1)AngScMom	0.0002556784	0	0	0	0	0	0	0	0	0	0	0	0	0	0	0
S(0,1)Contrast	692.19012	0	0	0	0	0	0	0	0	0	0	0	0	0	0	0
S(0,1)Correlat	-0.0031602503	0	0	0	0	0	0	0	0	0	0	0	0	0	0	0
S(0,1)SumOfSqs	345.00476	0	0	0	0	0	0	0	0	0	0	0	0	0	0	0
S(0,1)InvDfMom	0.048020537	0	0	0	0	0	0	0	0	0	0	0	0	0	0	0
S(0,1)SumAverg	63.957215	0	0	0	0	0	0	0	0	0	0	0	0	0	0	0
S(0,1)SumVarnc	687.82891	0	0	0	0	0	0	0	0	0	0	0	0	0	0	0
S(0,1)SumEntrp	2.0244173	0	0	0	0	0	0	0	0	0	0	0	0	0	0	0
S(0,1)Entropy	3.602075	0	0	0	0	0	0	0	0	0	0	0	0	0	0	0
S(0,1)DifVarnc	230.70456	0	0	0	0	0	0	0	0	0	0	0	0	0	0	0
S(0,1)DifEntrp	1.7294349	0	0	0	0	0	0	0	0	0	0	0	0	0	0	0
_Area_S(1,1)	130050	0	0	0	0	0	0	0	0	0	0	0	0	0	0	0
S(1,1)AngScMom	0.00025582105	0	0	0	0	0	0	0	0	0	0	0	0	0	0	0
S(1,1)Contrast	686.90104	0	0	0	0	0	0	0	0	0	0	0	0	0	0	0
S(1,1)Correlat	0.0044302872	0	0	0	0	0	0	0	0	0	0	0	0	0	0	0
S(1,1)SumOfSqs	344.97887	0	0	0	0	0	0	0	0	0	0	0	0	0	0	0
S(1,1)InvDfMom	0.046954171	0	0	0	0	0	0	0	0	0	0	0	0	0	0	0
S(1,1)SumAverg	63.96183	0	0	0	0	0	0	0	0	0	0	0	0	0	0	0
S(1,1)SumVarnc	693.01446	0	0	0	0	0	0	0	0	0	0	0	0	0	0	0
S(1,1)SumEntrp	2.0256488	0	0	0	0	0	0	0	0	0	0	0	0	0	0	0
S(1,1)Entropy	3.6019781	0	0	0	0	0	0	0	0	0	0	0	0	0	0	0
S(1,1)DifVarnc	229.05885	0	0	0	0	0	0	0	0	0	0	0	0	0	0	0
S(1,1)DifEntrp	1.7280891	0	0	0	0	0	0	0	0	0	0	0	0	0	0	0
_Area_S(1,-1)	130050	0	0	0	0	0	0	0	0	0	0	0	0	0	0	0
S(1,-1)AngScMom	0.0002557145	0	0	0	0	0	0	0	0	0	0	0	0	0	0	0
S(1,-1)Contrast	683.27572	0	0	0	0	0	0	0	0	0	0	0	0	0	0	0
S(1,-1)Correlat	0.0096751313	0	0	0	0	0	0	0	0	0	0	0	0	0	0	0
S(1,-1)SumOfSqs	344.97555	0	0	0	0	0	0	0	0	0	0	0	0	0	0	0
S(1,-1)InvDfMom	0.04725609	0	0	0	0	0	0	0	0	0	0	0	0	0	0	0
S(1,-1)SumAverg	63.960692	0	0	0	0	0	0	0	0	0	0	0	0	0	0	0
S(1,-1)SumVarnc	696.62646	0	0	0	0	0	0	0	0	0	0	0	0	0	0	0
S(1,-1)SumEntrp	2.0266197	0	0	0	0	0	0	0	0	0	0	0	0	0	0	0
S(1,-1)Entropy	3.602102	0	0	0	0	0	0	0	0	0	0	0	0	0	0	0
S(1,-1)DifVarnc	228.18167	0	0	0	0	0	0	0	0	0	0	0	0	0	0	0
S(1,-1)DifEntrp	1.7271876	0	0	0	0	0	0	0	0	0	0	0	0	0	0	0
_Area_S(2,0)	130048	0	0	0	0	0	0	0	0	0	0	0	0	0	0	0
S(2,0)AngScMom	0.00025761588	0	0	0	0	0	0	0	0	0	0	0	0	0	0	0
S(2,0)Contrast	667.29263	0	0	0	0	0	0	0	0	0	0	0	0	0	0	0
S(2,0)Correlat	0.033122385	0	0	0	0	0	0	0	0	0	0	0	0	0	0	0
S(2,0)SumOfSqs	345.07606	0	0	0	0	0	0	0	0	0	0	0	0	0	0	0
S(2,0)InvDfMom	0.05124796	0	0	0	0	0	0	0	0	0	0	0	0	0	0	0
S(2,0)SumAverg	63.985421	0	0	0	0	0	0	0	0	0	0	0	0	0	0	0
S(2,0)SumVarnc	713.0116	0	0	0	0	0	0	0	0	0	0	0	0	0	0	0
S(2,0)SumEntrp	2.0311466	0	0	0	0	0	0	0	0	0	0	0	0	0	0	0
S(2,0)Entropy	3.6005418	0	0	0	0	0	0	0	0	0	0	0	0	0	0	0
S(2,0)DifVarnc	226.95896	0	0	0	0	0	0	0	0	0	0	0	0	0	0	0
S(2,0)DifEntrp	1.722621	0	0	0	0	0	0	0	0	0	0	0	0	0	0	0
_Area_S(0,2)	130048	0	0	0	0	0	0	0	0	0	0	0	0	0	0	0
S(0,2)AngScMom	0.00025549827	0	0	0	0	0	0	0	0	0	0	0	0	0	0	0
S(0,2)Contrast	690.93176	0	0	0	0	0	0	0	0	0	0	0	0	0	0	0
S(0,2)Correlat	-0.0010809312	0	0	0	0	0	0	0	0	0	0	0	0	0	0	0
S(0,2)SumOfSqs	345.09286	0	0	0	0	0	0	0	0	0	0	0	0	0	0	0
S(0,2)InvDfMom	0.047010309	0	0	0	0	0	0	0	0	0	0	0	0	0	0	0
S(0,2)SumAverg	63.944897	0	0	0	0	0	0	0	0	0	0	0	0	0	0	0
S(0,2)SumVarnc	689.43968	0	0	0	0	0	0	0	0	0	0	0	0	0	0	0
S(0,2)SumEntrp	2.0247849	0	0	0	0	0	0	0	0	0	0	0	0	0	0	0
S(0,2)Entropy	3.6022168	0	0	0	0	0	0	0	0	0	0	0	0	0	0	0
S(0,2)DifVarnc	230.66814	0	0	0	0	0	0	0	0	0	0	0	0	0	0	0
S(0,2)DifEntrp	1.7291656	0	0	0	0	0	0	0	0	0	0	0	0	0	0	0
_Area_S(2,2)	129032	0	0	0	0	0	0	0	0	0	0	0	0	0	0	0
S(2,2)AngScMom	0.00025603965	0	0	0	0	0	0	0	0	0	0	0	0	0	0	0
S(2,2)Contrast	686.78263	0	0	0	0	0	0	0	0	0	0	0	0	0	0	0
S(2,2)Correlat	0.0048756273	0	0	0	0	0	0	0	0	0	0	0	0	0	0	0
S(2,2)SumOfSqs	345.07376	0	0	0	0	0	0	0	0	0	0	0	0	0	0	0
S(2,2)InvDfMom	0.047323616	0	0	0	0	0	0	0	0	0	0	0	0	0	0	0
S(2,2)SumAverg	63.963079	0	0	0	0	0	0	0	0	0	0	0	0	0	0	0
S(2,2)SumVarnc	693.51243	0	0	0	0	0	0	0	0	0	0	0	0	0	0	0
S(2,2)SumEntrp	2.0256679	0	0	0	0	0	0	0	0	0	0	0	0	0	0	0
S(2,2)Entropy	3.6017594	0	0	0	0	0	0	0	0	0	0	0	0	0	0	0
S(2,2)DifVarnc	229.51787	0	0	0	0	0	0	0	0	0	0	0	0	0	0	0
S(2,2)DifEntrp	1.7278099	0	0	0	0	0	0	0	0	0	0	0	0	0	0	0
_Area_S(2,-2)	129032	0	0	0	0	0	0	0	0	0	0	0	0	0	0	0
S(2,-2)AngScMom	0.00025577322	0	0	0	0	0	0	0	0	0	0	0	0	0	0	0
S(2,-2)Contrast	693.73022	0	0	0	0	0	0	0	0	0	0	0	0	0	0	0
S(2,-2)Correlat	-0.0051897762	0	0	0	0	0	0	0	0	0	0	0	0	0	0	0
S(2,-2)SumOfSqs	345.07425	0	0	0	0	0	0	0	0	0	0	0	0	0	0	0
S(2,-2)InvDfMom	0.046654092	0	0	0	0	0	0	0	0	0	0	0	0	0	0	0
S(2,-2)SumAverg	63.963063	0	0	0	0	0	0	0	0	0	0	0	0	0	0	0
S(2,-2)SumVarnc	686.56679	0	0	0	0	0	0	0	0	0	0	0	0	0	0	0
S(2,-2)SumEntrp	2.0239109	0	0	0	0	0	0	0	0	0	0	0	0	0	0	0
S(2,-2)Entropy	3.6020408	0	0	0	0	0	0	0	0	0	0	0	0	0	0	0
S(2,-2)DifVarnc	231.13558	0	0	0	0	0	0	0	0	0	0	0	0	0	0	0
S(2,-2)DifEntrp	1.7297461	0	0	0	0	0	0	0	0	0	0	0	0	0	0	0
_Area_S(3,0)	129536	0	0	0	0	0	0	0	0	0	0	0	0	0	0	0
S(3,0)AngScMom	0.00025629957	0	0	0	0	0	0	0	0	0	0	0	0	0	0	0
S(3,0)Contrast	673.72601	0	0	0	0	0	0	0	0	0	0	0	0	0	0	0
S(3,0)Correlat	0.024008542	0	0	0	0	0	0	0	0	0	0	0	0	0	0	0
S(3,0)SumOfSqs	345.14954	0	0	0	0	0	0	0	0	0	0	0	0	0	0	0
S(3,0)InvDfMom	0.049745894	0	0	0	0	0	0	0	0	0	0	0	0	0	0	0
S(3,0)SumAverg	63.994164	0	0	0	0	0	0	0	0	0	0	0	0	0	0	0
S(3,0)SumVarnc	706.87216	0	0	0	0	0	0	0	0	0	0	0	0	0	0	0
S(3,0)SumEntrp	2.0295566	0	0	0	0	0	0	0	0	0	0	0	0	0	0	0
S(3,0)Entropy	3.601669	0	0	0	0	0	0	0	0	0	0	0	0	0	0	0
S(3,0)DifVarnc	228.13203	0	0	0	0	0	0	0	0	0	0	0	0	0	0	0
S(3,0)DifEntrp	1.7247497	0	0	0	0	0	0	0	0	0	0	0	0	0	0	0
_Area_S(0,3)	129536	0	0	0	0	0	0	0	0	0	0	0	0	0	0	0
S(0,3)AngScMom	0.00025625261	0	0	0	0	0	0	0	0	0	0	0	0	0	0	0
S(0,3)Contrast	686.52889	0	0	0	0	0	0	0	0	0	0	0	0	0	0	0
S(0,3)Correlat	0.0054301203	0	0	0	0	0	0	0	0	0	0	0	0	0	0	0
S(0,3)SumOfSqs	345.13859	0	0	0	0	0	0	0	0	0	0	0	0	0	0	0
S(0,3)InvDfMom	0.04628969	0	0	0	0	0	0	0	0	0	0	0	0	0	0	0
S(0,3)SumAverg	63.939924	0	0	0	0	0	0	0	0	0	0	0	0	0	0	0
S(0,3)SumVarnc	694.02546	0	0	0	0	0	0	0	0	0	0	0	0	0	0	0
S(0,3)SumEntrp	2.0256387	0	0	0	0	0	0	0	0	0	0	0	0	0	0	0
S(0,3)Entropy	3.6016712	0	0	0	0	0	0	0	0	0	0	0	0	0	0	0
S(0,3)DifVarnc	229.6574	0	0	0	0	0	0	0	0	0	0	0	0	0	0	0
S(0,3)DifEntrp	1.7276374	0	0	0	0	0	0	0	0	0	0	0	0	0	0	0
_Area_S(3,3)	128018	0	0	0	0	0	0	0	0	0	0	0	0	0	0	0
S(3,3)AngScMom	0.00025587847	0	0	0	0	0	0	0	0	0	0	0	0	0	0	0
S(3,3)Contrast	686.56676	0	0	0	0	0	0	0	0	0	0	0	0	0	0	0
S(3,3)Correlat	0.0055431321	0	0	0	0	0	0	0	0	0	0	0	0	0	0	0
S(3,3)SumOfSqs	345.19685	0	0	0	0	0	0	0	0	0	0	0	0	0	0	0
S(3,3)InvDfMom	0.046091272	0	0	0	0	0	0	0	0	0	0	0	0	0	0	0
S(3,3)SumAverg	63.966848	0	0	0	0	0	0	0	0	0	0	0	0	0	0	0
S(3,3)SumVarnc	694.22065	0	0	0	0	0	0	0	0	0	0	0	0	0	0	0
S(3,3)SumEntrp	2.0258357	0	0	0	0	0	0	0	0	0	0	0	0	0	0	0
S(3,3)Entropy	3.601898	0	0	0	0	0	0	0	0	0	0	0	0	0	0	0
S(3,3)DifVarnc	229.09114	0	0	0	0	0	0	0	0	0	0	0	0	0	0	0
S(3,3)DifEntrp	1.7278197	0	0	0	0	0	0	0	0	0	0	0	0	0	0	0
_Area_S(3,-3)	128018	0	0	0	0	0	0	0	0	0	0	0	0	0	0	0
S(3,-3)AngScMom	0.00025550309	0	0	0	0	0	0	0	0	0	0	0	0	0	0	0
S(3,-3)Contrast	687.43711	0	0	0	0	0	0	0	0	0	0	0	0	0	0	0
S(3,-3)Correlat	0.0042485847	0	0	0	0	0	0	0	0	0	0	0	0	0	0	0
S(3,-3)SumOfSqs	345.1851	0	0	0	0	0	0	0	0	0	0	0	0	0	0	0
S(3,-3)InvDfMom	0.046092676	0	0	0	0	0	0	0	0	0	0	0	0	0	0	0
S(3,-3)SumAverg	63.966723	0	0	0	0	0	0	0	0	0	0	0	0	0	0	0
S(3,-3)SumVarnc	693.3033	0	0	0	0	0	0	0	0	0	0	0	0	0	0	0
S(3,-3)SumEntrp	2.0256089	0	0	0	0	0	0	0	0	0	0	0	0	0	0	0
S(3,-3)Entropy	3.6022401	0	0	0	0	0	0	0	0	0	0	0	0	0	0	0
S(3,-3)DifVarnc	229.81312	0	0	0	0	0	0	0	0	0	0	0	0	0	0	0
S(3,-3)DifEntrp	1.7279567	0	0	0	0	0	0	0	0	0	0	0	0	0	0	0
_Area_S(4,0)	129024	0	0	0	0	0	0	0	0	0	0	0	0	0	0	0
S(4,0)AngScMom	0.0002564764	0	0	0	0	0	0	0	0	0	0	0	0	0	0	0
S(4,0)Contrast	685.33149	0	0	0	0	0	0	0	0	0	0	0	0	0	0	0
S(4,0)Correlat	0.0075116351	0	0	0	0	0	0	0	0	0	0	0	0	0	0	0
S(4,0)SumOfSqs	345.25921	0	0	0	0	0	0	0	0	0	0	0	0	0	0	0
S(4,0)InvDfMom	0.046341561	0	0	0	0	0	0	0	0	0	0	0	0	0	0	0
S(4,0)SumAverg	63.98994	0	0	0	0	0	0	0	0	0	0	0	0	0	0	0
S(4,0)SumVarnc	695.70533	0	0	0	0	0	0	0	0	0	0	0	0	0	0	0
S(4,0)SumEntrp	2.0265592	0	0	0	0	0	0	0	0	0	0	0	0	0	0	0
S(4,0)Entropy	3.6014728	0	0	0	0	0	0	0	0	0	0	0	0	0	0	0
S(4,0)DifVarnc	228.47201	0	0	0	0	0	0	0	0	0	0	0	0	0	0	0
S(4,0)DifEntrp	1.7274986	0	0	0	0	0	0	0	0	0	0	0	0	0	0	0
_Area_S(0,4)	129024	0	0	0	0	0	0	0	0	0	0	0	0	0	0	0
S(0,4)AngScMom	0.0002555888	0	0	0	0	0	0	0	0	0	0	0	0	0	0	0
S(0,4)Contrast	687.3714	0	0	0	0	0	0	0	0	0	0	0	0	0	0	0
S(0,4)Correlat	0.0043277074	0	0	0	0	0	0	0	0	0	0	0	0	0	0	0
S(0,4)SumOfSqs	345.17954	0	0	0	0	0	0	0	0	0	0	0	0	0	0	0
S(0,4)InvDfMom	0.047232122	0	0	0	0	0	0	0	0	0	0	0	0	0	0	0
S(0,4)SumAverg	63.927982	0	0	0	0	0	0	0	0	0	0	0	0	0	0	0
S(0,4)SumVarnc	693.34675	0	0	0	0	0	0	0	0	0	0	0	0	0	0	0
S(0,4)SumEntrp	2.0259056	0	0	0	0	0	0	0	0	0	0	0	0	0	0	0
S(0,4)Entropy	3.6021666	0	0	0	0	0	0	0	0	0	0	0	0	0	0	0
S(0,4)DifVarnc	230.5709	0	0	0	0	0	0	0	0	0	0	0	0	0	0	0
S(0,4)DifEntrp	1.728077	0	0	0	0	0	0	0	0	0	0	0	0	0	0	0
_Area_S(4,4)	127008	0	0	0	0	0	0	0	0	0	0	0	0	0	0	0
S(4,4)AngScMom	0.0002557633	0	0	0	0	0	0	0	0	0	0	0	0	0	0	0
S(4,4)Contrast	690.64399	0	0	0	0	0	0	0	0	0	0	0	0	0	0	0
S(4,4)Correlat	7.7571213e-05	0	0	0	0	0	0	0	0	0	0	0	0	0	0	0
S(4,4)SumOfSqs	345.34878	0	0	0	0	0	0	0	0	0	0	0	0	0	0	0
S(4,4)InvDfMom	0.047109364	0	0	0	0	0	0	0	0	0	0	0	0	0	0	0
S(4,4)SumAverg	63.951216	0	0	0	0	0	0	0	0	0	0	0	0	0	0	0
S(4,4)SumVarnc	690.75115	0	0	0	0	0	0	0	0	0	0	0	0	0	0	0
S(4,4)SumEntrp	2.0250598	0	0	0	0	0	0	0	0	0	0	0	0	0	0	0
S(4,4)Entropy	3.6020175	0	0	0	0	0	0	0	0	0	0	0	0	0	0	0
S(4,4)DifVarnc	231.71808	0	0	0	0	0	0	0	0	0	0	0	0	0	0	0
S(4,4)DifEntrp	1.7292505	0	0	0	0	0	0	0	0	0	0	0	0	0	0	0
_Area_S(4,-4)	127008	0	0	0	0	0	0	0	0	0	0	0	0	0	0	0
S(4,-4)AngScMom	0.00025604785	0	0	0	0	0	0	0	0	0	0	0	0	0	0	0
S(4,-4)Contrast	687.26094	0	0	0	0	0	0	0	0	0	0	0	0	0	0	0
S(4,-4)Correlat	0.0049138937	0	0	0	0	0	0	0	0	0	0	0	0	0	0	0
S(4,-4)SumOfSqs	345.32737	0	0	0	0	0	0	0	0	0	0	0	0	0	0	0
S(4,-4)InvDfMom	0.046677706	0	0	0	0	0	0	0	0	0	0	0	0	0	0	0
S(4,-4)SumAverg	63.949846	0	0	0	0	0	0	0	0	0	0	0	0	0	0	0
S(4,-4)SumVarnc	694.04855	0	0	0	0	0	0	0	0	0	0	0	0	0	0	0
S(4,-4)SumEntrp	2.0261738	0	0	0	0	0	0	0	0	0	0	0	0	0	0	0
S(4,-4)Entropy	3.6017519	0	0	0	0	0	0	0	0	0	0	0	0	0	0	0
S(4,-4)DifVarnc	229.19755	0	0	0	0	0	0	0	0	0	0	0	0	0	0	0
S(4,-4)DifEntrp	1.728054	0	0	0	0	0	0	0	0	0	0	0	0	0	0	0
_Area_S(5,0)	128512	0	0	0	0	0	0	0	0	0	0	0	0	0	0	0
S(5,0)AngScMom	0.00025665639	0	0	0	0	0	0	0	0	0	0	0	0	0	0	0
S(5,0)Contrast	686.64248	0	0	0	0	0	0	0	0	0	0	0	0	0	0	0
S(5,0)Correlat	0.00590607	0	0	0	0	0	0	0	0	0	0	0	0	0	0	0
S(5,0)SumOfSqs	345.36096	0	0	0	0	0	0	0	0	0	0	0	0	0	0	0
S(5,0)InvDfMom	0.047515593	0	0	0	0	0	0	0	0	0	0	0	0	0	0	0
S(5,0)SumAverg	63.983519	0	0	0	0	0	0	0	0	0	0	0	0	0	0	0
S(5,0)SumVarnc	694.80138	0	0	0	0	0	0	0	0	0	0	0	0	0	0	0
S(5,0)SumEntrp	2.0263776	0	0	0	0	0	0	0	0	0	0	0	0	0	0	0
S(5,0)Entropy	3.6013395	0	0	0	0	0	0	0	0	0	0	0	0	0	0	0
S(5,0)DifVarnc	229.36922	0	0	0	0	0	0	0	0	0	0	0	0	0	0	0
S(5,0)DifEntrp	1.7281529	0	0	0	0	0	0	0	0	0	0	0	0	0	0	0
_Area_S(0,5)	128512	0	0	0	0	0	0	0	0	0	0	0	0	0	0	0
S(0,5)AngScMom	0.00025621655	0	0	0	0	0	0	0	0	0	0	0	0	0	0	0
S(0,5)Contrast	685.83019	0	0	0	0	0	0	0	0	0	0	0	0	0	0	0
S(0,5)Correlat	0.0065137594	0	0	0	0	0	0	0	0	0	0	0	0	0	0	0
S(0,5)SumOfSqs	345.16341	0	0	0	0	0	0	0	0	0	0	0	0	0	0	0
S(0,5)InvDfMom	0.046963127	0	0	0	0	0	0	0	0	0	0	0	0	0	0	0
S(0,5)SumAverg	63.910561	0	0	0	0	0	0	0	0	0	0	0	0	0	0	0
S(0,5)SumVarnc	694.82344	0	0	0	0	0	0	0	0	0	0	0	0	0	0	0
S(0,5)SumEntrp	2.0261134	0	0	0	0	0	0	0	0	0	0	0	0	0	0	0
S(0,5)Entropy	3.6016941	0	0	0	0	0	0	0	0	0	0	0	0	0	0	0
S(0,5)DifVarnc	229.12118	0	0	0	0	0	0	0	0	0	0	0	0	0	0	0
S(0,5)DifEntrp	1.7281298	0	0	0	0	0	0	0	0	0	0	0	0	0	0	0
_Area_S(5,5)	126002	0	0	0	0	0	0	0	0	0	0	0	0	0	0	0
S(5,5)AngScMom	0.00025615413	0	0	0	0	0	0	0	0	0	0	0	0	0	0	0
S(5,5)Contrast	688.73158	0	0	0	0	0	0	0	0	0	0	0	0	0	0	0
S(5,5)Correlat	0.0030987669	0	0	0	0	0	0	0	0	0	0	0	0	0	0	0
S(5,5)SumOfSqs	345.43621	0	0	0	0	0	0	0	0	0	0	0	0	0	0	0
S(5,5)InvDfMom	0.046278198	0	0	0	0	0	0	0	0	0	0	0	0	0	0	0
S(5,5)SumAverg	63.928255	0	0	0	0	0	0	0	0	0	0	0	0	0	0	0
S(5,5)SumVarnc	693.01328	0	0	0	0	0	0	0	0	0	0	0	0	0	0	0
S(5,5)SumEntrp	2.025838	0	0	0	0	0	0	0	0	0	0	0	0	0	0	0
S(5,5)Entropy	3.6017459	0	0	0	0	0	0	0	0	0	0	0	0	0	0	0
S(5,5)DifVarnc	230.05621	0	0	0	0	0	0	0	0	0	0	0	0	0	0	0
S(5,5)DifEntrp	1.7282224	0	0	0	0	0	0	0	0	0	0	0	0	0	0	0
_Area_S(5,-5)	126002	0	0	0	0	0	0	0	0	0	0	0	0	0	0	0
S(5,-5)AngScMom	0.00025558788	0	0	0	0	0	0	0	0	0	0	0	0	0	0	0
S(5,-5)Contrast	692.39574	0	0	0	0	0	0	0	0	0	0	0	0	0	0	0
S(5,-5)Correlat	-0.0022036482	0	0	0	0	0	0	0	0	0	0	0	0	0	0	0
S(5,-5)SumOfSqs	345.43665	0	0	0	0	0	0	0	0	0	0	0	0	0	0	0
S(5,-5)InvDfMom	0.046786152	0	0	0	0	0	0	0	0	0	0	0	0	0	0	0
S(5,-5)SumAverg	63.927112	0	0	0	0	0	0	0	0	0	0	0	0	0	0	0
S(5,-5)SumVarnc	689.35086	0	0	0	0	0	0	0	0	0	0	0	0	0	0	0
S(5,-5)SumEntrp	2.0248843	0	0	0	0	0	0	0	0	0	0	0	0	0	0	0
S(5,-5)Entropy	3.6022053	0	0	0	0	0	0	0	0	0	0	0	0	0	0	0
S(5,-5)DifVarnc	230.63942	0	0	0	0	0	0	0	0	0	0	0	0	0	0	0
S(5,-5)DifEntrp	1.7298895	0	0	0	0	0	0	0	0	0	0	0	0	0	0	0
Horzl_RLNonUni	61999.297	0	0	0	0	0	0	0	0	0	0	0	0	0	0	0
Horzl_GLevNonU	1012.6267	0	0	0	0	0	0	0	0	0	0	0	0	0	0	0
Horzl_LngREmph	1.0577261	0	0	0	0	0	0	0	0	0	0	0	0	0	0	0
Horzl_ShrtREmp	0.98614771	0	0	0	0	0	0	0	0	0	0	0	0	0	0	0
Horzl_Fraction	0.98146057	0	0	0	0	0	0	0	0	0	0	0	0	0	0	0
Vertl_RLNonUni	62379.895	0	0	0	0	0	0	0	0	0	0	0	0	0	0	0
Vertl_GLevNonU	1015.2804	0	0	0	0	0	0	0	0	0	0	0	0	0	0	0
Vertl_LngREmph	1.0508548	0	0	0	0	0	0	0	0	0	0	0	0	0	0	0
Vertl_ShrtREmp	0.98766553	0	0	0	0	0	0	0	0	0	0	0	0	0	0	0
Vertl_Fraction	0.98355103	0	0	0	0	0	0	0	0	0	0	0	0	0	0	0
45dgr_RLNonUni	62489.702	0	0	0	0	0	0	0	0	0	0	0	0	0	0	0
45dgr_GLevNonU	1015.8434	0	0	0	0	0	0	0	0	0	0	0	0	0	0	0
45dgr_LngREmph	1.0488387	0	0	0	0	0	0	0	0	0	0	0	0	0	0	0
45dgr_ShrtREmp	0.98810041	0	0	0	0	0	0	0	0	0	0	0	0	0	0	0
45dgr_Fraction	0.98416138	0	0	0	0	0	0	0	0	0	0	0	0	0	0	0
135dr_RLNonUni	62429.792	0	0	0	0	0	0	0	0	0	0	0	0	0	0	0
135dr_GLevNonU	1015.4021	0	0	0	0	0	0	0	0	0	0	0	0	0	0	0
135dr_LngREmph	1.0500504	0	0	0	0	0	0	0	0	0	0	0	0	0	0	0
135dr_ShrtREmp	0.98786653	0	0	0	0	0	0	0	0	0	0	0	0	0	0	0
135dr_Fraction	0.98381042	0	0	0	0	0	0	0	0	0	0	0	0	0	0	0
_AreaGr	64516	0	0	0	0	0	0	0	0	0	0	0	0	0	0	0
GrMean	8.2846189	0	0	0	0	0	0	0	0	0	0	0	0	0	0	0
GrVariance	15.643873	0	0	0	0	0	0	0	0	0	0	0	0	0	0	0
GrSkewness	0.17412725	0	0	0	0	0	0	0	0	0	0	0	0	0	0	0
GrKurtosis	-0.67240837	0	0	0	0	0	0	0	0	0	0	0	0	0	0	0
GrNonZeros	0.99575299	0	0	0	0	0	0	0	0	0	0	0	0	0	0	0
_AreaARM	64770	0	0	0	0	0	0	0	0	0	0	0	0	0	0	0
Teta1	0.060999248	0	0	0	0	0	0	0	0	0	0	0	0	0	0	0
Teta2	0.010147757	0	0	0	0	0	0	0	0	0	0	0	0	0	0	0
Teta3	-0.0043289658	0	0	0	0	0	0	0	0	0	0	0	0	0	0	0
Teta4	0.0038337243	0	0	0	0	0	0	0	0	0	0	0	0	0	0	0
Sigma	0.99756098	0	0	0	0	0	0	0	0	0	0	0	0	0	0	0
WavEnLL_s-1	17222.392	0	0	0	0	0	0	0	0	0	0	0	0	0	0	0
WavEnLH_s-1	1457.1279	0	0	0	0	0	0	0	0	0	0	0	0	0	0	0
WavEnHL_s-1	1279.0656	0	0	0	0	0	0	0	0	0	0	0	0	0	0	0
WavEnHH_s-1	1300.0326	0	0	0	0	0	0	0	0	0	0	0	0	0	0	0
WavEnLL_s-2	16132.276	0	0	0	0	0	0	0	0	0	0	0	0	0	0	0
WavEnLH_s-2	398.37771	0	0	0	0	0	0	0	0	0	0	0	0	0	0	0
WavEnHL_s-2	349.07718	0	0	0	0	0	0	0	0	0	0	0	0	0	0	0
WavEnHH_s-2	342.66086	0	0	0	0	0	0	0	0	0	0	0	0	0	0	0
WavEnLL_s-3	15850.876	0	0	0	0	0	0	0	0	0	0	0	0	0	0	0
WavEnLH_s-3	96.244426	0	0	0	0	0	0	0	0	0	0	0	0	0	0	0
WavEnHL_s-3	99.379127	0	0	0	0	0	0	0	0	0	0	0	0	0	0	0
WavEnHH_s-3	85.775817	0	0	0	0	0	0	0	0	0	0	0	0	0	0	0
WavEnLL_s-4	15770.381	0	0	0	0	0	0	0	0	0	0	0	0	0	0	0
WavEnLH_s-4	25.949556	0	0	0	0	0	0	0	0	0	0	0	0	0	0	0
WavEnHL_s-4	26.128709	0	0	0	0	0	0	0	0	0	0	0	0	0	0	0
WavEnHH_s-4	28.417574	0	0	0	0	0	0	0	0	0	0	0	0	0	0	0
