Image File: cushion1-a-p015.png 
ROI File: allred.roi 
Image size: 256 x 256
Min. lum.: 1
Max. lum.: 256
Bits/pixel: 8

Normalisation =  No
Histogram analysis = Yes
CO matrix analysis = Yes, Dimensions = 6 x 6, Distances = 1 2 3 4 5
RL matrix analysis = Yes, Dimension = 6
Gradient analysis = Yes, Max pixel value = 16
AR model analysis = Yes
Wavelet analysis = Yes

--------------- CLASS NAMES ----------------

----------------- FEATURES -----------------
_Area	65536	0	0	0	0	0	0	0	0	0	0	0	0	0	0	0
Mean	126.33336	0	0	0	0	0	0	0	0	0	0	0	0	0	0	0
Variance	5541.1058	0	0	0	0	0	0	0	0	0	0	0	0	0	0	0
Skewness	0.024317731	0	0	0	0	0	0	0	0	0	0	0	0	0	0	0
Kurtosis	-1.201108	0	0	0	0	0	0	0	0	0	0	0	0	0	0	0
Perc.01%	2	0	0	0	0	0	0	0	0	0	0	0	0	0	0	0
Perc.10%	24	0	0	0	0	0	0	0	0	0	0	0	0	0	0	0
Perc.50%	125	0	0	0	0	0	0	0	0	0	0	0	0	0	0	0
Perc.90%	230	0	0	0	0	0	0	0	0	0	0	0	0	0	0	0
Perc.99%	254	0	0	0	0	0	0	0	0	0	0	0	0	0	0	0
_Area_S(1,0)	130560	0	0	0	0	0	0	0	0	0	0	0	0	0	0	0
S(1,0)AngScMom	0.00025880478	0	0	0	0	0	0	0	0	0	0	0	0	0	0	0
S(1,0)Contrast	661.74531	0	0	0	0	0	0	0	0	0	0	0	0	0	0	0
S(1,0)Correlat	0.043143177	0	0	0	0	0	0	0	0	0	0	0	0	0	0	0
S(1,0)SumOfSqs	345.79119	0	0	0	0	0	0	0	0	0	0	0	0	0	0	0
S(1,0)InvDfMom	0.049913127	0	0	0	0	0	0	0	0	0	0	0	0	0	0	0
S(1,0)SumAverg	63.927267	0	0	0	0	0	0	0	0	0	0	0	0	0	0	0
S(1,0)SumVarnc	721.41943	0	0	0	0	0	0	0	0	0	0	0	0	0	0	0
S(1,0)SumEntrp	2.0335107	0	0	0	0	0	0	0	0	0	0	0	0	0	0	0
S(1,0)Entropy	3.599912	0	0	0	0	0	0	0	0	0	0	0	0	0	0	0
S(1,0)DifVarnc	222.6849	0	0	0	0	0	0	0	0	0	0	0	0	0	0	0
S(1,0)DifEntrp	1.7212143	0	0	0	0	0	0	0	0	0	0	0	0	0	0	0
_Area_S(0,1)	130560	0	0	0	0	0	0	0	0	0	0	0	0	0	0	0
S(0,1)AngScMom	0.0002551083	0	0	0	0	0	0	0	0	0	0	0	0	0	0	0
S(0,1)Contrast	687.66751	0	0	0	0	0	0	0	0	0	0	0	0	0	0	0
S(0,1)Correlat	0.0054196027	0	0	0	0	0	0	0	0	0	0	0	0	0	0	0
S(0,1)SumOfSqs	345.70735	0	0	0	0	0	0	0	0	0	0	0	0	0	0	0
S(0,1)InvDfMom	0.047874549	0	0	0	0	0	0	0	0	0	0	0	0	0	0	0
S(0,1)SumAverg	63.935156	0	0	0	0	0	0	0	0	0	0	0	0	0	0	0
S(0,1)SumVarnc	695.1619	0	0	0	0	0	0	0	0	0	0	0	0	0	0	0
S(0,1)SumEntrp	2.0263783	0	0	0	0	0	0	0	0	0	0	0	0	0	0	0
S(0,1)Entropy	3.6027484	0	0	0	0	0	0	0	0	0	0	0	0	0	0	0
S(0,1)DifVarnc	230.00315	0	0	0	0	0	0	0	0	0	0	0	0	0	0	0
S(0,1)DifEntrp	1.7284857	0	0	0	0	0	0	0	0	0	0	0	0	0	0	0
_Area_S(1,1)	130050	0	0	0	0	0	0	0	0	0	0	0	0	0	0	0
S(1,1)AngScMom	0.00025512265	0	0	0	0	0	0	0	0	0	0	0	0	0	0	0
S(1,1)Contrast	685.42507	0	0	0	0	0	0	0	0	0	0	0	0	0	0	0
S(1,1)Correlat	0.0086965581	0	0	0	0	0	0	0	0	0	0	0	0	0	0	0
S(1,1)SumOfSqs	345.7191	0	0	0	0	0	0	0	0	0	0	0	0	0	0	0
S(1,1)InvDfMom	0.047150691	0	0	0	0	0	0	0	0	0	0	0	0	0	0	0
S(1,1)SumAverg	63.937732	0	0	0	0	0	0	0	0	0	0	0	0	0	0	0
S(1,1)SumVarnc	697.45133	0	0	0	0	0	0	0	0	0	0	0	0	0	0	0
S(1,1)SumEntrp	2.0270995	0	0	0	0	0	0	0	0	0	0	0	0	0	0	0
S(1,1)Entropy	3.602663	0	0	0	0	0	0	0	0	0	0	0	0	0	0	0
S(1,1)DifVarnc	229.05786	0	0	0	0	0	0	0	0	0	0	0	0	0	0	0
S(1,1)DifEntrp	1.727821	0	0	0	0	0	0	0	0	0	0	0	0	0	0	0
_Area_S(1,-1)	130050	0	0	0	0	0	0	0	0	0	0	0	0	0	0	0
S(1,-1)AngScMom	0.00025446197	0	0	0	0	0	0	0	0	0	0	0	0	0	0	0
S(1,-1)Contrast	686.15005	0	0	0	0	0	0	0	0	0	0	0	0	0	0	0
S(1,-1)Correlat	0.0076450119	0	0	0	0	0	0	0	0	0	0	0	0	0	0	0
S(1,-1)SumOfSqs	345.71804	0	0	0	0	0	0	0	0	0	0	0	0	0	0	0
S(1,-1)InvDfMom	0.047959815	0	0	0	0	0	0	0	0	0	0	0	0	0	0	0
S(1,-1)SumAverg	63.937393	0	0	0	0	0	0	0	0	0	0	0	0	0	0	0
S(1,-1)SumVarnc	696.72212	0	0	0	0	0	0	0	0	0	0	0	0	0	0	0
S(1,-1)SumEntrp	2.0267849	0	0	0	0	0	0	0	0	0	0	0	0	0	0	0
S(1,-1)Entropy	3.6032151	0	0	0	0	0	0	0	0	0	0	0	0	0	0	0
S(1,-1)DifVarnc	229.81044	0	0	0	0	0	0	0	0	0	0	0	0	0	0	0
S(1,-1)DifEntrp	1.7281081	0	0	0	0	0	0	0	0	0	0	0	0	0	0	0
_Area_S(2,0)	130048	0	0	0	0	0	0	0	0	0	0	0	0	0	0	0
S(2,0)AngScMom	0.00025636095	0	0	0	0	0	0	0	0	0	0	0	0	0	0	0
S(2,0)Contrast	671.43778	0	0	0	0	0	0	0	0	0	0	0	0	0	0	0
S(2,0)Correlat	0.028726292	0	0	0	0	0	0	0	0	0	0	0	0	0	0	0
S(2,0)SumOfSqs	345.64808	0	0	0	0	0	0	0	0	0	0	0	0	0	0	0
S(2,0)InvDfMom	0.049941049	0	0	0	0	0	0	0	0	0	0	0	0	0	0	0
S(2,0)SumAverg	63.923351	0	0	0	0	0	0	0	0	0	0	0	0	0	0	0
S(2,0)SumVarnc	711.15453	0	0	0	0	0	0	0	0	0	0	0	0	0	0	0
S(2,0)SumEntrp	2.0307381	0	0	0	0	0	0	0	0	0	0	0	0	0	0	0
S(2,0)Entropy	3.6017415	0	0	0	0	0	0	0	0	0	0	0	0	0	0	0
S(2,0)DifVarnc	226.83399	0	0	0	0	0	0	0	0	0	0	0	0	0	0	0
S(2,0)DifEntrp	1.7242549	0	0	0	0	0	0	0	0	0	0	0	0	0	0	0
_Area_S(0,2)	130048	0	0	0	0	0	0	0	0	0	0	0	0	0	0	0
S(0,2)AngScMom	0.00025479134	0	0	0	0	0	0	0	0	0	0	0	0	0	0	0
S(0,2)Contrast	695.90125	0	0	0	0	0	0	0	0	0	0	0	0	0	0	0
S(0,2)Correlat	-0.0066294341	0	0	0	0	0	0	0	0	0	0	0	0	0	0	0
S(0,2)SumOfSqs	345.6591	0	0	0	0	0	0	0	0	0	0	0	0	0	0	0
S(0,2)InvDfMom	0.046546914	0	0	0	0	0	0	0	0	0	0	0	0	0	0	0
S(0,2)SumAverg	63.916231	0	0	0	0	0	0	0	0	0	0	0	0	0	0	0
S(0,2)SumVarnc	686.73515	0	0	0	0	0	0	0	0	0	0	0	0	0	0	0
S(0,2)SumEntrp	2.0240561	0	0	0	0	0	0	0	0	0	0	0	0	0	0	0
S(0,2)Entropy	3.6029208	0	0	0	0	0	0	0	0	0	0	0	0	0	0	0
S(0,2)DifVarnc	232.66738	0	0	0	0	0	0	0	0	0	0	0	0	0	0	0
S(0,2)DifEntrp	1.7305624	0	0	0	0	0	0	0	0	0	0	0	0	0	0	0
_Area_S(2,2)	129032	0	0	0	0	0	0	0	0	0	0	0	0	0	0	0
S(2,2)AngScMom	0.00025466338	0	0	0	0	0	0	0	0	0	0	0	0	0	0	0
S(2,2)Contrast	693.73117	0	0	0	0	0	0	0	0	0	0	0	0	0	0	0
S(2,2)Correlat	-0.0038564632	0	0	0	0	0	0	0	0	0	0	0	0	0	0	0
S(2,2)SumOfSqs	345.53305	0	0	0	0	0	0	0	0	0	0	0	0	0	0	0
S(2,2)InvDfMom	0.046596806	0	0	0	0	0	0	0	0	0	0	0	0	0	0	0
S(2,2)SumAverg	63.915246	0	0	0	0	0	0	0	0	0	0	0	0	0	0	0
S(2,2)SumVarnc	688.40103	0	0	0	0	0	0	0	0	0	0	0	0	0	0	0
S(2,2)SumEntrp	2.0245214	0	0	0	0	0	0	0	0	0	0	0	0	0	0	0
S(2,2)Entropy	3.6030579	0	0	0	0	0	0	0	0	0	0	0	0	0	0	0
S(2,2)DifVarnc	232.56693	0	0	0	0	0	0	0	0	0	0	0	0	0	0	0
S(2,2)DifEntrp	1.7299224	0	0	0	0	0	0	0	0	0	0	0	0	0	0	0
_Area_S(2,-2)	129032	0	0	0	0	0	0	0	0	0	0	0	0	0	0	0
S(2,-2)AngScMom	0.00025522232	0	0	0	0	0	0	0	0	0	0	0	0	0	0	0
S(2,-2)Contrast	694.83178	0	0	0	0	0	0	0	0	0	0	0	0	0	0	0
S(2,-2)Correlat	-0.0054778559	0	0	0	0	0	0	0	0	0	0	0	0	0	0	0
S(2,-2)SumOfSqs	345.52316	0	0	0	0	0	0	0	0	0	0	0	0	0	0	0
S(2,-2)InvDfMom	0.046394006	0	0	0	0	0	0	0	0	0	0	0	0	0	0	0
S(2,-2)SumAverg	63.914424	0	0	0	0	0	0	0	0	0	0	0	0	0	0	0
S(2,-2)SumVarnc	687.26087	0	0	0	0	0	0	0	0	0	0	0	0	0	0	0
S(2,-2)SumEntrp	2.0243048	0	0	0	0	0	0	0	0	0	0	0	0	0	0	0
S(2,-2)Entropy	3.6025324	0	0	0	0	0	0	0	0	0	0	0	0	0	0	0
S(2,-2)DifVarnc	230.15053	0	0	0	0	0	0	0	0	0	0	0	0	0	0	0
S(2,-2)DifEntrp	1.7302409	0	0	0	0	0	0	0	0	0	0	0	0	0	0	0
_Area_S(3,0)	129536	0	0	0	0	0	0	0	0	0	0	0	0	0	0	0
S(3,0)AngScMom	0.0002553595	0	0	0	0	0	0	0	0	0	0	0	0	0	0	0
S(3,0)Contrast	678.97849	0	0	0	0	0	0	0	0	0	0	0	0	0	0	0
S(3,0)Correlat	0.017802556	0	0	0	0	0	0	0	0	0	0	0	0	0	0	0
S(3,0)SumOfSqs	345.64257	0	0	0	0	0	0	0	0	0	0	0	0	0	0	0
S(3,0)InvDfMom	0.048388349	0	0	0	0	0	0	0	0	0	0	0	0	0	0	0
S(3,0)SumAverg	63.920748	0	0	0	0	0	0	0	0	0	0	0	0	0	0	0
S(3,0)SumVarnc	703.59178	0	0	0	0	0	0	0	0	0	0	0	0	0	0	0
S(3,0)SumEntrp	2.0288743	0	0	0	0	0	0	0	0	0	0	0	0	0	0	0
S(3,0)Entropy	3.602493	0	0	0	0	0	0	0	0	0	0	0	0	0	0	0
S(3,0)DifVarnc	227.20927	0	0	0	0	0	0	0	0	0	0	0	0	0	0	0
S(3,0)DifEntrp	1.7261259	0	0	0	0	0	0	0	0	0	0	0	0	0	0	0
_Area_S(0,3)	129536	0	0	0	0	0	0	0	0	0	0	0	0	0	0	0
S(0,3)AngScMom	0.0002549136	0	0	0	0	0	0	0	0	0	0	0	0	0	0	0
S(0,3)Contrast	696.38338	0	0	0	0	0	0	0	0	0	0	0	0	0	0	0
S(0,3)Correlat	-0.0073270421	0	0	0	0	0	0	0	0	0	0	0	0	0	0	0
S(0,3)SumOfSqs	345.65903	0	0	0	0	0	0	0	0	0	0	0	0	0	0	0
S(0,3)InvDfMom	0.046498498	0	0	0	0	0	0	0	0	0	0	0	0	0	0	0
S(0,3)SumAverg	63.915282	0	0	0	0	0	0	0	0	0	0	0	0	0	0	0
S(0,3)SumVarnc	686.25275	0	0	0	0	0	0	0	0	0	0	0	0	0	0	0
S(0,3)SumEntrp	2.0242135	0	0	0	0	0	0	0	0	0	0	0	0	0	0	0
S(0,3)Entropy	3.60281	0	0	0	0	0	0	0	0	0	0	0	0	0	0	0
S(0,3)DifVarnc	232.23066	0	0	0	0	0	0	0	0	0	0	0	0	0	0	0
S(0,3)DifEntrp	1.730405	0	0	0	0	0	0	0	0	0	0	0	0	0	0	0
_Area_S(3,3)	128018	0	0	0	0	0	0	0	0	0	0	0	0	0	0	0
S(3,3)AngScMom	0.00025504704	0	0	0	0	0	0	0	0	0	0	0	0	0	0	0
S(3,3)Contrast	685.90637	0	0	0	0	0	0	0	0	0	0	0	0	0	0	0
S(3,3)Correlat	0.0074595857	0	0	0	0	0	0	0	0	0	0	0	0	0	0	0
S(3,3)SumOfSqs	345.5307	0	0	0	0	0	0	0	0	0	0	0	0	0	0	0
S(3,3)InvDfMom	0.046568109	0	0	0	0	0	0	0	0	0	0	0	0	0	0	0
S(3,3)SumAverg	63.911341	0	0	0	0	0	0	0	0	0	0	0	0	0	0	0
S(3,3)SumVarnc	696.21644	0	0	0	0	0	0	0	0	0	0	0	0	0	0	0
S(3,3)SumEntrp	2.0267452	0	0	0	0	0	0	0	0	0	0	0	0	0	0	0
S(3,3)Entropy	3.6027555	0	0	0	0	0	0	0	0	0	0	0	0	0	0	0
S(3,3)DifVarnc	228.43276	0	0	0	0	0	0	0	0	0	0	0	0	0	0	0
S(3,3)DifEntrp	1.7277819	0	0	0	0	0	0	0	0	0	0	0	0	0	0	0
_Area_S(3,-3)	128018	0	0	0	0	0	0	0	0	0	0	0	0	0	0	0
S(3,-3)AngScMom	0.00025535689	0	0	0	0	0	0	0	0	0	0	0	0	0	0	0
S(3,-3)Contrast	695.48417	0	0	0	0	0	0	0	0	0	0	0	0	0	0	0
S(3,-3)Correlat	-0.0064484454	0	0	0	0	0	0	0	0	0	0	0	0	0	0	0
S(3,-3)SumOfSqs	345.51405	0	0	0	0	0	0	0	0	0	0	0	0	0	0	0
S(3,-3)InvDfMom	0.046918813	0	0	0	0	0	0	0	0	0	0	0	0	0	0	0
S(3,-3)SumAverg	63.910606	0	0	0	0	0	0	0	0	0	0	0	0	0	0	0
S(3,-3)SumVarnc	686.57205	0	0	0	0	0	0	0	0	0	0	0	0	0	0	0
S(3,-3)SumEntrp	2.0240761	0	0	0	0	0	0	0	0	0	0	0	0	0	0	0
S(3,-3)Entropy	3.6024353	0	0	0	0	0	0	0	0	0	0	0	0	0	0	0
S(3,-3)DifVarnc	231.22841	0	0	0	0	0	0	0	0	0	0	0	0	0	0	0
S(3,-3)DifEntrp	1.7304535	0	0	0	0	0	0	0	0	0	0	0	0	0	0	0
_Area_S(4,0)	129024	0	0	0	0	0	0	0	0	0	0	0	0	0	0	0
S(4,0)AngScMom	0.00025533194	0	0	0	0	0	0	0	0	0	0	0	0	0	0	0
S(4,0)Contrast	687.50161	0	0	0	0	0	0	0	0	0	0	0	0	0	0	0
S(4,0)Correlat	0.005534407	0	0	0	0	0	0	0	0	0	0	0	0	0	0	0
S(4,0)SumOfSqs	345.66385	0	0	0	0	0	0	0	0	0	0	0	0	0	0	0
S(4,0)InvDfMom	0.047312506	0	0	0	0	0	0	0	0	0	0	0	0	0	0	0
S(4,0)SumAverg	63.927114	0	0	0	0	0	0	0	0	0	0	0	0	0	0	0
S(4,0)SumVarnc	695.15379	0	0	0	0	0	0	0	0	0	0	0	0	0	0	0
S(4,0)SumEntrp	2.026344	0	0	0	0	0	0	0	0	0	0	0	0	0	0	0
S(4,0)Entropy	3.6025235	0	0	0	0	0	0	0	0	0	0	0	0	0	0	0
S(4,0)DifVarnc	229.95471	0	0	0	0	0	0	0	0	0	0	0	0	0	0	0
S(4,0)DifEntrp	1.7283328	0	0	0	0	0	0	0	0	0	0	0	0	0	0	0
_Area_S(0,4)	129024	0	0	0	0	0	0	0	0	0	0	0	0	0	0	0
S(0,4)AngScMom	0.0002549869	0	0	0	0	0	0	0	0	0	0	0	0	0	0	0
S(0,4)Contrast	687.69384	0	0	0	0	0	0	0	0	0	0	0	0	0	0	0
S(0,4)Correlat	0.0051638464	0	0	0	0	0	0	0	0	0	0	0	0	0	0	0
S(0,4)SumOfSqs	345.63171	0	0	0	0	0	0	0	0	0	0	0	0	0	0	0
S(0,4)InvDfMom	0.047011715	0	0	0	0	0	0	0	0	0	0	0	0	0	0	0
S(0,4)SumAverg	63.918666	0	0	0	0	0	0	0	0	0	0	0	0	0	0	0
S(0,4)SumVarnc	694.833	0	0	0	0	0	0	0	0	0	0	0	0	0	0	0
S(0,4)SumEntrp	2.0261928	0	0	0	0	0	0	0	0	0	0	0	0	0	0	0
S(0,4)Entropy	3.602763	0	0	0	0	0	0	0	0	0	0	0	0	0	0	0
S(0,4)DifVarnc	229.19483	0	0	0	0	0	0	0	0	0	0	0	0	0	0	0
S(0,4)DifEntrp	1.7286816	0	0	0	0	0	0	0	0	0	0	0	0	0	0	0
_Area_S(4,4)	127008	0	0	0	0	0	0	0	0	0	0	0	0	0	0	0
S(4,4)AngScMom	0.00025518454	0	0	0	0	0	0	0	0	0	0	0	0	0	0	0
S(4,4)Contrast	689.4728	0	0	0	0	0	0	0	0	0	0	0	0	0	0	0
S(4,4)Correlat	0.0022459631	0	0	0	0	0	0	0	0	0	0	0	0	0	0	0
S(4,4)SumOfSqs	345.51241	0	0	0	0	0	0	0	0	0	0	0	0	0	0	0
S(4,4)InvDfMom	0.047210692	0	0	0	0	0	0	0	0	0	0	0	0	0	0	0
S(4,4)SumAverg	63.921281	0	0	0	0	0	0	0	0	0	0	0	0	0	0	0
S(4,4)SumVarnc	692.57684	0	0	0	0	0	0	0	0	0	0	0	0	0	0	0
S(4,4)SumEntrp	2.02578	0	0	0	0	0	0	0	0	0	0	0	0	0	0	0
S(4,4)Entropy	3.6026164	0	0	0	0	0	0	0	0	0	0	0	0	0	0	0
S(4,4)DifVarnc	230.35999	0	0	0	0	0	0	0	0	0	0	0	0	0	0	0
S(4,4)DifEntrp	1.7287924	0	0	0	0	0	0	0	0	0	0	0	0	0	0	0
_Area_S(4,-4)	127008	0	0	0	0	0	0	0	0	0	0	0	0	0	0	0
S(4,-4)AngScMom	0.000255296	0	0	0	0	0	0	0	0	0	0	0	0	0	0	0
S(4,-4)Contrast	689.42459	0	0	0	0	0	0	0	0	0	0	0	0	0	0	0
S(4,-4)Correlat	0.0022490422	0	0	0	0	0	0	0	0	0	0	0	0	0	0	0
S(4,-4)SumOfSqs	345.48931	0	0	0	0	0	0	0	0	0	0	0	0	0	0	0
S(4,-4)InvDfMom	0.047200825	0	0	0	0	0	0	0	0	0	0	0	0	0	0	0
S(4,-4)SumAverg	63.920588	0	0	0	0	0	0	0	0	0	0	0	0	0	0	0
S(4,-4)SumVarnc	692.53267	0	0	0	0	0	0	0	0	0	0	0	0	0	0	0
S(4,-4)SumEntrp	2.0256641	0	0	0	0	0	0	0	0	0	0	0	0	0	0	0
S(4,-4)Entropy	3.6024769	0	0	0	0	0	0	0	0	0	0	0	0	0	0	0
S(4,-4)DifVarnc	231.13873	0	0	0	0	0	0	0	0	0	0	0	0	0	0	0
S(4,-4)DifEntrp	1.7288623	0	0	0	0	0	0	0	0	0	0	0	0	0	0	0
_Area_S(5,0)	128512	0	0	0	0	0	0	0	0	0	0	0	0	0	0	0
S(5,0)AngScMom	0.00025506478	0	0	0	0	0	0	0	0	0	0	0	0	0	0	0
S(5,0)Contrast	684.42477	0	0	0	0	0	0	0	0	0	0	0	0	0	0	0
S(5,0)Correlat	0.010135406	0	0	0	0	0	0	0	0	0	0	0	0	0	0	0
S(5,0)SumOfSqs	345.71636	0	0	0	0	0	0	0	0	0	0	0	0	0	0	0
S(5,0)InvDfMom	0.047546066	0	0	0	0	0	0	0	0	0	0	0	0	0	0	0
S(5,0)SumAverg	63.93613	0	0	0	0	0	0	0	0	0	0	0	0	0	0	0
S(5,0)SumVarnc	698.44067	0	0	0	0	0	0	0	0	0	0	0	0	0	0	0
S(5,0)SumEntrp	2.026999	0	0	0	0	0	0	0	0	0	0	0	0	0	0	0
S(5,0)Entropy	3.602771	0	0	0	0	0	0	0	0	0	0	0	0	0	0	0
S(5,0)DifVarnc	228.43719	0	0	0	0	0	0	0	0	0	0	0	0	0	0	0
S(5,0)DifEntrp	1.7277607	0	0	0	0	0	0	0	0	0	0	0	0	0	0	0
_Area_S(0,5)	128512	0	0	0	0	0	0	0	0	0	0	0	0	0	0	0
S(0,5)AngScMom	0.00025520041	0	0	0	0	0	0	0	0	0	0	0	0	0	0	0
S(0,5)Contrast	693.12506	0	0	0	0	0	0	0	0	0	0	0	0	0	0	0
S(0,5)Correlat	-0.0023232295	0	0	0	0	0	0	0	0	0	0	0	0	0	0	0
S(0,5)SumOfSqs	345.75925	0	0	0	0	0	0	0	0	0	0	0	0	0	0	0
S(0,5)InvDfMom	0.046471445	0	0	0	0	0	0	0	0	0	0	0	0	0	0	0
S(0,5)SumAverg	63.921719	0	0	0	0	0	0	0	0	0	0	0	0	0	0	0
S(0,5)SumVarnc	689.91195	0	0	0	0	0	0	0	0	0	0	0	0	0	0	0
S(0,5)SumEntrp	2.0250221	0	0	0	0	0	0	0	0	0	0	0	0	0	0	0
S(0,5)Entropy	3.6025899	0	0	0	0	0	0	0	0	0	0	0	0	0	0	0
S(0,5)DifVarnc	230.65688	0	0	0	0	0	0	0	0	0	0	0	0	0	0	0
S(0,5)DifEntrp	1.7295928	0	0	0	0	0	0	0	0	0	0	0	0	0	0	0
_Area_S(5,5)	126002	0	0	0	0	0	0	0	0	0	0	0	0	0	0	0
S(5,5)AngScMom	0.00025486026	0	0	0	0	0	0	0	0	0	0	0	0	0	0	0
S(5,5)Contrast	694.71343	0	0	0	0	0	0	0	0	0	0	0	0	0	0	0
S(5,5)Correlat	-0.0047297715	0	0	0	0	0	0	0	0	0	0	0	0	0	0	0
S(5,5)SumOfSqs	345.72153	0	0	0	0	0	0	0	0	0	0	0	0	0	0	0
S(5,5)InvDfMom	0.045865291	0	0	0	0	0	0	0	0	0	0	0	0	0	0	0
S(5,5)SumAverg	63.93516	0	0	0	0	0	0	0	0	0	0	0	0	0	0	0
S(5,5)SumVarnc	688.1727	0	0	0	0	0	0	0	0	0	0	0	0	0	0	0
S(5,5)SumEntrp	2.0245184	0	0	0	0	0	0	0	0	0	0	0	0	0	0	0
S(5,5)Entropy	3.6029057	0	0	0	0	0	0	0	0	0	0	0	0	0	0	0
S(5,5)DifVarnc	231.16059	0	0	0	0	0	0	0	0	0	0	0	0	0	0	0
S(5,5)DifEntrp	1.7299464	0	0	0	0	0	0	0	0	0	0	0	0	0	0	0
_Area_S(5,-5)	126002	0	0	0	0	0	0	0	0	0	0	0	0	0	0	0
S(5,-5)AngScMom	0.00025546846	0	0	0	0	0	0	0	0	0	0	0	0	0	0	0
S(5,-5)Contrast	691.37639	0	0	0	0	0	0	0	0	0	0	0	0	0	0	0
S(5,-5)Correlat	-2.842057e-05	0	0	0	0	0	0	0	0	0	0	0	0	0	0	0
S(5,-5)SumOfSqs	345.67837	0	0	0	0	0	0	0	0	0	0	0	0	0	0	0
S(5,-5)InvDfMom	0.046811367	0	0	0	0	0	0	0	0	0	0	0	0	0	0	0
S(5,-5)SumAverg	63.932414	0	0	0	0	0	0	0	0	0	0	0	0	0	0	0
S(5,-5)SumVarnc	691.33709	0	0	0	0	0	0	0	0	0	0	0	0	0	0	0
S(5,-5)SumEntrp	2.0253868	0	0	0	0	0	0	0	0	0	0	0	0	0	0	0
S(5,-5)Entropy	3.6023391	0	0	0	0	0	0	0	0	0	0	0	0	0	0	0
S(5,-5)DifVarnc	231.16047	0	0	0	0	0	0	0	0	0	0	0	0	0	0	0
S(5,-5)DifEntrp	1.7292855	0	0	0	0	0	0	0	0	0	0	0	0	0	0	0
Horzl_RLNonUni	62158.64	0	0	0	0	0	0	0	0	0	0	0	0	0	0	0
Horzl_GLevNonU	1011.8767	0	0	0	0	0	0	0	0	0	0	0	0	0	0	0
Horzl_LngREmph	1.0548945	0	0	0	0	0	0	0	0	0	0	0	0	0	0	0
Horzl_ShrtREmp	0.98678605	0	0	0	0	0	0	0	0	0	0	0	0	0	0	0
Horzl_Fraction	0.98233032	0	0	0	0	0	0	0	0	0	0	0	0	0	0	0
Vertl_RLNonUni	62401.233	0	0	0	0	0	0	0	0	0	0	0	0	0	0	0
Vertl_GLevNonU	1013.9499	0	0	0	0	0	0	0	0	0	0	0	0	0	0	0
Vertl_LngREmph	1.0495851	0	0	0	0	0	0	0	0	0	0	0	0	0	0	0
Vertl_ShrtREmp	0.98772435	0	0	0	0	0	0	0	0	0	0	0	0	0	0	0
Vertl_Fraction	0.98381042	0	0	0	0	0	0	0	0	0	0	0	0	0	0	0
45dgr_RLNonUni	62462.429	0	0	0	0	0	0	0	0	0	0	0	0	0	0	0
45dgr_GLevNonU	1013.9188	0	0	0	0	0	0	0	0	0	0	0	0	0	0	0
45dgr_LngREmph	1.0491859	0	0	0	0	0	0	0	0	0	0	0	0	0	0	0
45dgr_ShrtREmp	0.98798834	0	0	0	0	0	0	0	0	0	0	0	0	0	0	0
45dgr_Fraction	0.98403931	0	0	0	0	0	0	0	0	0	0	0	0	0	0	0
135dr_RLNonUni	62384.891	0	0	0	0	0	0	0	0	0	0	0	0	0	0	0
135dr_GLevNonU	1013.5405	0	0	0	0	0	0	0	0	0	0	0	0	0	0	0
135dr_LngREmph	1.0506508	0	0	0	0	0	0	0	0	0	0	0	0	0	0	0
135dr_ShrtREmp	0.98768204	0	0	0	0	0	0	0	0	0	0	0	0	0	0	0
135dr_Fraction	0.9835968	0	0	0	0	0	0	0	0	0	0	0	0	0	0	0
_AreaGr	64516	0	0	0	0	0	0	0	0	0	0	0	0	0	0	0
GrMean	8.3237529	0	0	0	0	0	0	0	0	0	0	0	0	0	0	0
GrVariance	15.740418	0	0	0	0	0	0	0	0	0	0	0	0	0	0	0
GrSkewness	0.17773042	0	0	0	0	0	0	0	0	0	0	0	0	0	0	0
GrKurtosis	-0.68249639	0	0	0	0	0	0	0	0	0	0	0	0	0	0	0
GrNonZeros	0.99590799	0	0	0	0	0	0	0	0	0	0	0	0	0	0	0
_AreaARM	64770	0	0	0	0	0	0	0	0	0	0	0	0	0	0	0
Teta1	0.042742944	0	0	0	0	0	0	0	0	0	0	0	0	0	0	0
Teta2	0.0071991569	0	0	0	0	0	0	0	0	0	0	0	0	0	0	0
Teta3	0.0049511529	0	0	0	0	0	0	0	0	0	0	0	0	0	0	0
Teta4	0.008166118	0	0	0	0	0	0	0	0	0	0	0	0	0	0	0
Sigma	0.99877613	0	0	0	0	0	0	0	0	0	0	0	0	0	0	0
WavEnLL_s-1	17146.969	0	0	0	0	0	0	0	0	0	0	0	0	0	0	0
WavEnLH_s-1	1427.9992	0	0	0	0	0	0	0	0	0	0	0	0	0	0	0
WavEnHL_s-1	1336.8084	0	0	0	0	0	0	0	0	0	0	0	0	0	0	0
WavEnHH_s-1	1337.7796	0	0	0	0	0	0	0	0	0	0	0	0	0	0	0
WavEnLL_s-2	16091.187	0	0	0	0	0	0	0	0	0	0	0	0	0	0	0
WavEnLH_s-2	394.07467	0	0	0	0	0	0	0	0	0	0	0	0	0	0	0
WavEnHL_s-2	339.88581	0	0	0	0	0	0	0	0	0	0	0	0	0	0	0
WavEnHH_s-2	321.82218	0	0	0	0	0	0	0	0	0	0	0	0	0	0	0
WavEnLL_s-3	15810.233	0	0	0	0	0	0	0	0	0	0	0	0	0	0	0
WavEnLH_s-3	104.83173	0	0	0	0	0	0	0	0	0	0	0	0	0	0	0
WavEnHL_s-3	88.721863	0	0	0	0	0	0	0	0	0	0	0	0	0	0	0
WavEnHH_s-3	87.400075	0	0	0	0	0	0	0	0	0	0	0	0	0	0	0
WavEnLL_s-4	15734.294	0	0	0	0	0	0	0	0	0	0	0	0	0	0	0
WavEnLH_s-4	23.337476	0	0	0	0	0	0	0	0	0	0	0	0	0	0	0
WavEnHL_s-4	27.675271	0	0	0	0	0	0	0	0	0	0	0	0	0	0	0
WavEnHH_s-4	24.926717	0	0	0	0	0	0	0	0	0	0	0	0	0	0	0
