Image File: cushion1-a-p040.png 
ROI File: allred.roi 
Image size: 256 x 256
Min. lum.: 1
Max. lum.: 256
Bits/pixel: 8

Normalisation =  No
Histogram analysis = Yes
CO matrix analysis = Yes, Dimensions = 6 x 6, Distances = 1 2 3 4 5
RL matrix analysis = Yes, Dimension = 6
Gradient analysis = Yes, Max pixel value = 16
AR model analysis = Yes
Wavelet analysis = Yes

--------------- CLASS NAMES ----------------

----------------- FEATURES -----------------
_Area	65536	0	0	0	0	0	0	0	0	0	0	0	0	0	0	0
Mean	134.65515	0	0	0	0	0	0	0	0	0	0	0	0	0	0	0
Variance	5372.3646	0	0	0	0	0	0	0	0	0	0	0	0	0	0	0
Skewness	-0.079049477	0	0	0	0	0	0	0	0	0	0	0	0	0	0	0
Kurtosis	-1.1858726	0	0	0	0	0	0	0	0	0	0	0	0	0	0	0
Perc.01%	4	0	0	0	0	0	0	0	0	0	0	0	0	0	0	0
Perc.10%	31	0	0	0	0	0	0	0	0	0	0	0	0	0	0	0
Perc.50%	136	0	0	0	0	0	0	0	0	0	0	0	0	0	0	0
Perc.90%	235	0	0	0	0	0	0	0	0	0	0	0	0	0	0	0
Perc.99%	254	0	0	0	0	0	0	0	0	0	0	0	0	0	0	0
_Area_S(1,0)	130560	0	0	0	0	0	0	0	0	0	0	0	0	0	0	0
S(1,0)AngScMom	0.00026936509	0	0	0	0	0	0	0	0	0	0	0	0	0	0	0
S(1,0)Contrast	643.04816	0	0	0	0	0	0	0	0	0	0	0	0	0	0	0
S(1,0)Correlat	0.041278468	0	0	0	0	0	0	0	0	0	0	0	0	0	0	0
S(1,0)SumOfSqs	335.36754	0	0	0	0	0	0	0	0	0	0	0	0	0	0	0
S(1,0)InvDfMom	0.052005136	0	0	0	0	0	0	0	0	0	0	0	0	0	0	0
S(1,0)SumAverg	68.035907	0	0	0	0	0	0	0	0	0	0	0	0	0	0	0
S(1,0)SumVarnc	698.422	0	0	0	0	0	0	0	0	0	0	0	0	0	0	0
S(1,0)SumEntrp	2.02707	0	0	0	0	0	0	0	0	0	0	0	0	0	0	0
S(1,0)Entropy	3.5909701	0	0	0	0	0	0	0	0	0	0	0	0	0	0	0
S(1,0)DifVarnc	218.07701	0	0	0	0	0	0	0	0	0	0	0	0	0	0	0
S(1,0)DifEntrp	1.7153794	0	0	0	0	0	0	0	0	0	0	0	0	0	0	0
_Area_S(0,1)	130560	0	0	0	0	0	0	0	0	0	0	0	0	0	0	0
S(0,1)AngScMom	0.0002635055	0	0	0	0	0	0	0	0	0	0	0	0	0	0	0
S(0,1)Contrast	672.60706	0	0	0	0	0	0	0	0	0	0	0	0	0	0	0
S(0,1)Correlat	-0.0033350813	0	0	0	0	0	0	0	0	0	0	0	0	0	0	0
S(0,1)SumOfSqs	335.18566	0	0	0	0	0	0	0	0	0	0	0	0	0	0	0
S(0,1)InvDfMom	0.046790639	0	0	0	0	0	0	0	0	0	0	0	0	0	0	0
S(0,1)SumAverg	68.041896	0	0	0	0	0	0	0	0	0	0	0	0	0	0	0
S(0,1)SumVarnc	668.13558	0	0	0	0	0	0	0	0	0	0	0	0	0	0	0
S(0,1)SumEntrp	2.017947	0	0	0	0	0	0	0	0	0	0	0	0	0	0	0
S(0,1)Entropy	3.5952983	0	0	0	0	0	0	0	0	0	0	0	0	0	0	0
S(0,1)DifVarnc	224.5047	0	0	0	0	0	0	0	0	0	0	0	0	0	0	0
S(0,1)DifEntrp	1.72393	0	0	0	0	0	0	0	0	0	0	0	0	0	0	0
_Area_S(1,1)	130050	0	0	0	0	0	0	0	0	0	0	0	0	0	0	0
S(1,1)AngScMom	0.00026385451	0	0	0	0	0	0	0	0	0	0	0	0	0	0	0
S(1,1)Contrast	672.1467	0	0	0	0	0	0	0	0	0	0	0	0	0	0	0
S(1,1)Correlat	-0.0027424784	0	0	0	0	0	0	0	0	0	0	0	0	0	0	0
S(1,1)SumOfSqs	335.1542	0	0	0	0	0	0	0	0	0	0	0	0	0	0	0
S(1,1)InvDfMom	0.046815137	0	0	0	0	0	0	0	0	0	0	0	0	0	0	0
S(1,1)SumAverg	68.03837	0	0	0	0	0	0	0	0	0	0	0	0	0	0	0
S(1,1)SumVarnc	668.47008	0	0	0	0	0	0	0	0	0	0	0	0	0	0	0
S(1,1)SumEntrp	2.0183285	0	0	0	0	0	0	0	0	0	0	0	0	0	0	0
S(1,1)Entropy	3.5949669	0	0	0	0	0	0	0	0	0	0	0	0	0	0	0
S(1,1)DifVarnc	224.4063	0	0	0	0	0	0	0	0	0	0	0	0	0	0	0
S(1,1)DifEntrp	1.7233916	0	0	0	0	0	0	0	0	0	0	0	0	0	0	0
_Area_S(1,-1)	130050	0	0	0	0	0	0	0	0	0	0	0	0	0	0	0
S(1,-1)AngScMom	0.0002632804	0	0	0	0	0	0	0	0	0	0	0	0	0	0	0
S(1,-1)Contrast	673.44315	0	0	0	0	0	0	0	0	0	0	0	0	0	0	0
S(1,-1)Correlat	-0.0046982386	0	0	0	0	0	0	0	0	0	0	0	0	0	0	0
S(1,-1)SumOfSqs	335.14698	0	0	0	0	0	0	0	0	0	0	0	0	0	0	0
S(1,-1)InvDfMom	0.047121789	0	0	0	0	0	0	0	0	0	0	0	0	0	0	0
S(1,-1)SumAverg	68.038739	0	0	0	0	0	0	0	0	0	0	0	0	0	0	0
S(1,-1)SumVarnc	667.14475	0	0	0	0	0	0	0	0	0	0	0	0	0	0	0
S(1,-1)SumEntrp	2.0181119	0	0	0	0	0	0	0	0	0	0	0	0	0	0	0
S(1,-1)Entropy	3.5954205	0	0	0	0	0	0	0	0	0	0	0	0	0	0	0
S(1,-1)DifVarnc	225.24967	0	0	0	0	0	0	0	0	0	0	0	0	0	0	0
S(1,-1)DifEntrp	1.7240246	0	0	0	0	0	0	0	0	0	0	0	0	0	0	0
_Area_S(2,0)	130048	0	0	0	0	0	0	0	0	0	0	0	0	0	0	0
S(2,0)AngScMom	0.00026490434	0	0	0	0	0	0	0	0	0	0	0	0	0	0	0
S(2,0)Contrast	653.89644	0	0	0	0	0	0	0	0	0	0	0	0	0	0	0
S(2,0)Correlat	0.025296452	0	0	0	0	0	0	0	0	0	0	0	0	0	0	0
S(2,0)SumOfSqs	335.4335	0	0	0	0	0	0	0	0	0	0	0	0	0	0	0
S(2,0)InvDfMom	0.050144161	0	0	0	0	0	0	0	0	0	0	0	0	0	0	0
S(2,0)SumAverg	68.030696	0	0	0	0	0	0	0	0	0	0	0	0	0	0	0
S(2,0)SumVarnc	687.83755	0	0	0	0	0	0	0	0	0	0	0	0	0	0	0
S(2,0)SumEntrp	2.0240466	0	0	0	0	0	0	0	0	0	0	0	0	0	0	0
S(2,0)Entropy	3.5944169	0	0	0	0	0	0	0	0	0	0	0	0	0	0	0
S(2,0)DifVarnc	220.1228	0	0	0	0	0	0	0	0	0	0	0	0	0	0	0
S(2,0)DifEntrp	1.7190417	0	0	0	0	0	0	0	0	0	0	0	0	0	0	0
_Area_S(0,2)	130048	0	0	0	0	0	0	0	0	0	0	0	0	0	0	0
S(0,2)AngScMom	0.00026383188	0	0	0	0	0	0	0	0	0	0	0	0	0	0	0
S(0,2)Contrast	674.97501	0	0	0	0	0	0	0	0	0	0	0	0	0	0	0
S(0,2)Correlat	-0.0071330881	0	0	0	0	0	0	0	0	0	0	0	0	0	0	0
S(0,2)SumOfSqs	335.09723	0	0	0	0	0	0	0	0	0	0	0	0	0	0	0
S(0,2)InvDfMom	0.04751469	0	0	0	0	0	0	0	0	0	0	0	0	0	0	0
S(0,2)SumAverg	68.021392	0	0	0	0	0	0	0	0	0	0	0	0	0	0	0
S(0,2)SumVarnc	665.4139	0	0	0	0	0	0	0	0	0	0	0	0	0	0	0
S(0,2)SumEntrp	2.0175241	0	0	0	0	0	0	0	0	0	0	0	0	0	0	0
S(0,2)Entropy	3.5950194	0	0	0	0	0	0	0	0	0	0	0	0	0	0	0
S(0,2)DifVarnc	224.33297	0	0	0	0	0	0	0	0	0	0	0	0	0	0	0
S(0,2)DifEntrp	1.7244552	0	0	0	0	0	0	0	0	0	0	0	0	0	0	0
_Area_S(2,2)	129032	0	0	0	0	0	0	0	0	0	0	0	0	0	0	0
S(2,2)AngScMom	0.00026376372	0	0	0	0	0	0	0	0	0	0	0	0	0	0	0
S(2,2)Contrast	668.62803	0	0	0	0	0	0	0	0	0	0	0	0	0	0	0
S(2,2)Correlat	0.00243622	0	0	0	0	0	0	0	0	0	0	0	0	0	0	0
S(2,2)SumOfSqs	335.13047	0	0	0	0	0	0	0	0	0	0	0	0	0	0	0
S(2,2)InvDfMom	0.047025033	0	0	0	0	0	0	0	0	0	0	0	0	0	0	0
S(2,2)SumAverg	68.013206	0	0	0	0	0	0	0	0	0	0	0	0	0	0	0
S(2,2)SumVarnc	671.89384	0	0	0	0	0	0	0	0	0	0	0	0	0	0	0
S(2,2)SumEntrp	2.0192937	0	0	0	0	0	0	0	0	0	0	0	0	0	0	0
S(2,2)Entropy	3.5950189	0	0	0	0	0	0	0	0	0	0	0	0	0	0	0
S(2,2)DifVarnc	222.83543	0	0	0	0	0	0	0	0	0	0	0	0	0	0	0
S(2,2)DifEntrp	1.7226094	0	0	0	0	0	0	0	0	0	0	0	0	0	0	0
_Area_S(2,-2)	129032	0	0	0	0	0	0	0	0	0	0	0	0	0	0	0
S(2,-2)AngScMom	0.00026358486	0	0	0	0	0	0	0	0	0	0	0	0	0	0	0
S(2,-2)Contrast	664.81716	0	0	0	0	0	0	0	0	0	0	0	0	0	0	0
S(2,-2)Correlat	0.0081130538	0	0	0	0	0	0	0	0	0	0	0	0	0	0	0
S(2,-2)SumOfSqs	335.12749	0	0	0	0	0	0	0	0	0	0	0	0	0	0	0
S(2,-2)InvDfMom	0.048981324	0	0	0	0	0	0	0	0	0	0	0	0	0	0	0
S(2,-2)SumAverg	68.013578	0	0	0	0	0	0	0	0	0	0	0	0	0	0	0
S(2,-2)SumVarnc	675.69279	0	0	0	0	0	0	0	0	0	0	0	0	0	0	0
S(2,-2)SumEntrp	2.0203043	0	0	0	0	0	0	0	0	0	0	0	0	0	0	0
S(2,-2)Entropy	3.5952655	0	0	0	0	0	0	0	0	0	0	0	0	0	0	0
S(2,-2)DifVarnc	223.39782	0	0	0	0	0	0	0	0	0	0	0	0	0	0	0
S(2,-2)DifEntrp	1.721835	0	0	0	0	0	0	0	0	0	0	0	0	0	0	0
_Area_S(3,0)	129536	0	0	0	0	0	0	0	0	0	0	0	0	0	0	0
S(3,0)AngScMom	0.00026479895	0	0	0	0	0	0	0	0	0	0	0	0	0	0	0
S(3,0)Contrast	654.74781	0	0	0	0	0	0	0	0	0	0	0	0	0	0	0
S(3,0)Correlat	0.023871607	0	0	0	0	0	0	0	0	0	0	0	0	0	0	0
S(3,0)SumOfSqs	335.37996	0	0	0	0	0	0	0	0	0	0	0	0	0	0	0
S(3,0)InvDfMom	0.049512472	0	0	0	0	0	0	0	0	0	0	0	0	0	0	0
S(3,0)SumAverg	68.035666	0	0	0	0	0	0	0	0	0	0	0	0	0	0	0
S(3,0)SumVarnc	686.77204	0	0	0	0	0	0	0	0	0	0	0	0	0	0	0
S(3,0)SumEntrp	2.023546	0	0	0	0	0	0	0	0	0	0	0	0	0	0	0
S(3,0)Entropy	3.5943501	0	0	0	0	0	0	0	0	0	0	0	0	0	0	0
S(3,0)DifVarnc	220.30649	0	0	0	0	0	0	0	0	0	0	0	0	0	0	0
S(3,0)DifEntrp	1.7190122	0	0	0	0	0	0	0	0	0	0	0	0	0	0	0
_Area_S(0,3)	129536	0	0	0	0	0	0	0	0	0	0	0	0	0	0	0
S(0,3)AngScMom	0.00026367461	0	0	0	0	0	0	0	0	0	0	0	0	0	0	0
S(0,3)Contrast	675.56128	0	0	0	0	0	0	0	0	0	0	0	0	0	0	0
S(0,3)Correlat	-0.0080033219	0	0	0	0	0	0	0	0	0	0	0	0	0	0	0
S(0,3)SumOfSqs	335.09874	0	0	0	0	0	0	0	0	0	0	0	0	0	0	0
S(0,3)InvDfMom	0.047554939	0	0	0	0	0	0	0	0	0	0	0	0	0	0	0
S(0,3)SumAverg	68.009619	0	0	0	0	0	0	0	0	0	0	0	0	0	0	0
S(0,3)SumVarnc	664.83367	0	0	0	0	0	0	0	0	0	0	0	0	0	0	0
S(0,3)SumEntrp	2.0168858	0	0	0	0	0	0	0	0	0	0	0	0	0	0	0
S(0,3)Entropy	3.5951701	0	0	0	0	0	0	0	0	0	0	0	0	0	0	0
S(0,3)DifVarnc	225.64235	0	0	0	0	0	0	0	0	0	0	0	0	0	0	0
S(0,3)DifEntrp	1.724701	0	0	0	0	0	0	0	0	0	0	0	0	0	0	0
_Area_S(3,3)	128018	0	0	0	0	0	0	0	0	0	0	0	0	0	0	0
S(3,3)AngScMom	0.00026395872	0	0	0	0	0	0	0	0	0	0	0	0	0	0	0
S(3,3)Contrast	668.19552	0	0	0	0	0	0	0	0	0	0	0	0	0	0	0
S(3,3)Correlat	0.0029767269	0	0	0	0	0	0	0	0	0	0	0	0	0	0	0
S(3,3)SumOfSqs	335.09525	0	0	0	0	0	0	0	0	0	0	0	0	0	0	0
S(3,3)InvDfMom	0.047278724	0	0	0	0	0	0	0	0	0	0	0	0	0	0	0
S(3,3)SumAverg	68.007296	0	0	0	0	0	0	0	0	0	0	0	0	0	0	0
S(3,3)SumVarnc	672.18547	0	0	0	0	0	0	0	0	0	0	0	0	0	0	0
S(3,3)SumEntrp	2.0193515	0	0	0	0	0	0	0	0	0	0	0	0	0	0	0
S(3,3)Entropy	3.5950445	0	0	0	0	0	0	0	0	0	0	0	0	0	0	0
S(3,3)DifVarnc	222.93732	0	0	0	0	0	0	0	0	0	0	0	0	0	0	0
S(3,3)DifEntrp	1.7228009	0	0	0	0	0	0	0	0	0	0	0	0	0	0	0
_Area_S(3,-3)	128018	0	0	0	0	0	0	0	0	0	0	0	0	0	0	0
S(3,-3)AngScMom	0.00026358992	0	0	0	0	0	0	0	0	0	0	0	0	0	0	0
S(3,-3)Contrast	668.38454	0	0	0	0	0	0	0	0	0	0	0	0	0	0	0
S(3,-3)Correlat	0.0026249117	0	0	0	0	0	0	0	0	0	0	0	0	0	0	0
S(3,-3)SumOfSqs	335.0718	0	0	0	0	0	0	0	0	0	0	0	0	0	0	0
S(3,-3)InvDfMom	0.048393403	0	0	0	0	0	0	0	0	0	0	0	0	0	0	0
S(3,-3)SumAverg	68.007561	0	0	0	0	0	0	0	0	0	0	0	0	0	0	0
S(3,-3)SumVarnc	671.90268	0	0	0	0	0	0	0	0	0	0	0	0	0	0	0
S(3,-3)SumEntrp	2.019258	0	0	0	0	0	0	0	0	0	0	0	0	0	0	0
S(3,-3)Entropy	3.5951216	0	0	0	0	0	0	0	0	0	0	0	0	0	0	0
S(3,-3)DifVarnc	224.24319	0	0	0	0	0	0	0	0	0	0	0	0	0	0	0
S(3,-3)DifEntrp	1.7225224	0	0	0	0	0	0	0	0	0	0	0	0	0	0	0
_Area_S(4,0)	129024	0	0	0	0	0	0	0	0	0	0	0	0	0	0	0
S(4,0)AngScMom	0.00026365863	0	0	0	0	0	0	0	0	0	0	0	0	0	0	0
S(4,0)Contrast	673.33569	0	0	0	0	0	0	0	0	0	0	0	0	0	0	0
S(4,0)Correlat	-0.003521189	0	0	0	0	0	0	0	0	0	0	0	0	0	0	0
S(4,0)SumOfSqs	335.48653	0	0	0	0	0	0	0	0	0	0	0	0	0	0	0
S(4,0)InvDfMom	0.048007029	0	0	0	0	0	0	0	0	0	0	0	0	0	0	0
S(4,0)SumAverg	68.036737	0	0	0	0	0	0	0	0	0	0	0	0	0	0	0
S(4,0)SumVarnc	668.61044	0	0	0	0	0	0	0	0	0	0	0	0	0	0	0
S(4,0)SumEntrp	2.0186369	0	0	0	0	0	0	0	0	0	0	0	0	0	0	0
S(4,0)Entropy	3.5952528	0	0	0	0	0	0	0	0	0	0	0	0	0	0	0
S(4,0)DifVarnc	224.2889	0	0	0	0	0	0	0	0	0	0	0	0	0	0	0
S(4,0)DifEntrp	1.7239874	0	0	0	0	0	0	0	0	0	0	0	0	0	0	0
_Area_S(0,4)	129024	0	0	0	0	0	0	0	0	0	0	0	0	0	0	0
S(0,4)AngScMom	0.00026355291	0	0	0	0	0	0	0	0	0	0	0	0	0	0	0
S(0,4)Contrast	669.64055	0	0	0	0	0	0	0	0	0	0	0	0	0	0	0
S(0,4)Correlat	0.00080485188	0	0	0	0	0	0	0	0	0	0	0	0	0	0	0
S(0,4)SumOfSqs	335.08997	0	0	0	0	0	0	0	0	0	0	0	0	0	0	0
S(0,4)InvDfMom	0.047466871	0	0	0	0	0	0	0	0	0	0	0	0	0	0	0
S(0,4)SumAverg	68.003984	0	0	0	0	0	0	0	0	0	0	0	0	0	0	0
S(0,4)SumVarnc	670.71934	0	0	0	0	0	0	0	0	0	0	0	0	0	0	0
S(0,4)SumEntrp	2.0188467	0	0	0	0	0	0	0	0	0	0	0	0	0	0	0
S(0,4)Entropy	3.595244	0	0	0	0	0	0	0	0	0	0	0	0	0	0	0
S(0,4)DifVarnc	223.90459	0	0	0	0	0	0	0	0	0	0	0	0	0	0	0
S(0,4)DifEntrp	1.7231363	0	0	0	0	0	0	0	0	0	0	0	0	0	0	0
_Area_S(4,4)	127008	0	0	0	0	0	0	0	0	0	0	0	0	0	0	0
S(4,4)AngScMom	0.00026389248	0	0	0	0	0	0	0	0	0	0	0	0	0	0	0
S(4,4)Contrast	668.22962	0	0	0	0	0	0	0	0	0	0	0	0	0	0	0
S(4,4)Correlat	0.0032197314	0	0	0	0	0	0	0	0	0	0	0	0	0	0	0
S(4,4)SumOfSqs	335.19405	0	0	0	0	0	0	0	0	0	0	0	0	0	0	0
S(4,4)InvDfMom	0.047776544	0	0	0	0	0	0	0	0	0	0	0	0	0	0	0
S(4,4)SumAverg	68.004157	0	0	0	0	0	0	0	0	0	0	0	0	0	0	0
S(4,4)SumVarnc	672.54656	0	0	0	0	0	0	0	0	0	0	0	0	0	0	0
S(4,4)SumEntrp	2.0194986	0	0	0	0	0	0	0	0	0	0	0	0	0	0	0
S(4,4)Entropy	3.5950051	0	0	0	0	0	0	0	0	0	0	0	0	0	0	0
S(4,4)DifVarnc	222.71548	0	0	0	0	0	0	0	0	0	0	0	0	0	0	0
S(4,4)DifEntrp	1.7226588	0	0	0	0	0	0	0	0	0	0	0	0	0	0	0
_Area_S(4,-4)	127008	0	0	0	0	0	0	0	0	0	0	0	0	0	0	0
S(4,-4)AngScMom	0.00026395224	0	0	0	0	0	0	0	0	0	0	0	0	0	0	0
S(4,-4)Contrast	667.36795	0	0	0	0	0	0	0	0	0	0	0	0	0	0	0
S(4,-4)Correlat	0.0044171968	0	0	0	0	0	0	0	0	0	0	0	0	0	0	0
S(4,-4)SumOfSqs	335.16446	0	0	0	0	0	0	0	0	0	0	0	0	0	0	0
S(4,-4)InvDfMom	0.046613483	0	0	0	0	0	0	0	0	0	0	0	0	0	0	0
S(4,-4)SumAverg	68.002866	0	0	0	0	0	0	0	0	0	0	0	0	0	0	0
S(4,-4)SumVarnc	673.28989	0	0	0	0	0	0	0	0	0	0	0	0	0	0	0
S(4,-4)SumEntrp	2.0196607	0	0	0	0	0	0	0	0	0	0	0	0	0	0	0
S(4,-4)Entropy	3.5948072	0	0	0	0	0	0	0	0	0	0	0	0	0	0	0
S(4,-4)DifVarnc	223.09603	0	0	0	0	0	0	0	0	0	0	0	0	0	0	0
S(4,-4)DifEntrp	1.7222482	0	0	0	0	0	0	0	0	0	0	0	0	0	0	0
_Area_S(5,0)	128512	0	0	0	0	0	0	0	0	0	0	0	0	0	0	0
S(5,0)AngScMom	0.00026400737	0	0	0	0	0	0	0	0	0	0	0	0	0	0	0
S(5,0)Contrast	668.28886	0	0	0	0	0	0	0	0	0	0	0	0	0	0	0
S(5,0)Correlat	0.0042583914	0	0	0	0	0	0	0	0	0	0	0	0	0	0	0
S(5,0)SumOfSqs	335.57343	0	0	0	0	0	0	0	0	0	0	0	0	0	0	0
S(5,0)InvDfMom	0.04759612	0	0	0	0	0	0	0	0	0	0	0	0	0	0	0
S(5,0)SumAverg	68.036993	0	0	0	0	0	0	0	0	0	0	0	0	0	0	0
S(5,0)SumVarnc	674.00487	0	0	0	0	0	0	0	0	0	0	0	0	0	0	0
S(5,0)SumEntrp	2.0199418	0	0	0	0	0	0	0	0	0	0	0	0	0	0	0
S(5,0)Entropy	3.5949297	0	0	0	0	0	0	0	0	0	0	0	0	0	0	0
S(5,0)DifVarnc	224.32882	0	0	0	0	0	0	0	0	0	0	0	0	0	0	0
S(5,0)DifEntrp	1.7226122	0	0	0	0	0	0	0	0	0	0	0	0	0	0	0
_Area_S(0,5)	128512	0	0	0	0	0	0	0	0	0	0	0	0	0	0	0
S(0,5)AngScMom	0.00026387501	0	0	0	0	0	0	0	0	0	0	0	0	0	0	0
S(0,5)Contrast	671.77442	0	0	0	0	0	0	0	0	0	0	0	0	0	0	0
S(0,5)Correlat	-0.0023396959	0	0	0	0	0	0	0	0	0	0	0	0	0	0	0
S(0,5)SumOfSqs	335.10317	0	0	0	0	0	0	0	0	0	0	0	0	0	0	0
S(0,5)InvDfMom	0.04767548	0	0	0	0	0	0	0	0	0	0	0	0	0	0	0
S(0,5)SumAverg	68.008793	0	0	0	0	0	0	0	0	0	0	0	0	0	0	0
S(0,5)SumVarnc	668.63826	0	0	0	0	0	0	0	0	0	0	0	0	0	0	0
S(0,5)SumEntrp	2.0185003	0	0	0	0	0	0	0	0	0	0	0	0	0	0	0
S(0,5)Entropy	3.5950103	0	0	0	0	0	0	0	0	0	0	0	0	0	0	0
S(0,5)DifVarnc	223.49252	0	0	0	0	0	0	0	0	0	0	0	0	0	0	0
S(0,5)DifEntrp	1.7234742	0	0	0	0	0	0	0	0	0	0	0	0	0	0	0
_Area_S(5,5)	126002	0	0	0	0	0	0	0	0	0	0	0	0	0	0	0
S(5,5)AngScMom	0.00026433779	0	0	0	0	0	0	0	0	0	0	0	0	0	0	0
S(5,5)Contrast	671.53664	0	0	0	0	0	0	0	0	0	0	0	0	0	0	0
S(5,5)Correlat	-0.0014051215	0	0	0	0	0	0	0	0	0	0	0	0	0	0	0
S(5,5)SumOfSqs	335.29719	0	0	0	0	0	0	0	0	0	0	0	0	0	0	0
S(5,5)InvDfMom	0.046361843	0	0	0	0	0	0	0	0	0	0	0	0	0	0	0
S(5,5)SumAverg	68.010889	0	0	0	0	0	0	0	0	0	0	0	0	0	0	0
S(5,5)SumVarnc	669.65211	0	0	0	0	0	0	0	0	0	0	0	0	0	0	0
S(5,5)SumEntrp	2.0186149	0	0	0	0	0	0	0	0	0	0	0	0	0	0	0
S(5,5)Entropy	3.5946106	0	0	0	0	0	0	0	0	0	0	0	0	0	0	0
S(5,5)DifVarnc	222.61013	0	0	0	0	0	0	0	0	0	0	0	0	0	0	0
S(5,5)DifEntrp	1.7235918	0	0	0	0	0	0	0	0	0	0	0	0	0	0	0
_Area_S(5,-5)	126002	0	0	0	0	0	0	0	0	0	0	0	0	0	0	0
S(5,-5)AngScMom	0.00026397247	0	0	0	0	0	0	0	0	0	0	0	0	0	0	0
S(5,-5)Contrast	675.4268	0	0	0	0	0	0	0	0	0	0	0	0	0	0	0
S(5,-5)Correlat	-0.0073230493	0	0	0	0	0	0	0	0	0	0	0	0	0	0	0
S(5,-5)SumOfSqs	335.25829	0	0	0	0	0	0	0	0	0	0	0	0	0	0	0
S(5,-5)InvDfMom	0.046705288	0	0	0	0	0	0	0	0	0	0	0	0	0	0	0
S(5,-5)SumAverg	68.006032	0	0	0	0	0	0	0	0	0	0	0	0	0	0	0
S(5,-5)SumVarnc	665.60635	0	0	0	0	0	0	0	0	0	0	0	0	0	0	0
S(5,-5)SumEntrp	2.0175472	0	0	0	0	0	0	0	0	0	0	0	0	0	0	0
S(5,-5)Entropy	3.5949451	0	0	0	0	0	0	0	0	0	0	0	0	0	0	0
S(5,-5)DifVarnc	223.73696	0	0	0	0	0	0	0	0	0	0	0	0	0	0	0
S(5,-5)DifEntrp	1.7245151	0	0	0	0	0	0	0	0	0	0	0	0	0	0	0
Horzl_RLNonUni	61892.266	0	0	0	0	0	0	0	0	0	0	0	0	0	0	0
Horzl_GLevNonU	1028.2537	0	0	0	0	0	0	0	0	0	0	0	0	0	0	0
Horzl_LngREmph	1.0592188	0	0	0	0	0	0	0	0	0	0	0	0	0	0	0
Horzl_ShrtREmp	0.9857057	0	0	0	0	0	0	0	0	0	0	0	0	0	0	0
Horzl_Fraction	0.98094177	0	0	0	0	0	0	0	0	0	0	0	0	0	0	0
Vertl_RLNonUni	62587.681	0	0	0	0	0	0	0	0	0	0	0	0	0	0	0
Vertl_GLevNonU	1032.2308	0	0	0	0	0	0	0	0	0	0	0	0	0	0	0
Vertl_LngREmph	1.0472014	0	0	0	0	0	0	0	0	0	0	0	0	0	0	0
Vertl_ShrtREmp	0.98849236	0	0	0	0	0	0	0	0	0	0	0	0	0	0	0
Vertl_Fraction	0.98468018	0	0	0	0	0	0	0	0	0	0	0	0	0	0	0
45dgr_RLNonUni	62614.429	0	0	0	0	0	0	0	0	0	0	0	0	0	0	0
45dgr_GLevNonU	1032.2942	0	0	0	0	0	0	0	0	0	0	0	0	0	0	0
45dgr_LngREmph	1.0464017	0	0	0	0	0	0	0	0	0	0	0	0	0	0	0
45dgr_ShrtREmp	0.98858893	0	0	0	0	0	0	0	0	0	0	0	0	0	0	0
45dgr_Fraction	0.98487854	0	0	0	0	0	0	0	0	0	0	0	0	0	0	0
135dr_RLNonUni	62587.71	0	0	0	0	0	0	0	0	0	0	0	0	0	0	0
135dr_GLevNonU	1032.1658	0	0	0	0	0	0	0	0	0	0	0	0	0	0	0
135dr_LngREmph	1.0472324	0	0	0	0	0	0	0	0	0	0	0	0	0	0	0
135dr_ShrtREmp	0.98849376	0	0	0	0	0	0	0	0	0	0	0	0	0	0	0
135dr_Fraction	0.98468018	0	0	0	0	0	0	0	0	0	0	0	0	0	0	0
_AreaGr	64516	0	0	0	0	0	0	0	0	0	0	0	0	0	0	0
GrMean	8.210752	0	0	0	0	0	0	0	0	0	0	0	0	0	0	0
GrVariance	15.277303	0	0	0	0	0	0	0	0	0	0	0	0	0	0	0
GrSkewness	0.18339435	0	0	0	0	0	0	0	0	0	0	0	0	0	0	0
GrKurtosis	-0.63671133	0	0	0	0	0	0	0	0	0	0	0	0	0	0	0
GrNonZeros	0.99603199	0	0	0	0	0	0	0	0	0	0	0	0	0	0	0
_AreaARM	64770	0	0	0	0	0	0	0	0	0	0	0	0	0	0	0
Teta1	0.039885208	0	0	0	0	0	0	0	0	0	0	0	0	0	0	0
Teta2	-0.0043797115	0	0	0	0	0	0	0	0	0	0	0	0	0	0	0
Teta3	-0.0026457105	0	0	0	0	0	0	0	0	0	0	0	0	0	0	0
Teta4	-0.0021996165	0	0	0	0	0	0	0	0	0	0	0	0	0	0	0
Sigma	0.99860757	0	0	0	0	0	0	0	0	0	0	0	0	0	0	0
WavEnLL_s-1	19248.139	0	0	0	0	0	0	0	0	0	0	0	0	0	0	0
WavEnLH_s-1	1409.7943	0	0	0	0	0	0	0	0	0	0	0	0	0	0	0
WavEnHL_s-1	1282.7563	0	0	0	0	0	0	0	0	0	0	0	0	0	0	0
WavEnHH_s-1	1295.3741	0	0	0	0	0	0	0	0	0	0	0	0	0	0	0
WavEnLL_s-2	18224.247	0	0	0	0	0	0	0	0	0	0	0	0	0	0	0
WavEnLH_s-2	363.33676	0	0	0	0	0	0	0	0	0	0	0	0	0	0	0
WavEnHL_s-2	327.82782	0	0	0	0	0	0	0	0	0	0	0	0	0	0	0
WavEnHH_s-2	332.72828	0	0	0	0	0	0	0	0	0	0	0	0	0	0	0
WavEnLL_s-3	17954.145	0	0	0	0	0	0	0	0	0	0	0	0	0	0	0
WavEnLH_s-3	94.056647	0	0	0	0	0	0	0	0	0	0	0	0	0	0	0
WavEnHL_s-3	84.038771	0	0	0	0	0	0	0	0	0	0	0	0	0	0	0
WavEnHH_s-3	92.0059	0	0	0	0	0	0	0	0	0	0	0	0	0	0	0
WavEnLL_s-4	17888.189	0	0	0	0	0	0	0	0	0	0	0	0	0	0	0
WavEnLH_s-4	23.414171	0	0	0	0	0	0	0	0	0	0	0	0	0	0	0
WavEnHL_s-4	21.751597	0	0	0	0	0	0	0	0	0	0	0	0	0	0	0
WavEnHH_s-4	20.790541	0	0	0	0	0	0	0	0	0	0	0	0	0	0	0
