Image File: cushion1-a-p008.png 
ROI File: allred.roi 
Image size: 256 x 256
Min. lum.: 1
Max. lum.: 256
Bits/pixel: 8

Normalisation =  No
Histogram analysis = Yes
CO matrix analysis = Yes, Dimensions = 6 x 6, Distances = 1 2 3 4 5
RL matrix analysis = Yes, Dimension = 6
Gradient analysis = Yes, Max pixel value = 16
AR model analysis = Yes
Wavelet analysis = Yes

--------------- CLASS NAMES ----------------

----------------- FEATURES -----------------
_Area	65536	0	0	0	0	0	0	0	0	0	0	0	0	0	0	0
Mean	128.11353	0	0	0	0	0	0	0	0	0	0	0	0	0	0	0
Variance	5482.3168	0	0	0	0	0	0	0	0	0	0	0	0	0	0	0
Skewness	0.0056603733	0	0	0	0	0	0	0	0	0	0	0	0	0	0	0
Kurtosis	-1.1974786	0	0	0	0	0	0	0	0	0	0	0	0	0	0	0
Perc.01%	3	0	0	0	0	0	0	0	0	0	0	0	0	0	0	0
Perc.10%	26	0	0	0	0	0	0	0	0	0	0	0	0	0	0	0
Perc.50%	128	0	0	0	0	0	0	0	0	0	0	0	0	0	0	0
Perc.90%	231	0	0	0	0	0	0	0	0	0	0	0	0	0	0	0
Perc.99%	254	0	0	0	0	0	0	0	0	0	0	0	0	0	0	0
_Area_S(1,0)	130560	0	0	0	0	0	0	0	0	0	0	0	0	0	0	0
S(1,0)AngScMom	0.00025826448	0	0	0	0	0	0	0	0	0	0	0	0	0	0	0
S(1,0)Contrast	650.05927	0	0	0	0	0	0	0	0	0	0	0	0	0	0	0
S(1,0)Correlat	0.049915163	0	0	0	0	0	0	0	0	0	0	0	0	0	0	0
S(1,0)SumOfSqs	342.10591	0	0	0	0	0	0	0	0	0	0	0	0	0	0	0
S(1,0)InvDfMom	0.052467371	0	0	0	0	0	0	0	0	0	0	0	0	0	0	0
S(1,0)SumAverg	64.807705	0	0	0	0	0	0	0	0	0	0	0	0	0	0	0
S(1,0)SumVarnc	718.36436	0	0	0	0	0	0	0	0	0	0	0	0	0	0	0
S(1,0)SumEntrp	2.0326618	0	0	0	0	0	0	0	0	0	0	0	0	0	0	0
S(1,0)Entropy	3.6001052	0	0	0	0	0	0	0	0	0	0	0	0	0	0	0
S(1,0)DifVarnc	219.93848	0	0	0	0	0	0	0	0	0	0	0	0	0	0	0
S(1,0)DifEntrp	1.7181381	0	0	0	0	0	0	0	0	0	0	0	0	0	0	0
_Area_S(0,1)	130560	0	0	0	0	0	0	0	0	0	0	0	0	0	0	0
S(0,1)AngScMom	0.00025433932	0	0	0	0	0	0	0	0	0	0	0	0	0	0	0
S(0,1)Contrast	679.30236	0	0	0	0	0	0	0	0	0	0	0	0	0	0	0
S(0,1)Correlat	0.006740968	0	0	0	0	0	0	0	0	0	0	0	0	0	0	0
S(0,1)SumOfSqs	341.9563	0	0	0	0	0	0	0	0	0	0	0	0	0	0	0
S(0,1)InvDfMom	0.047633882	0	0	0	0	0	0	0	0	0	0	0	0	0	0	0
S(0,1)SumAverg	64.815257	0	0	0	0	0	0	0	0	0	0	0	0	0	0	0
S(0,1)SumVarnc	688.52282	0	0	0	0	0	0	0	0	0	0	0	0	0	0	0
S(0,1)SumEntrp	2.0245902	0	0	0	0	0	0	0	0	0	0	0	0	0	0	0
S(0,1)Entropy	3.6032736	0	0	0	0	0	0	0	0	0	0	0	0	0	0	0
S(0,1)DifVarnc	226.88399	0	0	0	0	0	0	0	0	0	0	0	0	0	0	0
S(0,1)DifEntrp	1.7263023	0	0	0	0	0	0	0	0	0	0	0	0	0	0	0
_Area_S(1,1)	130050	0	0	0	0	0	0	0	0	0	0	0	0	0	0	0
S(1,1)AngScMom	0.00025379763	0	0	0	0	0	0	0	0	0	0	0	0	0	0	0
S(1,1)Contrast	679.20927	0	0	0	0	0	0	0	0	0	0	0	0	0	0	0
S(1,1)Correlat	0.0068273624	0	0	0	0	0	0	0	0	0	0	0	0	0	0	0
S(1,1)SumOfSqs	341.93918	0	0	0	0	0	0	0	0	0	0	0	0	0	0	0
S(1,1)InvDfMom	0.046417708	0	0	0	0	0	0	0	0	0	0	0	0	0	0	0
S(1,1)SumAverg	64.816378	0	0	0	0	0	0	0	0	0	0	0	0	0	0	0
S(1,1)SumVarnc	688.54744	0	0	0	0	0	0	0	0	0	0	0	0	0	0	0
S(1,1)SumEntrp	2.0249017	0	0	0	0	0	0	0	0	0	0	0	0	0	0	0
S(1,1)Entropy	3.6037012	0	0	0	0	0	0	0	0	0	0	0	0	0	0	0
S(1,1)DifVarnc	226.87667	0	0	0	0	0	0	0	0	0	0	0	0	0	0	0
S(1,1)DifEntrp	1.7256828	0	0	0	0	0	0	0	0	0	0	0	0	0	0	0
_Area_S(1,-1)	130050	0	0	0	0	0	0	0	0	0	0	0	0	0	0	0
S(1,-1)AngScMom	0.000253835	0	0	0	0	0	0	0	0	0	0	0	0	0	0	0
S(1,-1)Contrast	681.26231	0	0	0	0	0	0	0	0	0	0	0	0	0	0	0
S(1,-1)Correlat	0.0038129886	0	0	0	0	0	0	0	0	0	0	0	0	0	0	0
S(1,-1)SumOfSqs	341.93495	0	0	0	0	0	0	0	0	0	0	0	0	0	0	0
S(1,-1)InvDfMom	0.047391276	0	0	0	0	0	0	0	0	0	0	0	0	0	0	0
S(1,-1)SumAverg	64.816055	0	0	0	0	0	0	0	0	0	0	0	0	0	0	0
S(1,-1)SumVarnc	686.47749	0	0	0	0	0	0	0	0	0	0	0	0	0	0	0
S(1,-1)SumEntrp	2.024236	0	0	0	0	0	0	0	0	0	0	0	0	0	0	0
S(1,-1)Entropy	3.6036808	0	0	0	0	0	0	0	0	0	0	0	0	0	0	0
S(1,-1)DifVarnc	227.05101	0	0	0	0	0	0	0	0	0	0	0	0	0	0	0
S(1,-1)DifEntrp	1.7262301	0	0	0	0	0	0	0	0	0	0	0	0	0	0	0
_Area_S(2,0)	130048	0	0	0	0	0	0	0	0	0	0	0	0	0	0	0
S(2,0)AngScMom	0.00025557242	0	0	0	0	0	0	0	0	0	0	0	0	0	0	0
S(2,0)Contrast	660.31688	0	0	0	0	0	0	0	0	0	0	0	0	0	0	0
S(2,0)Correlat	0.0351106	0	0	0	0	0	0	0	0	0	0	0	0	0	0	0
S(2,0)SumOfSqs	342.17232	0	0	0	0	0	0	0	0	0	0	0	0	0	0	0
S(2,0)InvDfMom	0.0498419	0	0	0	0	0	0	0	0	0	0	0	0	0	0	0
S(2,0)SumAverg	64.80704	0	0	0	0	0	0	0	0	0	0	0	0	0	0	0
S(2,0)SumVarnc	708.37238	0	0	0	0	0	0	0	0	0	0	0	0	0	0	0
S(2,0)SumEntrp	2.0298976	0	0	0	0	0	0	0	0	0	0	0	0	0	0	0
S(2,0)Entropy	3.6022207	0	0	0	0	0	0	0	0	0	0	0	0	0	0	0
S(2,0)DifVarnc	224.09591	0	0	0	0	0	0	0	0	0	0	0	0	0	0	0
S(2,0)DifEntrp	1.7207016	0	0	0	0	0	0	0	0	0	0	0	0	0	0	0
_Area_S(0,2)	130048	0	0	0	0	0	0	0	0	0	0	0	0	0	0	0
S(0,2)AngScMom	0.00025446779	0	0	0	0	0	0	0	0	0	0	0	0	0	0	0
S(0,2)Contrast	680.92924	0	0	0	0	0	0	0	0	0	0	0	0	0	0	0
S(0,2)Correlat	0.0043771606	0	0	0	0	0	0	0	0	0	0	0	0	0	0	0
S(0,2)SumOfSqs	341.96144	0	0	0	0	0	0	0	0	0	0	0	0	0	0	0
S(0,2)InvDfMom	0.047834287	0	0	0	0	0	0	0	0	0	0	0	0	0	0	0
S(0,2)SumAverg	64.799382	0	0	0	0	0	0	0	0	0	0	0	0	0	0	0
S(0,2)SumVarnc	686.91652	0	0	0	0	0	0	0	0	0	0	0	0	0	0	0
S(0,2)SumEntrp	2.0242704	0	0	0	0	0	0	0	0	0	0	0	0	0	0	0
S(0,2)Entropy	3.6030981	0	0	0	0	0	0	0	0	0	0	0	0	0	0	0
S(0,2)DifVarnc	227.9401	0	0	0	0	0	0	0	0	0	0	0	0	0	0	0
S(0,2)DifEntrp	1.7266269	0	0	0	0	0	0	0	0	0	0	0	0	0	0	0
_Area_S(2,2)	129032	0	0	0	0	0	0	0	0	0	0	0	0	0	0	0
S(2,2)AngScMom	0.00025448018	0	0	0	0	0	0	0	0	0	0	0	0	0	0	0
S(2,2)Contrast	675.6466	0	0	0	0	0	0	0	0	0	0	0	0	0	0	0
S(2,2)Correlat	0.012235977	0	0	0	0	0	0	0	0	0	0	0	0	0	0	0
S(2,2)SumOfSqs	342.0081	0	0	0	0	0	0	0	0	0	0	0	0	0	0	0
S(2,2)InvDfMom	0.048542374	0	0	0	0	0	0	0	0	0	0	0	0	0	0	0
S(2,2)SumAverg	64.799833	0	0	0	0	0	0	0	0	0	0	0	0	0	0	0
S(2,2)SumVarnc	692.38581	0	0	0	0	0	0	0	0	0	0	0	0	0	0	0
S(2,2)SumEntrp	2.0253615	0	0	0	0	0	0	0	0	0	0	0	0	0	0	0
S(2,2)Entropy	3.6031037	0	0	0	0	0	0	0	0	0	0	0	0	0	0	0
S(2,2)DifVarnc	227.13225	0	0	0	0	0	0	0	0	0	0	0	0	0	0	0
S(2,2)DifEntrp	1.7251311	0	0	0	0	0	0	0	0	0	0	0	0	0	0	0
_Area_S(2,-2)	129032	0	0	0	0	0	0	0	0	0	0	0	0	0	0	0
S(2,-2)AngScMom	0.00025425123	0	0	0	0	0	0	0	0	0	0	0	0	0	0	0
S(2,-2)Contrast	679.67208	0	0	0	0	0	0	0	0	0	0	0	0	0	0	0
S(2,-2)Correlat	0.0063233201	0	0	0	0	0	0	0	0	0	0	0	0	0	0	0
S(2,-2)SumOfSqs	341.99861	0	0	0	0	0	0	0	0	0	0	0	0	0	0	0
S(2,-2)InvDfMom	0.047715829	0	0	0	0	0	0	0	0	0	0	0	0	0	0	0
S(2,-2)SumAverg	64.799275	0	0	0	0	0	0	0	0	0	0	0	0	0	0	0
S(2,-2)SumVarnc	688.32235	0	0	0	0	0	0	0	0	0	0	0	0	0	0	0
S(2,-2)SumEntrp	2.024515	0	0	0	0	0	0	0	0	0	0	0	0	0	0	0
S(2,-2)Entropy	3.6033672	0	0	0	0	0	0	0	0	0	0	0	0	0	0	0
S(2,-2)DifVarnc	228.03777	0	0	0	0	0	0	0	0	0	0	0	0	0	0	0
S(2,-2)DifEntrp	1.7262037	0	0	0	0	0	0	0	0	0	0	0	0	0	0	0
_Area_S(3,0)	129536	0	0	0	0	0	0	0	0	0	0	0	0	0	0	0
S(3,0)AngScMom	0.00025513983	0	0	0	0	0	0	0	0	0	0	0	0	0	0	0
S(3,0)Contrast	668.66951	0	0	0	0	0	0	0	0	0	0	0	0	0	0	0
S(3,0)Correlat	0.022738961	0	0	0	0	0	0	0	0	0	0	0	0	0	0	0
S(3,0)SumOfSqs	342.11407	0	0	0	0	0	0	0	0	0	0	0	0	0	0	0
S(3,0)InvDfMom	0.049132068	0	0	0	0	0	0	0	0	0	0	0	0	0	0	0
S(3,0)SumAverg	64.806926	0	0	0	0	0	0	0	0	0	0	0	0	0	0	0
S(3,0)SumVarnc	699.78679	0	0	0	0	0	0	0	0	0	0	0	0	0	0	0
S(3,0)SumEntrp	2.0275506	0	0	0	0	0	0	0	0	0	0	0	0	0	0	0
S(3,0)Entropy	3.6026172	0	0	0	0	0	0	0	0	0	0	0	0	0	0	0
S(3,0)DifVarnc	223.96485	0	0	0	0	0	0	0	0	0	0	0	0	0	0	0
S(3,0)DifEntrp	1.72296	0	0	0	0	0	0	0	0	0	0	0	0	0	0	0
_Area_S(0,3)	129536	0	0	0	0	0	0	0	0	0	0	0	0	0	0	0
S(0,3)AngScMom	0.00025446961	0	0	0	0	0	0	0	0	0	0	0	0	0	0	0
S(0,3)Contrast	677.02594	0	0	0	0	0	0	0	0	0	0	0	0	0	0	0
S(0,3)Correlat	0.010199111	0	0	0	0	0	0	0	0	0	0	0	0	0	0	0
S(0,3)SumOfSqs	342.00108	0	0	0	0	0	0	0	0	0	0	0	0	0	0	0
S(0,3)InvDfMom	0.04664633	0	0	0	0	0	0	0	0	0	0	0	0	0	0	0
S(0,3)SumAverg	64.803329	0	0	0	0	0	0	0	0	0	0	0	0	0	0	0
S(0,3)SumVarnc	690.97837	0	0	0	0	0	0	0	0	0	0	0	0	0	0	0
S(0,3)SumEntrp	2.0251544	0	0	0	0	0	0	0	0	0	0	0	0	0	0	0
S(0,3)Entropy	3.6030337	0	0	0	0	0	0	0	0	0	0	0	0	0	0	0
S(0,3)DifVarnc	226.35148	0	0	0	0	0	0	0	0	0	0	0	0	0	0	0
S(0,3)DifEntrp	1.7250539	0	0	0	0	0	0	0	0	0	0	0	0	0	0	0
_Area_S(3,3)	128018	0	0	0	0	0	0	0	0	0	0	0	0	0	0	0
S(3,3)AngScMom	0.00025473743	0	0	0	0	0	0	0	0	0	0	0	0	0	0	0
S(3,3)Contrast	679.26232	0	0	0	0	0	0	0	0	0	0	0	0	0	0	0
S(3,3)Correlat	0.0069312524	0	0	0	0	0	0	0	0	0	0	0	0	0	0	0
S(3,3)SumOfSqs	342.00166	0	0	0	0	0	0	0	0	0	0	0	0	0	0	0
S(3,3)InvDfMom	0.047689559	0	0	0	0	0	0	0	0	0	0	0	0	0	0	0
S(3,3)SumAverg	64.804449	0	0	0	0	0	0	0	0	0	0	0	0	0	0	0
S(3,3)SumVarnc	688.74432	0	0	0	0	0	0	0	0	0	0	0	0	0	0	0
S(3,3)SumEntrp	2.0245086	0	0	0	0	0	0	0	0	0	0	0	0	0	0	0
S(3,3)Entropy	3.6028963	0	0	0	0	0	0	0	0	0	0	0	0	0	0	0
S(3,3)DifVarnc	227.41776	0	0	0	0	0	0	0	0	0	0	0	0	0	0	0
S(3,3)DifEntrp	1.7260746	0	0	0	0	0	0	0	0	0	0	0	0	0	0	0
_Area_S(3,-3)	128018	0	0	0	0	0	0	0	0	0	0	0	0	0	0	0
S(3,-3)AngScMom	0.00025464224	0	0	0	0	0	0	0	0	0	0	0	0	0	0	0
S(3,-3)Contrast	682.12995	0	0	0	0	0	0	0	0	0	0	0	0	0	0	0
S(3,-3)Correlat	0.0026511182	0	0	0	0	0	0	0	0	0	0	0	0	0	0	0
S(3,-3)SumOfSqs	341.97158	0	0	0	0	0	0	0	0	0	0	0	0	0	0	0
S(3,-3)InvDfMom	0.047422377	0	0	0	0	0	0	0	0	0	0	0	0	0	0	0
S(3,-3)SumAverg	64.803762	0	0	0	0	0	0	0	0	0	0	0	0	0	0	0
S(3,-3)SumVarnc	685.75638	0	0	0	0	0	0	0	0	0	0	0	0	0	0	0
S(3,-3)SumEntrp	2.0238358	0	0	0	0	0	0	0	0	0	0	0	0	0	0	0
S(3,-3)Entropy	3.6029812	0	0	0	0	0	0	0	0	0	0	0	0	0	0	0
S(3,-3)DifVarnc	228.89486	0	0	0	0	0	0	0	0	0	0	0	0	0	0	0
S(3,-3)DifEntrp	1.7267659	0	0	0	0	0	0	0	0	0	0	0	0	0	0	0
_Area_S(4,0)	129024	0	0	0	0	0	0	0	0	0	0	0	0	0	0	0
S(4,0)AngScMom	0.00025470156	0	0	0	0	0	0	0	0	0	0	0	0	0	0	0
S(4,0)Contrast	670.91226	0	0	0	0	0	0	0	0	0	0	0	0	0	0	0
S(4,0)Correlat	0.019345278	0	0	0	0	0	0	0	0	0	0	0	0	0	0	0
S(4,0)SumOfSqs	342.07364	0	0	0	0	0	0	0	0	0	0	0	0	0	0	0
S(4,0)InvDfMom	0.047664631	0	0	0	0	0	0	0	0	0	0	0	0	0	0	0
S(4,0)SumAverg	64.786489	0	0	0	0	0	0	0	0	0	0	0	0	0	0	0
S(4,0)SumVarnc	697.3823	0	0	0	0	0	0	0	0	0	0	0	0	0	0	0
S(4,0)SumEntrp	2.0267992	0	0	0	0	0	0	0	0	0	0	0	0	0	0	0
S(4,0)Entropy	3.6029754	0	0	0	0	0	0	0	0	0	0	0	0	0	0	0
S(4,0)DifVarnc	223.94036	0	0	0	0	0	0	0	0	0	0	0	0	0	0	0
S(4,0)DifEntrp	1.7236747	0	0	0	0	0	0	0	0	0	0	0	0	0	0	0
_Area_S(0,4)	129024	0	0	0	0	0	0	0	0	0	0	0	0	0	0	0
S(0,4)AngScMom	0.00025437418	0	0	0	0	0	0	0	0	0	0	0	0	0	0	0
S(0,4)Contrast	684.12452	0	0	0	0	0	0	0	0	0	0	0	0	0	0	0
S(0,4)Correlat	7.5950526e-05	0	0	0	0	0	0	0	0	0	0	0	0	0	0	0
S(0,4)SumOfSqs	342.08824	0	0	0	0	0	0	0	0	0	0	0	0	0	0	0
S(0,4)InvDfMom	0.046243395	0	0	0	0	0	0	0	0	0	0	0	0	0	0	0
S(0,4)SumAverg	64.813601	0	0	0	0	0	0	0	0	0	0	0	0	0	0	0
S(0,4)SumVarnc	684.22845	0	0	0	0	0	0	0	0	0	0	0	0	0	0	0
S(0,4)SumEntrp	2.0234041	0	0	0	0	0	0	0	0	0	0	0	0	0	0	0
S(0,4)Entropy	3.6032552	0	0	0	0	0	0	0	0	0	0	0	0	0	0	0
S(0,4)DifVarnc	227.25974	0	0	0	0	0	0	0	0	0	0	0	0	0	0	0
S(0,4)DifEntrp	1.7270334	0	0	0	0	0	0	0	0	0	0	0	0	0	0	0
_Area_S(4,4)	127008	0	0	0	0	0	0	0	0	0	0	0	0	0	0	0
S(4,4)AngScMom	0.00025426346	0	0	0	0	0	0	0	0	0	0	0	0	0	0	0
S(4,4)Contrast	680.8427	0	0	0	0	0	0	0	0	0	0	0	0	0	0	0
S(4,4)Correlat	0.0047602936	0	0	0	0	0	0	0	0	0	0	0	0	0	0	0
S(4,4)SumOfSqs	342.04961	0	0	0	0	0	0	0	0	0	0	0	0	0	0	0
S(4,4)InvDfMom	0.046425284	0	0	0	0	0	0	0	0	0	0	0	0	0	0	0
S(4,4)SumAverg	64.796155	0	0	0	0	0	0	0	0	0	0	0	0	0	0	0
S(4,4)SumVarnc	687.35573	0	0	0	0	0	0	0	0	0	0	0	0	0	0	0
S(4,4)SumEntrp	2.0242216	0	0	0	0	0	0	0	0	0	0	0	0	0	0	0
S(4,4)Entropy	3.6032805	0	0	0	0	0	0	0	0	0	0	0	0	0	0	0
S(4,4)DifVarnc	225.92574	0	0	0	0	0	0	0	0	0	0	0	0	0	0	0
S(4,4)DifEntrp	1.726374	0	0	0	0	0	0	0	0	0	0	0	0	0	0	0
_Area_S(4,-4)	127008	0	0	0	0	0	0	0	0	0	0	0	0	0	0	0
S(4,-4)AngScMom	0.00025453622	0	0	0	0	0	0	0	0	0	0	0	0	0	0	0
S(4,-4)Contrast	677.20007	0	0	0	0	0	0	0	0	0	0	0	0	0	0	0
S(4,-4)Correlat	0.0099575592	0	0	0	0	0	0	0	0	0	0	0	0	0	0	0
S(4,-4)SumOfSqs	342.00557	0	0	0	0	0	0	0	0	0	0	0	0	0	0	0
S(4,-4)InvDfMom	0.047691054	0	0	0	0	0	0	0	0	0	0	0	0	0	0	0
S(4,-4)SumAverg	64.79395	0	0	0	0	0	0	0	0	0	0	0	0	0	0	0
S(4,-4)SumVarnc	690.82223	0	0	0	0	0	0	0	0	0	0	0	0	0	0	0
S(4,-4)SumEntrp	2.0249836	0	0	0	0	0	0	0	0	0	0	0	0	0	0	0
S(4,-4)Entropy	3.6030913	0	0	0	0	0	0	0	0	0	0	0	0	0	0	0
S(4,-4)DifVarnc	226.55464	0	0	0	0	0	0	0	0	0	0	0	0	0	0	0
S(4,-4)DifEntrp	1.725476	0	0	0	0	0	0	0	0	0	0	0	0	0	0	0
_Area_S(5,0)	128512	0	0	0	0	0	0	0	0	0	0	0	0	0	0	0
S(5,0)AngScMom	0.00025451498	0	0	0	0	0	0	0	0	0	0	0	0	0	0	0
S(5,0)Contrast	676.67928	0	0	0	0	0	0	0	0	0	0	0	0	0	0	0
S(5,0)Correlat	0.010834873	0	0	0	0	0	0	0	0	0	0	0	0	0	0	0
S(5,0)SumOfSqs	342.04566	0	0	0	0	0	0	0	0	0	0	0	0	0	0	0
S(5,0)InvDfMom	0.047728842	0	0	0	0	0	0	0	0	0	0	0	0	0	0	0
S(5,0)SumAverg	64.774496	0	0	0	0	0	0	0	0	0	0	0	0	0	0	0
S(5,0)SumVarnc	691.50337	0	0	0	0	0	0	0	0	0	0	0	0	0	0	0
S(5,0)SumEntrp	2.0253688	0	0	0	0	0	0	0	0	0	0	0	0	0	0	0
S(5,0)Entropy	3.6030597	0	0	0	0	0	0	0	0	0	0	0	0	0	0	0
S(5,0)DifVarnc	226.49677	0	0	0	0	0	0	0	0	0	0	0	0	0	0	0
S(5,0)DifEntrp	1.7253158	0	0	0	0	0	0	0	0	0	0	0	0	0	0	0
_Area_S(0,5)	128512	0	0	0	0	0	0	0	0	0	0	0	0	0	0	0
S(0,5)AngScMom	0.00025444838	0	0	0	0	0	0	0	0	0	0	0	0	0	0	0
S(0,5)Contrast	681.87785	0	0	0	0	0	0	0	0	0	0	0	0	0	0	0
S(0,5)Correlat	0.0033426694	0	0	0	0	0	0	0	0	0	0	0	0	0	0	0
S(0,5)SumOfSqs	342.08239	0	0	0	0	0	0	0	0	0	0	0	0	0	0	0
S(0,5)InvDfMom	0.047331051	0	0	0	0	0	0	0	0	0	0	0	0	0	0	0
S(0,5)SumAverg	64.817029	0	0	0	0	0	0	0	0	0	0	0	0	0	0	0
S(0,5)SumVarnc	686.45172	0	0	0	0	0	0	0	0	0	0	0	0	0	0	0
S(0,5)SumEntrp	2.024081	0	0	0	0	0	0	0	0	0	0	0	0	0	0	0
S(0,5)Entropy	3.6031444	0	0	0	0	0	0	0	0	0	0	0	0	0	0	0
S(0,5)DifVarnc	227.92647	0	0	0	0	0	0	0	0	0	0	0	0	0	0	0
S(0,5)DifEntrp	1.7264793	0	0	0	0	0	0	0	0	0	0	0	0	0	0	0
_Area_S(5,5)	126002	0	0	0	0	0	0	0	0	0	0	0	0	0	0	0
S(5,5)AngScMom	0.00025423746	0	0	0	0	0	0	0	0	0	0	0	0	0	0	0
S(5,5)Contrast	683.62821	0	0	0	0	0	0	0	0	0	0	0	0	0	0	0
S(5,5)Correlat	0.00059712832	0	0	0	0	0	0	0	0	0	0	0	0	0	0	0
S(5,5)SumOfSqs	342.01833	0	0	0	0	0	0	0	0	0	0	0	0	0	0	0
S(5,5)InvDfMom	0.045763005	0	0	0	0	0	0	0	0	0	0	0	0	0	0	0
S(5,5)SumAverg	64.787813	0	0	0	0	0	0	0	0	0	0	0	0	0	0	0
S(5,5)SumVarnc	684.44513	0	0	0	0	0	0	0	0	0	0	0	0	0	0	0
S(5,5)SumEntrp	2.0232577	0	0	0	0	0	0	0	0	0	0	0	0	0	0	0
S(5,5)Entropy	3.6032983	0	0	0	0	0	0	0	0	0	0	0	0	0	0	0
S(5,5)DifVarnc	226.62452	0	0	0	0	0	0	0	0	0	0	0	0	0	0	0
S(5,5)DifEntrp	1.727026	0	0	0	0	0	0	0	0	0	0	0	0	0	0	0
_Area_S(5,-5)	126002	0	0	0	0	0	0	0	0	0	0	0	0	0	0	0
S(5,-5)AngScMom	0.00025489478	0	0	0	0	0	0	0	0	0	0	0	0	0	0	0
S(5,-5)Contrast	680.84505	0	0	0	0	0	0	0	0	0	0	0	0	0	0	0
S(5,-5)Correlat	0.0045186264	0	0	0	0	0	0	0	0	0	0	0	0	0	0	0
S(5,-5)SumOfSqs	341.96775	0	0	0	0	0	0	0	0	0	0	0	0	0	0	0
S(5,-5)InvDfMom	0.047257905	0	0	0	0	0	0	0	0	0	0	0	0	0	0	0
S(5,-5)SumAverg	64.785591	0	0	0	0	0	0	0	0	0	0	0	0	0	0	0
S(5,-5)SumVarnc	687.02595	0	0	0	0	0	0	0	0	0	0	0	0	0	0	0
S(5,-5)SumEntrp	2.0241189	0	0	0	0	0	0	0	0	0	0	0	0	0	0	0
S(5,-5)Entropy	3.6027424	0	0	0	0	0	0	0	0	0	0	0	0	0	0	0
S(5,-5)DifVarnc	227.00648	0	0	0	0	0	0	0	0	0	0	0	0	0	0	0
S(5,-5)DifEntrp	1.7265206	0	0	0	0	0	0	0	0	0	0	0	0	0	0	0
Horzl_RLNonUni	61706.746	0	0	0	0	0	0	0	0	0	0	0	0	0	0	0
Horzl_GLevNonU	1008.5637	0	0	0	0	0	0	0	0	0	0	0	0	0	0	0
Horzl_LngREmph	1.0626762	0	0	0	0	0	0	0	0	0	0	0	0	0	0	0
Horzl_ShrtREmp	0.98496302	0	0	0	0	0	0	0	0	0	0	0	0	0	0	0
Horzl_Fraction	0.97990417	0	0	0	0	0	0	0	0	0	0	0	0	0	0	0
Vertl_RLNonUni	62287.379	0	0	0	0	0	0	0	0	0	0	0	0	0	0	0
Vertl_GLevNonU	1012.063	0	0	0	0	0	0	0	0	0	0	0	0	0	0	0
Vertl_LngREmph	1.051916	0	0	0	0	0	0	0	0	0	0	0	0	0	0	0
Vertl_ShrtREmp	0.98727967	0	0	0	0	0	0	0	0	0	0	0	0	0	0	0
Vertl_Fraction	0.98313904	0	0	0	0	0	0	0	0	0	0	0	0	0	0	0
45dgr_RLNonUni	62543.908	0	0	0	0	0	0	0	0	0	0	0	0	0	0	0
45dgr_GLevNonU	1013.4453	0	0	0	0	0	0	0	0	0	0	0	0	0	0	0
45dgr_LngREmph	1.0475349	0	0	0	0	0	0	0	0	0	0	0	0	0	0	0
45dgr_ShrtREmp	0.9883057	0	0	0	0	0	0	0	0	0	0	0	0	0	0	0
45dgr_Fraction	0.98451233	0	0	0	0	0	0	0	0	0	0	0	0	0	0	0
135dr_RLNonUni	62465.18	0	0	0	0	0	0	0	0	0	0	0	0	0	0	0
135dr_GLevNonU	1012.9928	0	0	0	0	0	0	0	0	0	0	0	0	0	0	0
135dr_LngREmph	1.0492952	0	0	0	0	0	0	0	0	0	0	0	0	0	0	0
135dr_ShrtREmp	0.98800355	0	0	0	0	0	0	0	0	0	0	0	0	0	0	0
135dr_Fraction	0.98402405	0	0	0	0	0	0	0	0	0	0	0	0	0	0	0
_AreaGr	64516	0	0	0	0	0	0	0	0	0	0	0	0	0	0	0
GrMean	8.2302437	0	0	0	0	0	0	0	0	0	0	0	0	0	0	0
GrVariance	15.56833	0	0	0	0	0	0	0	0	0	0	0	0	0	0	0
GrSkewness	0.1850018	0	0	0	0	0	0	0	0	0	0	0	0	0	0	0
GrKurtosis	-0.67478734	0	0	0	0	0	0	0	0	0	0	0	0	0	0	0
GrNonZeros	0.99579949	0	0	0	0	0	0	0	0	0	0	0	0	0	0	0
_AreaARM	64770	0	0	0	0	0	0	0	0	0	0	0	0	0	0	0
Teta1	0.049222751	0	0	0	0	0	0	0	0	0	0	0	0	0	0	0
Teta2	0.0032788737	0	0	0	0	0	0	0	0	0	0	0	0	0	0	0
Teta3	0.0064351578	0	0	0	0	0	0	0	0	0	0	0	0	0	0	0
Teta4	0.0063570484	0	0	0	0	0	0	0	0	0	0	0	0	0	0	0
Sigma	0.99807912	0	0	0	0	0	0	0	0	0	0	0	0	0	0	0
WavEnLL_s-1	17616.44	0	0	0	0	0	0	0	0	0	0	0	0	0	0	0
WavEnLH_s-1	1419.4067	0	0	0	0	0	0	0	0	0	0	0	0	0	0	0
WavEnHL_s-1	1309.8086	0	0	0	0	0	0	0	0	0	0	0	0	0	0	0
WavEnHH_s-1	1294.5103	0	0	0	0	0	0	0	0	0	0	0	0	0	0	0
WavEnLL_s-2	16567.773	0	0	0	0	0	0	0	0	0	0	0	0	0	0	0
WavEnLH_s-2	383.91141	0	0	0	0	0	0	0	0	0	0	0	0	0	0	0
WavEnHL_s-2	331.66862	0	0	0	0	0	0	0	0	0	0	0	0	0	0	0
WavEnHH_s-2	333.08702	0	0	0	0	0	0	0	0	0	0	0	0	0	0	0
WavEnLL_s-3	16279.988	0	0	0	0	0	0	0	0	0	0	0	0	0	0	0
WavEnLH_s-3	96.360052	0	0	0	0	0	0	0	0	0	0	0	0	0	0	0
WavEnHL_s-3	98.641021	0	0	0	0	0	0	0	0	0	0	0	0	0	0	0
WavEnHH_s-3	92.783533	0	0	0	0	0	0	0	0	0	0	0	0	0	0	0
WavEnLL_s-4	16195.766	0	0	0	0	0	0	0	0	0	0	0	0	0	0	0
WavEnLH_s-4	32.132401	0	0	0	0	0	0	0	0	0	0	0	0	0	0	0
WavEnHL_s-4	28.195224	0	0	0	0	0	0	0	0	0	0	0	0	0	0	0
WavEnHH_s-4	23.894062	0	0	0	0	0	0	0	0	0	0	0	0	0	0	0
