Image File: cushion1-a-p028.png 
ROI File: allred.roi 
Image size: 256 x 256
Min. lum.: 1
Max. lum.: 256
Bits/pixel: 8

Normalisation =  No
Histogram analysis = Yes
CO matrix analysis = Yes, Dimensions = 6 x 6, Distances = 1 2 3 4 5
RL matrix analysis = Yes, Dimension = 6
Gradient analysis = Yes, Max pixel value = 16
AR model analysis = Yes
Wavelet analysis = Yes

--------------- CLASS NAMES ----------------

----------------- FEATURES -----------------
_Area	65536	0	0	0	0	0	0	0	0	0	0	0	0	0	0	0
Mean	127.57784	0	0	0	0	0	0	0	0	0	0	0	0	0	0	0
Variance	5578.3249	0	0	0	0	0	0	0	0	0	0	0	0	0	0	0
Skewness	0.0061459376	0	0	0	0	0	0	0	0	0	0	0	0	0	0	0
Kurtosis	-1.2098939	0	0	0	0	0	0	0	0	0	0	0	0	0	0	0
Perc.01%	2	0	0	0	0	0	0	0	0	0	0	0	0	0	0	0
Perc.10%	25	0	0	0	0	0	0	0	0	0	0	0	0	0	0	0
Perc.50%	128	0	0	0	0	0	0	0	0	0	0	0	0	0	0	0
Perc.90%	231	0	0	0	0	0	0	0	0	0	0	0	0	0	0	0
Perc.99%	254	0	0	0	0	0	0	0	0	0	0	0	0	0	0	0
_Area_S(1,0)	130560	0	0	0	0	0	0	0	0	0	0	0	0	0	0	0
S(1,0)AngScMom	0.00025814445	0	0	0	0	0	0	0	0	0	0	0	0	0	0	0
S(1,0)Contrast	676.76671	0	0	0	0	0	0	0	0	0	0	0	0	0	0	0
S(1,0)Correlat	0.028088379	0	0	0	0	0	0	0	0	0	0	0	0	0	0	0
S(1,0)SumOfSqs	348.16268	0	0	0	0	0	0	0	0	0	0	0	0	0	0	0
S(1,0)InvDfMom	0.05002389	0	0	0	0	0	0	0	0	0	0	0	0	0	0	0
S(1,0)SumAverg	64.545573	0	0	0	0	0	0	0	0	0	0	0	0	0	0	0
S(1,0)SumVarnc	715.88401	0	0	0	0	0	0	0	0	0	0	0	0	0	0	0
S(1,0)SumEntrp	2.0322096	0	0	0	0	0	0	0	0	0	0	0	0	0	0	0
S(1,0)Entropy	3.6001393	0	0	0	0	0	0	0	0	0	0	0	0	0	0	0
S(1,0)DifVarnc	229.27637	0	0	0	0	0	0	0	0	0	0	0	0	0	0	0
S(1,0)DifEntrp	1.7251824	0	0	0	0	0	0	0	0	0	0	0	0	0	0	0
_Area_S(0,1)	130560	0	0	0	0	0	0	0	0	0	0	0	0	0	0	0
S(0,1)AngScMom	0.00025563441	0	0	0	0	0	0	0	0	0	0	0	0	0	0	0
S(0,1)Contrast	693.34945	0	0	0	0	0	0	0	0	0	0	0	0	0	0	0
S(0,1)Correlat	0.0040471176	0	0	0	0	0	0	0	0	0	0	0	0	0	0	0
S(0,1)SumOfSqs	348.08346	0	0	0	0	0	0	0	0	0	0	0	0	0	0	0
S(0,1)InvDfMom	0.047314871	0	0	0	0	0	0	0	0	0	0	0	0	0	0	0
S(0,1)SumAverg	64.55	0	0	0	0	0	0	0	0	0	0	0	0	0	0	0
S(0,1)SumVarnc	698.98439	0	0	0	0	0	0	0	0	0	0	0	0	0	0	0
S(0,1)SumEntrp	2.0273145	0	0	0	0	0	0	0	0	0	0	0	0	0	0	0
S(0,1)Entropy	3.6021292	0	0	0	0	0	0	0	0	0	0	0	0	0	0	0
S(0,1)DifVarnc	231.1561	0	0	0	0	0	0	0	0	0	0	0	0	0	0	0
S(0,1)DifEntrp	1.7297439	0	0	0	0	0	0	0	0	0	0	0	0	0	0	0
_Area_S(1,1)	130050	0	0	0	0	0	0	0	0	0	0	0	0	0	0	0
S(1,1)AngScMom	0.00025506837	0	0	0	0	0	0	0	0	0	0	0	0	0	0	0
S(1,1)Contrast	694.16817	0	0	0	0	0	0	0	0	0	0	0	0	0	0	0
S(1,1)Correlat	0.0027068173	0	0	0	0	0	0	0	0	0	0	0	0	0	0	0
S(1,1)SumOfSqs	348.02613	0	0	0	0	0	0	0	0	0	0	0	0	0	0	0
S(1,1)InvDfMom	0.04670746	0	0	0	0	0	0	0	0	0	0	0	0	0	0	0
S(1,1)SumAverg	64.552295	0	0	0	0	0	0	0	0	0	0	0	0	0	0	0
S(1,1)SumVarnc	697.93634	0	0	0	0	0	0	0	0	0	0	0	0	0	0	0
S(1,1)SumEntrp	2.0267618	0	0	0	0	0	0	0	0	0	0	0	0	0	0	0
S(1,1)Entropy	3.602553	0	0	0	0	0	0	0	0	0	0	0	0	0	0	0
S(1,1)DifVarnc	231.71612	0	0	0	0	0	0	0	0	0	0	0	0	0	0	0
S(1,1)DifEntrp	1.730087	0	0	0	0	0	0	0	0	0	0	0	0	0	0	0
_Area_S(1,-1)	130050	0	0	0	0	0	0	0	0	0	0	0	0	0	0	0
S(1,-1)AngScMom	0.00025535797	0	0	0	0	0	0	0	0	0	0	0	0	0	0	0
S(1,-1)Contrast	696.92174	0	0	0	0	0	0	0	0	0	0	0	0	0	0	0
S(1,-1)Correlat	-0.0012632616	0	0	0	0	0	0	0	0	0	0	0	0	0	0	0
S(1,-1)SumOfSqs	348.02123	0	0	0	0	0	0	0	0	0	0	0	0	0	0	0
S(1,-1)InvDfMom	0.046452406	0	0	0	0	0	0	0	0	0	0	0	0	0	0	0
S(1,-1)SumAverg	64.552188	0	0	0	0	0	0	0	0	0	0	0	0	0	0	0
S(1,-1)SumVarnc	695.16317	0	0	0	0	0	0	0	0	0	0	0	0	0	0	0
S(1,-1)SumEntrp	2.0261632	0	0	0	0	0	0	0	0	0	0	0	0	0	0	0
S(1,-1)Entropy	3.6023459	0	0	0	0	0	0	0	0	0	0	0	0	0	0	0
S(1,-1)DifVarnc	231.9681	0	0	0	0	0	0	0	0	0	0	0	0	0	0	0
S(1,-1)DifEntrp	1.7306484	0	0	0	0	0	0	0	0	0	0	0	0	0	0	0
_Area_S(2,0)	130048	0	0	0	0	0	0	0	0	0	0	0	0	0	0	0
S(2,0)AngScMom	0.00025650818	0	0	0	0	0	0	0	0	0	0	0	0	0	0	0
S(2,0)Contrast	679.64858	0	0	0	0	0	0	0	0	0	0	0	0	0	0	0
S(2,0)Correlat	0.023976059	0	0	0	0	0	0	0	0	0	0	0	0	0	0	0
S(2,0)SumOfSqs	348.17208	0	0	0	0	0	0	0	0	0	0	0	0	0	0	0
S(2,0)InvDfMom	0.049299374	0	0	0	0	0	0	0	0	0	0	0	0	0	0	0
S(2,0)SumAverg	64.541692	0	0	0	0	0	0	0	0	0	0	0	0	0	0	0
S(2,0)SumVarnc	713.03975	0	0	0	0	0	0	0	0	0	0	0	0	0	0	0
S(2,0)SumEntrp	2.0313324	0	0	0	0	0	0	0	0	0	0	0	0	0	0	0
S(2,0)Entropy	3.6015122	0	0	0	0	0	0	0	0	0	0	0	0	0	0	0
S(2,0)DifVarnc	228.23051	0	0	0	0	0	0	0	0	0	0	0	0	0	0	0
S(2,0)DifEntrp	1.7262349	0	0	0	0	0	0	0	0	0	0	0	0	0	0	0
_Area_S(0,2)	130048	0	0	0	0	0	0	0	0	0	0	0	0	0	0	0
S(0,2)AngScMom	0.00025525017	0	0	0	0	0	0	0	0	0	0	0	0	0	0	0
S(0,2)Contrast	702.86973	0	0	0	0	0	0	0	0	0	0	0	0	0	0	0
S(0,2)Correlat	-0.0098298009	0	0	0	0	0	0	0	0	0	0	0	0	0	0	0
S(0,2)SumOfSqs	348.01395	0	0	0	0	0	0	0	0	0	0	0	0	0	0	0
S(0,2)InvDfMom	0.045660221	0	0	0	0	0	0	0	0	0	0	0	0	0	0	0
S(0,2)SumAverg	64.522684	0	0	0	0	0	0	0	0	0	0	0	0	0	0	0
S(0,2)SumVarnc	689.18609	0	0	0	0	0	0	0	0	0	0	0	0	0	0	0
S(0,2)SumEntrp	2.0247398	0	0	0	0	0	0	0	0	0	0	0	0	0	0	0
S(0,2)Entropy	3.602483	0	0	0	0	0	0	0	0	0	0	0	0	0	0	0
S(0,2)DifVarnc	232.42134	0	0	0	0	0	0	0	0	0	0	0	0	0	0	0
S(0,2)DifEntrp	1.7320525	0	0	0	0	0	0	0	0	0	0	0	0	0	0	0
_Area_S(2,2)	129032	0	0	0	0	0	0	0	0	0	0	0	0	0	0	0
S(2,2)AngScMom	0.00025539794	0	0	0	0	0	0	0	0	0	0	0	0	0	0	0
S(2,2)Contrast	699.03787	0	0	0	0	0	0	0	0	0	0	0	0	0	0	0
S(2,2)Correlat	-0.0044450811	0	0	0	0	0	0	0	0	0	0	0	0	0	0	0
S(2,2)SumOfSqs	347.97217	0	0	0	0	0	0	0	0	0	0	0	0	0	0	0
S(2,2)InvDfMom	0.047001935	0	0	0	0	0	0	0	0	0	0	0	0	0	0	0
S(2,2)SumAverg	64.520166	0	0	0	0	0	0	0	0	0	0	0	0	0	0	0
S(2,2)SumVarnc	692.85081	0	0	0	0	0	0	0	0	0	0	0	0	0	0	0
S(2,2)SumEntrp	2.0254687	0	0	0	0	0	0	0	0	0	0	0	0	0	0	0
S(2,2)Entropy	3.6022404	0	0	0	0	0	0	0	0	0	0	0	0	0	0	0
S(2,2)DifVarnc	233.23863	0	0	0	0	0	0	0	0	0	0	0	0	0	0	0
S(2,2)DifEntrp	1.7314517	0	0	0	0	0	0	0	0	0	0	0	0	0	0	0
_Area_S(2,-2)	129032	0	0	0	0	0	0	0	0	0	0	0	0	0	0	0
S(2,-2)AngScMom	0.00025553152	0	0	0	0	0	0	0	0	0	0	0	0	0	0	0
S(2,-2)Contrast	697.31882	0	0	0	0	0	0	0	0	0	0	0	0	0	0	0
S(2,-2)Correlat	-0.0019936245	0	0	0	0	0	0	0	0	0	0	0	0	0	0	0
S(2,-2)SumOfSqs	347.9657	0	0	0	0	0	0	0	0	0	0	0	0	0	0	0
S(2,-2)InvDfMom	0.046271223	0	0	0	0	0	0	0	0	0	0	0	0	0	0	0
S(2,-2)SumAverg	64.521685	0	0	0	0	0	0	0	0	0	0	0	0	0	0	0
S(2,-2)SumVarnc	694.54397	0	0	0	0	0	0	0	0	0	0	0	0	0	0	0
S(2,-2)SumEntrp	2.0260617	0	0	0	0	0	0	0	0	0	0	0	0	0	0	0
S(2,-2)Entropy	3.6022255	0	0	0	0	0	0	0	0	0	0	0	0	0	0	0
S(2,-2)DifVarnc	232.84604	0	0	0	0	0	0	0	0	0	0	0	0	0	0	0
S(2,-2)DifEntrp	1.7307114	0	0	0	0	0	0	0	0	0	0	0	0	0	0	0
_Area_S(3,0)	129536	0	0	0	0	0	0	0	0	0	0	0	0	0	0	0
S(3,0)AngScMom	0.0002560774	0	0	0	0	0	0	0	0	0	0	0	0	0	0	0
S(3,0)Contrast	687.12684	0	0	0	0	0	0	0	0	0	0	0	0	0	0	0
S(3,0)Correlat	0.013563652	0	0	0	0	0	0	0	0	0	0	0	0	0	0	0
S(3,0)SumOfSqs	348.28747	0	0	0	0	0	0	0	0	0	0	0	0	0	0	0
S(3,0)InvDfMom	0.047730565	0	0	0	0	0	0	0	0	0	0	0	0	0	0	0
S(3,0)SumAverg	64.539665	0	0	0	0	0	0	0	0	0	0	0	0	0	0	0
S(3,0)SumVarnc	706.02304	0	0	0	0	0	0	0	0	0	0	0	0	0	0	0
S(3,0)SumEntrp	2.0291884	0	0	0	0	0	0	0	0	0	0	0	0	0	0	0
S(3,0)Entropy	3.6018173	0	0	0	0	0	0	0	0	0	0	0	0	0	0	0
S(3,0)DifVarnc	228.75717	0	0	0	0	0	0	0	0	0	0	0	0	0	0	0
S(3,0)DifEntrp	1.7282206	0	0	0	0	0	0	0	0	0	0	0	0	0	0	0
_Area_S(0,3)	129536	0	0	0	0	0	0	0	0	0	0	0	0	0	0	0
S(0,3)AngScMom	0.00025563067	0	0	0	0	0	0	0	0	0	0	0	0	0	0	0
S(0,3)Contrast	693.32499	0	0	0	0	0	0	0	0	0	0	0	0	0	0	0
S(0,3)Correlat	0.0036873441	0	0	0	0	0	0	0	0	0	0	0	0	0	0	0
S(0,3)SumOfSqs	347.94549	0	0	0	0	0	0	0	0	0	0	0	0	0	0	0
S(0,3)InvDfMom	0.045905075	0	0	0	0	0	0	0	0	0	0	0	0	0	0	0
S(0,3)SumAverg	64.524534	0	0	0	0	0	0	0	0	0	0	0	0	0	0	0
S(0,3)SumVarnc	698.45697	0	0	0	0	0	0	0	0	0	0	0	0	0	0	0
S(0,3)SumEntrp	2.027256	0	0	0	0	0	0	0	0	0	0	0	0	0	0	0
S(0,3)Entropy	3.6020919	0	0	0	0	0	0	0	0	0	0	0	0	0	0	0
S(0,3)DifVarnc	231.31596	0	0	0	0	0	0	0	0	0	0	0	0	0	0	0
S(0,3)DifEntrp	1.729786	0	0	0	0	0	0	0	0	0	0	0	0	0	0	0
_Area_S(3,3)	128018	0	0	0	0	0	0	0	0	0	0	0	0	0	0	0
S(3,3)AngScMom	0.00025536274	0	0	0	0	0	0	0	0	0	0	0	0	0	0	0
S(3,3)Contrast	694.06244	0	0	0	0	0	0	0	0	0	0	0	0	0	0	0
S(3,3)Correlat	0.0028746333	0	0	0	0	0	0	0	0	0	0	0	0	0	0	0
S(3,3)SumOfSqs	348.03169	0	0	0	0	0	0	0	0	0	0	0	0	0	0	0
S(3,3)InvDfMom	0.046503715	0	0	0	0	0	0	0	0	0	0	0	0	0	0	0
S(3,3)SumAverg	64.519599	0	0	0	0	0	0	0	0	0	0	0	0	0	0	0
S(3,3)SumVarnc	698.0643	0	0	0	0	0	0	0	0	0	0	0	0	0	0	0
S(3,3)SumEntrp	2.0271636	0	0	0	0	0	0	0	0	0	0	0	0	0	0	0
S(3,3)Entropy	3.6023115	0	0	0	0	0	0	0	0	0	0	0	0	0	0	0
S(3,3)DifVarnc	231.75635	0	0	0	0	0	0	0	0	0	0	0	0	0	0	0
S(3,3)DifEntrp	1.7299307	0	0	0	0	0	0	0	0	0	0	0	0	0	0	0
_Area_S(3,-3)	128018	0	0	0	0	0	0	0	0	0	0	0	0	0	0	0
S(3,-3)AngScMom	0.0002556876	0	0	0	0	0	0	0	0	0	0	0	0	0	0	0
S(3,-3)Contrast	692.72951	0	0	0	0	0	0	0	0	0	0	0	0	0	0	0
S(3,-3)Correlat	0.0047174891	0	0	0	0	0	0	0	0	0	0	0	0	0	0	0
S(3,-3)SumOfSqs	348.00647	0	0	0	0	0	0	0	0	0	0	0	0	0	0	0
S(3,-3)InvDfMom	0.046405938	0	0	0	0	0	0	0	0	0	0	0	0	0	0	0
S(3,-3)SumAverg	64.521161	0	0	0	0	0	0	0	0	0	0	0	0	0	0	0
S(3,-3)SumVarnc	699.29637	0	0	0	0	0	0	0	0	0	0	0	0	0	0	0
S(3,-3)SumEntrp	2.0273197	0	0	0	0	0	0	0	0	0	0	0	0	0	0	0
S(3,-3)Entropy	3.6020518	0	0	0	0	0	0	0	0	0	0	0	0	0	0	0
S(3,-3)DifVarnc	231.49904	0	0	0	0	0	0	0	0	0	0	0	0	0	0	0
S(3,-3)DifEntrp	1.7297508	0	0	0	0	0	0	0	0	0	0	0	0	0	0	0
_Area_S(4,0)	129024	0	0	0	0	0	0	0	0	0	0	0	0	0	0	0
S(4,0)AngScMom	0.00025530731	0	0	0	0	0	0	0	0	0	0	0	0	0	0	0
S(4,0)Contrast	691.45646	0	0	0	0	0	0	0	0	0	0	0	0	0	0	0
S(4,0)Correlat	0.0073518498	0	0	0	0	0	0	0	0	0	0	0	0	0	0	0
S(4,0)SumOfSqs	348.2888	0	0	0	0	0	0	0	0	0	0	0	0	0	0	0
S(4,0)InvDfMom	0.046774216	0	0	0	0	0	0	0	0	0	0	0	0	0	0	0
S(4,0)SumAverg	64.550394	0	0	0	0	0	0	0	0	0	0	0	0	0	0	0
S(4,0)SumVarnc	701.69873	0	0	0	0	0	0	0	0	0	0	0	0	0	0	0
S(4,0)SumEntrp	2.0280408	0	0	0	0	0	0	0	0	0	0	0	0	0	0	0
S(4,0)Entropy	3.6023569	0	0	0	0	0	0	0	0	0	0	0	0	0	0	0
S(4,0)DifVarnc	230.49798	0	0	0	0	0	0	0	0	0	0	0	0	0	0	0
S(4,0)DifEntrp	1.7291144	0	0	0	0	0	0	0	0	0	0	0	0	0	0	0
_Area_S(0,4)	129024	0	0	0	0	0	0	0	0	0	0	0	0	0	0	0
S(0,4)AngScMom	0.00025555096	0	0	0	0	0	0	0	0	0	0	0	0	0	0	0
S(0,4)Contrast	698.49178	0	0	0	0	0	0	0	0	0	0	0	0	0	0	0
S(0,4)Correlat	-0.0036736005	0	0	0	0	0	0	0	0	0	0	0	0	0	0	0
S(0,4)SumOfSqs	347.9676	0	0	0	0	0	0	0	0	0	0	0	0	0	0	0
S(0,4)InvDfMom	0.046522953	0	0	0	0	0	0	0	0	0	0	0	0	0	0	0
S(0,4)SumAverg	64.538814	0	0	0	0	0	0	0	0	0	0	0	0	0	0	0
S(0,4)SumVarnc	693.37861	0	0	0	0	0	0	0	0	0	0	0	0	0	0	0
S(0,4)SumEntrp	2.0260403	0	0	0	0	0	0	0	0	0	0	0	0	0	0	0
S(0,4)Entropy	3.6022341	0	0	0	0	0	0	0	0	0	0	0	0	0	0	0
S(0,4)DifVarnc	232.56585	0	0	0	0	0	0	0	0	0	0	0	0	0	0	0
S(0,4)DifEntrp	1.7312858	0	0	0	0	0	0	0	0	0	0	0	0	0	0	0
_Area_S(4,4)	127008	0	0	0	0	0	0	0	0	0	0	0	0	0	0	0
S(4,4)AngScMom	0.00025557224	0	0	0	0	0	0	0	0	0	0	0	0	0	0	0
S(4,4)Contrast	696.82404	0	0	0	0	0	0	0	0	0	0	0	0	0	0	0
S(4,4)Correlat	-0.0010448869	0	0	0	0	0	0	0	0	0	0	0	0	0	0	0
S(4,4)SumOfSqs	348.04835	0	0	0	0	0	0	0	0	0	0	0	0	0	0	0
S(4,4)InvDfMom	0.046270072	0	0	0	0	0	0	0	0	0	0	0	0	0	0	0
S(4,4)SumAverg	64.546328	0	0	0	0	0	0	0	0	0	0	0	0	0	0	0
S(4,4)SumVarnc	695.36936	0	0	0	0	0	0	0	0	0	0	0	0	0	0	0
S(4,4)SumEntrp	2.026331	0	0	0	0	0	0	0	0	0	0	0	0	0	0	0
S(4,4)Entropy	3.6021197	0	0	0	0	0	0	0	0	0	0	0	0	0	0	0
S(4,4)DifVarnc	231.87109	0	0	0	0	0	0	0	0	0	0	0	0	0	0	0
S(4,4)DifEntrp	1.7305646	0	0	0	0	0	0	0	0	0	0	0	0	0	0	0
_Area_S(4,-4)	127008	0	0	0	0	0	0	0	0	0	0	0	0	0	0	0
S(4,-4)AngScMom	0.00025523165	0	0	0	0	0	0	0	0	0	0	0	0	0	0	0
S(4,-4)Contrast	699.58269	0	0	0	0	0	0	0	0	0	0	0	0	0	0	0
S(4,-4)Correlat	-0.0050399041	0	0	0	0	0	0	0	0	0	0	0	0	0	0	0
S(4,-4)SumOfSqs	348.03727	0	0	0	0	0	0	0	0	0	0	0	0	0	0	0
S(4,-4)InvDfMom	0.047706474	0	0	0	0	0	0	0	0	0	0	0	0	0	0	0
S(4,-4)SumAverg	64.545588	0	0	0	0	0	0	0	0	0	0	0	0	0	0	0
S(4,-4)SumVarnc	692.56639	0	0	0	0	0	0	0	0	0	0	0	0	0	0	0
S(4,-4)SumEntrp	2.0256378	0	0	0	0	0	0	0	0	0	0	0	0	0	0	0
S(4,-4)Entropy	3.6024942	0	0	0	0	0	0	0	0	0	0	0	0	0	0	0
S(4,-4)DifVarnc	234.40357	0	0	0	0	0	0	0	0	0	0	0	0	0	0	0
S(4,-4)DifEntrp	1.7312411	0	0	0	0	0	0	0	0	0	0	0	0	0	0	0
_Area_S(5,0)	128512	0	0	0	0	0	0	0	0	0	0	0	0	0	0	0
S(5,0)AngScMom	0.00025591441	0	0	0	0	0	0	0	0	0	0	0	0	0	0	0
S(5,0)Contrast	695.24122	0	0	0	0	0	0	0	0	0	0	0	0	0	0	0
S(5,0)Correlat	0.0019186429	0	0	0	0	0	0	0	0	0	0	0	0	0	0	0
S(5,0)SumOfSqs	348.28885	0	0	0	0	0	0	0	0	0	0	0	0	0	0	0
S(5,0)InvDfMom	0.046141137	0	0	0	0	0	0	0	0	0	0	0	0	0	0	0
S(5,0)SumAverg	64.558485	0	0	0	0	0	0	0	0	0	0	0	0	0	0	0
S(5,0)SumVarnc	697.91419	0	0	0	0	0	0	0	0	0	0	0	0	0	0	0
S(5,0)SumEntrp	2.0268614	0	0	0	0	0	0	0	0	0	0	0	0	0	0	0
S(5,0)Entropy	3.6019102	0	0	0	0	0	0	0	0	0	0	0	0	0	0	0
S(5,0)DifVarnc	232.25615	0	0	0	0	0	0	0	0	0	0	0	0	0	0	0
S(5,0)DifEntrp	1.7302304	0	0	0	0	0	0	0	0	0	0	0	0	0	0	0
_Area_S(0,5)	128512	0	0	0	0	0	0	0	0	0	0	0	0	0	0	0
S(0,5)AngScMom	0.00025532514	0	0	0	0	0	0	0	0	0	0	0	0	0	0	0
S(0,5)Contrast	691.78553	0	0	0	0	0	0	0	0	0	0	0	0	0	0	0
S(0,5)Correlat	0.0060934183	0	0	0	0	0	0	0	0	0	0	0	0	0	0	0
S(0,5)SumOfSqs	348.01336	0	0	0	0	0	0	0	0	0	0	0	0	0	0	0
S(0,5)InvDfMom	0.047336441	0	0	0	0	0	0	0	0	0	0	0	0	0	0	0
S(0,5)SumAverg	64.532106	0	0	0	0	0	0	0	0	0	0	0	0	0	0	0
S(0,5)SumVarnc	700.26789	0	0	0	0	0	0	0	0	0	0	0	0	0	0	0
S(0,5)SumEntrp	2.0277298	0	0	0	0	0	0	0	0	0	0	0	0	0	0	0
S(0,5)Entropy	3.6023447	0	0	0	0	0	0	0	0	0	0	0	0	0	0	0
S(0,5)DifVarnc	230.72259	0	0	0	0	0	0	0	0	0	0	0	0	0	0	0
S(0,5)DifEntrp	1.7293329	0	0	0	0	0	0	0	0	0	0	0	0	0	0	0
_Area_S(5,5)	126002	0	0	0	0	0	0	0	0	0	0	0	0	0	0	0
S(5,5)AngScMom	0.00025605272	0	0	0	0	0	0	0	0	0	0	0	0	0	0	0
S(5,5)Contrast	689.96433	0	0	0	0	0	0	0	0	0	0	0	0	0	0	0
S(5,5)Correlat	0.0089484376	0	0	0	0	0	0	0	0	0	0	0	0	0	0	0
S(5,5)SumOfSqs	348.09709	0	0	0	0	0	0	0	0	0	0	0	0	0	0	0
S(5,5)InvDfMom	0.046549574	0	0	0	0	0	0	0	0	0	0	0	0	0	0	0
S(5,5)SumAverg	64.547753	0	0	0	0	0	0	0	0	0	0	0	0	0	0	0
S(5,5)SumVarnc	702.42403	0	0	0	0	0	0	0	0	0	0	0	0	0	0	0
S(5,5)SumEntrp	2.0282447	0	0	0	0	0	0	0	0	0	0	0	0	0	0	0
S(5,5)Entropy	3.601761	0	0	0	0	0	0	0	0	0	0	0	0	0	0	0
S(5,5)DifVarnc	230.49656	0	0	0	0	0	0	0	0	0	0	0	0	0	0	0
S(5,5)DifEntrp	1.7287251	0	0	0	0	0	0	0	0	0	0	0	0	0	0	0
_Area_S(5,-5)	126002	0	0	0	0	0	0	0	0	0	0	0	0	0	0	0
S(5,-5)AngScMom	0.00025534752	0	0	0	0	0	0	0	0	0	0	0	0	0	0	0
S(5,-5)Contrast	696.63743	0	0	0	0	0	0	0	0	0	0	0	0	0	0	0
S(5,-5)Correlat	-0.00070747199	0	0	0	0	0	0	0	0	0	0	0	0	0	0	0
S(5,-5)SumOfSqs	348.07247	0	0	0	0	0	0	0	0	0	0	0	0	0	0	0
S(5,-5)InvDfMom	0.046231222	0	0	0	0	0	0	0	0	0	0	0	0	0	0	0
S(5,-5)SumAverg	64.546737	0	0	0	0	0	0	0	0	0	0	0	0	0	0	0
S(5,-5)SumVarnc	695.65243	0	0	0	0	0	0	0	0	0	0	0	0	0	0	0
S(5,-5)SumEntrp	2.0261736	0	0	0	0	0	0	0	0	0	0	0	0	0	0	0
S(5,-5)Entropy	3.602375	0	0	0	0	0	0	0	0	0	0	0	0	0	0	0
S(5,-5)DifVarnc	233.29918	0	0	0	0	0	0	0	0	0	0	0	0	0	0	0
S(5,-5)DifEntrp	1.7306286	0	0	0	0	0	0	0	0	0	0	0	0	0	0	0
Horzl_RLNonUni	62183.981	0	0	0	0	0	0	0	0	0	0	0	0	0	0	0
Horzl_GLevNonU	1013.1475	0	0	0	0	0	0	0	0	0	0	0	0	0	0	0
Horzl_LngREmph	1.054546	0	0	0	0	0	0	0	0	0	0	0	0	0	0	0
Horzl_ShrtREmp	0.98689037	0	0	0	0	0	0	0	0	0	0	0	0	0	0	0
Horzl_Fraction	0.98245239	0	0	0	0	0	0	0	0	0	0	0	0	0	0	0
Vertl_RLNonUni	62427.887	0	0	0	0	0	0	0	0	0	0	0	0	0	0	0
Vertl_GLevNonU	1014.5107	0	0	0	0	0	0	0	0	0	0	0	0	0	0	0
Vertl_LngREmph	1.0500194	0	0	0	0	0	0	0	0	0	0	0	0	0	0	0
Vertl_ShrtREmp	0.98785705	0	0	0	0	0	0	0	0	0	0	0	0	0	0	0
Vertl_Fraction	0.98381042	0	0	0	0	0	0	0	0	0	0	0	0	0	0	0
45dgr_RLNonUni	62522.011	0	0	0	0	0	0	0	0	0	0	0	0	0	0	0
45dgr_GLevNonU	1015.1001	0	0	0	0	0	0	0	0	0	0	0	0	0	0	0
45dgr_LngREmph	1.0483188	0	0	0	0	0	0	0	0	0	0	0	0	0	0	0
45dgr_ShrtREmp	0.98823032	0	0	0	0	0	0	0	0	0	0	0	0	0	0	0
45dgr_Fraction	0.98432922	0	0	0	0	0	0	0	0	0	0	0	0	0	0	0
135dr_RLNonUni	62640.474	0	0	0	0	0	0	0	0	0	0	0	0	0	0	0
135dr_GLevNonU	1015.7347	0	0	0	0	0	0	0	0	0	0	0	0	0	0	0
135dr_LngREmph	1.04657	0	0	0	0	0	0	0	0	0	0	0	0	0	0	0
135dr_ShrtREmp	0.98871092	0	0	0	0	0	0	0	0	0	0	0	0	0	0	0
135dr_Fraction	0.98492432	0	0	0	0	0	0	0	0	0	0	0	0	0	0	0
_AreaGr	64516	0	0	0	0	0	0	0	0	0	0	0	0	0	0	0
GrMean	8.3873161	0	0	0	0	0	0	0	0	0	0	0	0	0	0	0
GrVariance	15.883926	0	0	0	0	0	0	0	0	0	0	0	0	0	0	0
GrSkewness	0.17372925	0	0	0	0	0	0	0	0	0	0	0	0	0	0	0
GrKurtosis	-0.66681728	0	0	0	0	0	0	0	0	0	0	0	0	0	0	0
GrNonZeros	0.99617149	0	0	0	0	0	0	0	0	0	0	0	0	0	0	0
_AreaARM	64770	0	0	0	0	0	0	0	0	0	0	0	0	0	0	0
Teta1	0.02728099	0	0	0	0	0	0	0	0	0	0	0	0	0	0	0
Teta2	-0.0014727326	0	0	0	0	0	0	0	0	0	0	0	0	0	0	0
Teta3	0.003626668	0	0	0	0	0	0	0	0	0	0	0	0	0	0	0
Teta4	0.0025310156	0	0	0	0	0	0	0	0	0	0	0	0	0	0	0
Sigma	0.99897773	0	0	0	0	0	0	0	0	0	0	0	0	0	0	0
WavEnLL_s-1	17474.002	0	0	0	0	0	0	0	0	0	0	0	0	0	0	0
WavEnLH_s-1	1416.7812	0	0	0	0	0	0	0	0	0	0	0	0	0	0	0
WavEnHL_s-1	1362.0982	0	0	0	0	0	0	0	0	0	0	0	0	0	0	0
WavEnHH_s-1	1347.3919	0	0	0	0	0	0	0	0	0	0	0	0	0	0	0
WavEnLL_s-2	16391.985	0	0	0	0	0	0	0	0	0	0	0	0	0	0	0
WavEnLH_s-2	394.53011	0	0	0	0	0	0	0	0	0	0	0	0	0	0	0
WavEnHL_s-2	334.08795	0	0	0	0	0	0	0	0	0	0	0	0	0	0	0
WavEnHH_s-2	353.39879	0	0	0	0	0	0	0	0	0	0	0	0	0	0	0
WavEnLL_s-3	16120.307	0	0	0	0	0	0	0	0	0	0	0	0	0	0	0
WavEnLH_s-3	92.949787	0	0	0	0	0	0	0	0	0	0	0	0	0	0	0
WavEnHL_s-3	88.447501	0	0	0	0	0	0	0	0	0	0	0	0	0	0	0
WavEnHH_s-3	90.280537	0	0	0	0	0	0	0	0	0	0	0	0	0	0	0
WavEnLL_s-4	16045.167	0	0	0	0	0	0	0	0	0	0	0	0	0	0	0
WavEnLH_s-4	25.146274	0	0	0	0	0	0	0	0	0	0	0	0	0	0	0
WavEnHL_s-4	23.797884	0	0	0	0	0	0	0	0	0	0	0	0	0	0	0
WavEnHH_s-4	26.196613	0	0	0	0	0	0	0	0	0	0	0	0	0	0	0
