Image File: cushion1-a-p016.png 
ROI File: allred.roi 
Image size: 256 x 256
Min. lum.: 1
Max. lum.: 256
Bits/pixel: 8

Normalisation =  No
Histogram analysis = Yes
CO matrix analysis = Yes, Dimensions = 6 x 6, Distances = 1 2 3 4 5
RL matrix analysis = Yes, Dimension = 6
Gradient analysis = Yes, Max pixel value = 16
AR model analysis = Yes
Wavelet analysis = Yes

--------------- CLASS NAMES ----------------

----------------- FEATURES -----------------
_Area	65536	0	0	0	0	0	0	0	0	0	0	0	0	0	0	0
Mean	130.73244	0	0	0	0	0	0	0	0	0	0	0	0	0	0	0
Variance	5318.8595	0	0	0	0	0	0	0	0	0	0	0	0	0	0	0
Skewness	-0.014825466	0	0	0	0	0	0	0	0	0	0	0	0	0	0	0
Kurtosis	-1.1839085	0	0	0	0	0	0	0	0	0	0	0	0	0	0	0
Perc.01%	4	0	0	0	0	0	0	0	0	0	0	0	0	0	0	0
Perc.10%	30	0	0	0	0	0	0	0	0	0	0	0	0	0	0	0
Perc.50%	131	0	0	0	0	0	0	0	0	0	0	0	0	0	0	0
Perc.90%	232	0	0	0	0	0	0	0	0	0	0	0	0	0	0	0
Perc.99%	254	0	0	0	0	0	0	0	0	0	0	0	0	0	0	0
_Area_S(1,0)	130560	0	0	0	0	0	0	0	0	0	0	0	0	0	0	0
S(1,0)AngScMom	0.00026324913	0	0	0	0	0	0	0	0	0	0	0	0	0	0	0
S(1,0)Contrast	630.67655	0	0	0	0	0	0	0	0	0	0	0	0	0	0	0
S(1,0)Correlat	0.049703937	0	0	0	0	0	0	0	0	0	0	0	0	0	0	0
S(1,0)SumOfSqs	331.83161	0	0	0	0	0	0	0	0	0	0	0	0	0	0	0
S(1,0)InvDfMom	0.051965033	0	0	0	0	0	0	0	0	0	0	0	0	0	0	0
S(1,0)SumAverg	66.102037	0	0	0	0	0	0	0	0	0	0	0	0	0	0	0
S(1,0)SumVarnc	696.6499	0	0	0	0	0	0	0	0	0	0	0	0	0	0	0
S(1,0)SumEntrp	2.0264778	0	0	0	0	0	0	0	0	0	0	0	0	0	0	0
S(1,0)Entropy	3.5955531	0	0	0	0	0	0	0	0	0	0	0	0	0	0	0
S(1,0)DifVarnc	213.55912	0	0	0	0	0	0	0	0	0	0	0	0	0	0	0
S(1,0)DifEntrp	1.7115969	0	0	0	0	0	0	0	0	0	0	0	0	0	0	0
_Area_S(0,1)	130560	0	0	0	0	0	0	0	0	0	0	0	0	0	0	0
S(0,1)AngScMom	0.00025828712	0	0	0	0	0	0	0	0	0	0	0	0	0	0	0
S(0,1)Contrast	656.92094	0	0	0	0	0	0	0	0	0	0	0	0	0	0	0
S(0,1)Correlat	0.0095766028	0	0	0	0	0	0	0	0	0	0	0	0	0	0	0
S(0,1)SumOfSqs	331.63642	0	0	0	0	0	0	0	0	0	0	0	0	0	0	0
S(0,1)InvDfMom	0.047809055	0	0	0	0	0	0	0	0	0	0	0	0	0	0	0
S(0,1)SumAverg	66.107889	0	0	0	0	0	0	0	0	0	0	0	0	0	0	0
S(0,1)SumVarnc	669.62474	0	0	0	0	0	0	0	0	0	0	0	0	0	0	0
S(0,1)SumEntrp	2.0190599	0	0	0	0	0	0	0	0	0	0	0	0	0	0	0
S(0,1)Entropy	3.5996586	0	0	0	0	0	0	0	0	0	0	0	0	0	0	0
S(0,1)DifVarnc	220.22427	0	0	0	0	0	0	0	0	0	0	0	0	0	0	0
S(0,1)DifEntrp	1.7195975	0	0	0	0	0	0	0	0	0	0	0	0	0	0	0
_Area_S(1,1)	130050	0	0	0	0	0	0	0	0	0	0	0	0	0	0	0
S(1,1)AngScMom	0.00025820832	0	0	0	0	0	0	0	0	0	0	0	0	0	0	0
S(1,1)Contrast	663.29733	0	0	0	0	0	0	0	0	0	0	0	0	0	0	0
S(1,1)Correlat	-9.9853426e-05	0	0	0	0	0	0	0	0	0	0	0	0	0	0	0
S(1,1)SumOfSqs	331.61555	0	0	0	0	0	0	0	0	0	0	0	0	0	0	0
S(1,1)InvDfMom	0.04695944	0	0	0	0	0	0	0	0	0	0	0	0	0	0	0
S(1,1)SumAverg	66.108158	0	0	0	0	0	0	0	0	0	0	0	0	0	0	0
S(1,1)SumVarnc	663.16488	0	0	0	0	0	0	0	0	0	0	0	0	0	0	0
S(1,1)SumEntrp	2.0171819	0	0	0	0	0	0	0	0	0	0	0	0	0	0	0
S(1,1)Entropy	3.5997396	0	0	0	0	0	0	0	0	0	0	0	0	0	0	0
S(1,1)DifVarnc	221.34217	0	0	0	0	0	0	0	0	0	0	0	0	0	0	0
S(1,1)DifEntrp	1.7212331	0	0	0	0	0	0	0	0	0	0	0	0	0	0	0
_Area_S(1,-1)	130050	0	0	0	0	0	0	0	0	0	0	0	0	0	0	0
S(1,-1)AngScMom	0.00025855516	0	0	0	0	0	0	0	0	0	0	0	0	0	0	0
S(1,-1)Contrast	660.34753	0	0	0	0	0	0	0	0	0	0	0	0	0	0	0
S(1,-1)Correlat	0.0043457727	0	0	0	0	0	0	0	0	0	0	0	0	0	0	0
S(1,-1)SumOfSqs	331.61489	0	0	0	0	0	0	0	0	0	0	0	0	0	0	0
S(1,-1)InvDfMom	0.048635881	0	0	0	0	0	0	0	0	0	0	0	0	0	0	0
S(1,-1)SumAverg	66.108389	0	0	0	0	0	0	0	0	0	0	0	0	0	0	0
S(1,-1)SumVarnc	666.11202	0	0	0	0	0	0	0	0	0	0	0	0	0	0	0
S(1,-1)SumEntrp	2.0181718	0	0	0	0	0	0	0	0	0	0	0	0	0	0	0
S(1,-1)Entropy	3.5994907	0	0	0	0	0	0	0	0	0	0	0	0	0	0	0
S(1,-1)DifVarnc	221.61625	0	0	0	0	0	0	0	0	0	0	0	0	0	0	0
S(1,-1)DifEntrp	1.7204211	0	0	0	0	0	0	0	0	0	0	0	0	0	0	0
_Area_S(2,0)	130048	0	0	0	0	0	0	0	0	0	0	0	0	0	0	0
S(2,0)AngScMom	0.00025985411	0	0	0	0	0	0	0	0	0	0	0	0	0	0	0
S(2,0)Contrast	647.6778	0	0	0	0	0	0	0	0	0	0	0	0	0	0	0
S(2,0)Correlat	0.023996762	0	0	0	0	0	0	0	0	0	0	0	0	0	0	0
S(2,0)SumOfSqs	331.80105	0	0	0	0	0	0	0	0	0	0	0	0	0	0	0
S(2,0)InvDfMom	0.050595905	0	0	0	0	0	0	0	0	0	0	0	0	0	0	0
S(2,0)SumAverg	66.100778	0	0	0	0	0	0	0	0	0	0	0	0	0	0	0
S(2,0)SumVarnc	679.5264	0	0	0	0	0	0	0	0	0	0	0	0	0	0	0
S(2,0)SumEntrp	2.0220669	0	0	0	0	0	0	0	0	0	0	0	0	0	0	0
S(2,0)Entropy	3.5983247	0	0	0	0	0	0	0	0	0	0	0	0	0	0	0
S(2,0)DifVarnc	217.68759	0	0	0	0	0	0	0	0	0	0	0	0	0	0	0
S(2,0)DifEntrp	1.7170618	0	0	0	0	0	0	0	0	0	0	0	0	0	0	0
_Area_S(0,2)	130048	0	0	0	0	0	0	0	0	0	0	0	0	0	0	0
S(0,2)AngScMom	0.00025815312	0	0	0	0	0	0	0	0	0	0	0	0	0	0	0
S(0,2)Contrast	664.08414	0	0	0	0	0	0	0	0	0	0	0	0	0	0	0
S(0,2)Correlat	-0.0013860915	0	0	0	0	0	0	0	0	0	0	0	0	0	0	0
S(0,2)SumOfSqs	331.58247	0	0	0	0	0	0	0	0	0	0	0	0	0	0	0
S(0,2)InvDfMom	0.047429474	0	0	0	0	0	0	0	0	0	0	0	0	0	0	0
S(0,2)SumAverg	66.09355	0	0	0	0	0	0	0	0	0	0	0	0	0	0	0
S(0,2)SumVarnc	662.24572	0	0	0	0	0	0	0	0	0	0	0	0	0	0	0
S(0,2)SumEntrp	2.0170035	0	0	0	0	0	0	0	0	0	0	0	0	0	0	0
S(0,2)Entropy	3.5998246	0	0	0	0	0	0	0	0	0	0	0	0	0	0	0
S(0,2)DifVarnc	221.79977	0	0	0	0	0	0	0	0	0	0	0	0	0	0	0
S(0,2)DifEntrp	1.7216653	0	0	0	0	0	0	0	0	0	0	0	0	0	0	0
_Area_S(2,2)	129032	0	0	0	0	0	0	0	0	0	0	0	0	0	0	0
S(2,2)AngScMom	0.00025858247	0	0	0	0	0	0	0	0	0	0	0	0	0	0	0
S(2,2)Contrast	658.83612	0	0	0	0	0	0	0	0	0	0	0	0	0	0	0
S(2,2)Correlat	0.0064042238	0	0	0	0	0	0	0	0	0	0	0	0	0	0	0
S(2,2)SumOfSqs	331.54132	0	0	0	0	0	0	0	0	0	0	0	0	0	0	0
S(2,2)InvDfMom	0.04722372	0	0	0	0	0	0	0	0	0	0	0	0	0	0	0
S(2,2)SumAverg	66.093977	0	0	0	0	0	0	0	0	0	0	0	0	0	0	0
S(2,2)SumVarnc	667.32918	0	0	0	0	0	0	0	0	0	0	0	0	0	0	0
S(2,2)SumEntrp	2.0181261	0	0	0	0	0	0	0	0	0	0	0	0	0	0	0
S(2,2)Entropy	3.5994231	0	0	0	0	0	0	0	0	0	0	0	0	0	0	0
S(2,2)DifVarnc	219.99414	0	0	0	0	0	0	0	0	0	0	0	0	0	0	0
S(2,2)DifEntrp	1.7198587	0	0	0	0	0	0	0	0	0	0	0	0	0	0	0
_Area_S(2,-2)	129032	0	0	0	0	0	0	0	0	0	0	0	0	0	0	0
S(2,-2)AngScMom	0.00025849682	0	0	0	0	0	0	0	0	0	0	0	0	0	0	0
S(2,-2)Contrast	665.62341	0	0	0	0	0	0	0	0	0	0	0	0	0	0	0
S(2,-2)Correlat	-0.0038518542	0	0	0	0	0	0	0	0	0	0	0	0	0	0	0
S(2,-2)SumOfSqs	331.53468	0	0	0	0	0	0	0	0	0	0	0	0	0	0	0
S(2,-2)InvDfMom	0.046766658	0	0	0	0	0	0	0	0	0	0	0	0	0	0	0
S(2,-2)SumAverg	66.09331	0	0	0	0	0	0	0	0	0	0	0	0	0	0	0
S(2,-2)SumVarnc	660.51532	0	0	0	0	0	0	0	0	0	0	0	0	0	0	0
S(2,-2)SumEntrp	2.0163718	0	0	0	0	0	0	0	0	0	0	0	0	0	0	0
S(2,-2)Entropy	3.5994883	0	0	0	0	0	0	0	0	0	0	0	0	0	0	0
S(2,-2)DifVarnc	221.15459	0	0	0	0	0	0	0	0	0	0	0	0	0	0	0
S(2,-2)DifEntrp	1.7218939	0	0	0	0	0	0	0	0	0	0	0	0	0	0	0
_Area_S(3,0)	129536	0	0	0	0	0	0	0	0	0	0	0	0	0	0	0
S(3,0)AngScMom	0.00025887938	0	0	0	0	0	0	0	0	0	0	0	0	0	0	0
S(3,0)Contrast	650.31712	0	0	0	0	0	0	0	0	0	0	0	0	0	0	0
S(3,0)Correlat	0.019862666	0	0	0	0	0	0	0	0	0	0	0	0	0	0	0
S(3,0)SumOfSqs	331.74796	0	0	0	0	0	0	0	0	0	0	0	0	0	0	0
S(3,0)InvDfMom	0.049237615	0	0	0	0	0	0	0	0	0	0	0	0	0	0	0
S(3,0)SumAverg	66.104203	0	0	0	0	0	0	0	0	0	0	0	0	0	0	0
S(3,0)SumVarnc	676.67471	0	0	0	0	0	0	0	0	0	0	0	0	0	0	0
S(3,0)SumEntrp	2.0216571	0	0	0	0	0	0	0	0	0	0	0	0	0	0	0
S(3,0)Entropy	3.5992037	0	0	0	0	0	0	0	0	0	0	0	0	0	0	0
S(3,0)DifVarnc	218.80386	0	0	0	0	0	0	0	0	0	0	0	0	0	0	0
S(3,0)DifEntrp	1.7178699	0	0	0	0	0	0	0	0	0	0	0	0	0	0	0
_Area_S(0,3)	129536	0	0	0	0	0	0	0	0	0	0	0	0	0	0	0
S(0,3)AngScMom	0.00025847949	0	0	0	0	0	0	0	0	0	0	0	0	0	0	0
S(0,3)Contrast	659.88974	0	0	0	0	0	0	0	0	0	0	0	0	0	0	0
S(0,3)Correlat	0.00499083	0	0	0	0	0	0	0	0	0	0	0	0	0	0	0
S(0,3)SumOfSqs	331.59983	0	0	0	0	0	0	0	0	0	0	0	0	0	0	0
S(0,3)InvDfMom	0.047447514	0	0	0	0	0	0	0	0	0	0	0	0	0	0	0
S(0,3)SumAverg	66.085243	0	0	0	0	0	0	0	0	0	0	0	0	0	0	0
S(0,3)SumVarnc	666.50958	0	0	0	0	0	0	0	0	0	0	0	0	0	0	0
S(0,3)SumEntrp	2.0178018	0	0	0	0	0	0	0	0	0	0	0	0	0	0	0
S(0,3)Entropy	3.5995515	0	0	0	0	0	0	0	0	0	0	0	0	0	0	0
S(0,3)DifVarnc	220.58386	0	0	0	0	0	0	0	0	0	0	0	0	0	0	0
S(0,3)DifEntrp	1.7203284	0	0	0	0	0	0	0	0	0	0	0	0	0	0	0
_Area_S(3,3)	128018	0	0	0	0	0	0	0	0	0	0	0	0	0	0	0
S(3,3)AngScMom	0.00025825195	0	0	0	0	0	0	0	0	0	0	0	0	0	0	0
S(3,3)Contrast	660.01186	0	0	0	0	0	0	0	0	0	0	0	0	0	0	0
S(3,3)Correlat	0.0045025895	0	0	0	0	0	0	0	0	0	0	0	0	0	0	0
S(3,3)SumOfSqs	331.49853	0	0	0	0	0	0	0	0	0	0	0	0	0	0	0
S(3,3)InvDfMom	0.047389832	0	0	0	0	0	0	0	0	0	0	0	0	0	0	0
S(3,3)SumAverg	66.088753	0	0	0	0	0	0	0	0	0	0	0	0	0	0	0
S(3,3)SumVarnc	665.98226	0	0	0	0	0	0	0	0	0	0	0	0	0	0	0
S(3,3)SumEntrp	2.0183305	0	0	0	0	0	0	0	0	0	0	0	0	0	0	0
S(3,3)Entropy	3.5996786	0	0	0	0	0	0	0	0	0	0	0	0	0	0	0
S(3,3)DifVarnc	219.80283	0	0	0	0	0	0	0	0	0	0	0	0	0	0	0
S(3,3)DifEntrp	1.7201961	0	0	0	0	0	0	0	0	0	0	0	0	0	0	0
_Area_S(3,-3)	128018	0	0	0	0	0	0	0	0	0	0	0	0	0	0	0
S(3,-3)AngScMom	0.00025819142	0	0	0	0	0	0	0	0	0	0	0	0	0	0	0
S(3,-3)Contrast	665.04698	0	0	0	0	0	0	0	0	0	0	0	0	0	0	0
S(3,-3)Correlat	-0.0030986828	0	0	0	0	0	0	0	0	0	0	0	0	0	0	0
S(3,-3)SumOfSqs	331.49629	0	0	0	0	0	0	0	0	0	0	0	0	0	0	0
S(3,-3)InvDfMom	0.047062659	0	0	0	0	0	0	0	0	0	0	0	0	0	0	0
S(3,-3)SumAverg	66.089144	0	0	0	0	0	0	0	0	0	0	0	0	0	0	0
S(3,-3)SumVarnc	660.93817	0	0	0	0	0	0	0	0	0	0	0	0	0	0	0
S(3,-3)SumEntrp	2.0165017	0	0	0	0	0	0	0	0	0	0	0	0	0	0	0
S(3,-3)Entropy	3.599754	0	0	0	0	0	0	0	0	0	0	0	0	0	0	0
S(3,-3)DifVarnc	221.68362	0	0	0	0	0	0	0	0	0	0	0	0	0	0	0
S(3,-3)DifEntrp	1.7217099	0	0	0	0	0	0	0	0	0	0	0	0	0	0	0
_Area_S(4,0)	129024	0	0	0	0	0	0	0	0	0	0	0	0	0	0	0
S(4,0)AngScMom	0.00025884785	0	0	0	0	0	0	0	0	0	0	0	0	0	0	0
S(4,0)Contrast	651.50397	0	0	0	0	0	0	0	0	0	0	0	0	0	0	0
S(4,0)Correlat	0.01781893	0	0	0	0	0	0	0	0	0	0	0	0	0	0	0
S(4,0)SumOfSqs	331.66184	0	0	0	0	0	0	0	0	0	0	0	0	0	0	0
S(4,0)InvDfMom	0.048874919	0	0	0	0	0	0	0	0	0	0	0	0	0	0	0
S(4,0)SumAverg	66.10302	0	0	0	0	0	0	0	0	0	0	0	0	0	0	0
S(4,0)SumVarnc	675.1434	0	0	0	0	0	0	0	0	0	0	0	0	0	0	0
S(4,0)SumEntrp	2.0205729	0	0	0	0	0	0	0	0	0	0	0	0	0	0	0
S(4,0)Entropy	3.5991737	0	0	0	0	0	0	0	0	0	0	0	0	0	0	0
S(4,0)DifVarnc	218.7012	0	0	0	0	0	0	0	0	0	0	0	0	0	0	0
S(4,0)DifEntrp	1.7179594	0	0	0	0	0	0	0	0	0	0	0	0	0	0	0
_Area_S(0,4)	129024	0	0	0	0	0	0	0	0	0	0	0	0	0	0	0
S(0,4)AngScMom	0.00025849728	0	0	0	0	0	0	0	0	0	0	0	0	0	0	0
S(0,4)Contrast	660.18584	0	0	0	0	0	0	0	0	0	0	0	0	0	0	0
S(0,4)Correlat	0.0047765315	0	0	0	0	0	0	0	0	0	0	0	0	0	0	0
S(0,4)SumOfSqs	331.67719	0	0	0	0	0	0	0	0	0	0	0	0	0	0	0
S(0,4)InvDfMom	0.047952914	0	0	0	0	0	0	0	0	0	0	0	0	0	0	0
S(0,4)SumAverg	66.080993	0	0	0	0	0	0	0	0	0	0	0	0	0	0	0
S(0,4)SumVarnc	666.52291	0	0	0	0	0	0	0	0	0	0	0	0	0	0	0
S(0,4)SumEntrp	2.0183273	0	0	0	0	0	0	0	0	0	0	0	0	0	0	0
S(0,4)Entropy	3.5995562	0	0	0	0	0	0	0	0	0	0	0	0	0	0	0
S(0,4)DifVarnc	220.97894	0	0	0	0	0	0	0	0	0	0	0	0	0	0	0
S(0,4)DifEntrp	1.7204981	0	0	0	0	0	0	0	0	0	0	0	0	0	0	0
_Area_S(4,4)	127008	0	0	0	0	0	0	0	0	0	0	0	0	0	0	0
S(4,4)AngScMom	0.00025893458	0	0	0	0	0	0	0	0	0	0	0	0	0	0	0
S(4,4)Contrast	667.27074	0	0	0	0	0	0	0	0	0	0	0	0	0	0	0
S(4,4)Correlat	-0.0064841464	0	0	0	0	0	0	0	0	0	0	0	0	0	0	0
S(4,4)SumOfSqs	331.48597	0	0	0	0	0	0	0	0	0	0	0	0	0	0	0
S(4,4)InvDfMom	0.047087482	0	0	0	0	0	0	0	0	0	0	0	0	0	0	0
S(4,4)SumAverg	66.084262	0	0	0	0	0	0	0	0	0	0	0	0	0	0	0
S(4,4)SumVarnc	658.67312	0	0	0	0	0	0	0	0	0	0	0	0	0	0	0
S(4,4)SumEntrp	2.0158928	0	0	0	0	0	0	0	0	0	0	0	0	0	0	0
S(4,4)Entropy	3.5990741	0	0	0	0	0	0	0	0	0	0	0	0	0	0	0
S(4,4)DifVarnc	222.67149	0	0	0	0	0	0	0	0	0	0	0	0	0	0	0
S(4,4)DifEntrp	1.7223427	0	0	0	0	0	0	0	0	0	0	0	0	0	0	0
_Area_S(4,-4)	127008	0	0	0	0	0	0	0	0	0	0	0	0	0	0	0
S(4,-4)AngScMom	0.00025822278	0	0	0	0	0	0	0	0	0	0	0	0	0	0	0
S(4,-4)Contrast	656.42027	0	0	0	0	0	0	0	0	0	0	0	0	0	0	0
S(4,-4)Correlat	0.0099127453	0	0	0	0	0	0	0	0	0	0	0	0	0	0	0
S(4,-4)SumOfSqs	331.49617	0	0	0	0	0	0	0	0	0	0	0	0	0	0	0
S(4,-4)InvDfMom	0.047767959	0	0	0	0	0	0	0	0	0	0	0	0	0	0	0
S(4,-4)SumAverg	66.084924	0	0	0	0	0	0	0	0	0	0	0	0	0	0	0
S(4,-4)SumVarnc	669.56442	0	0	0	0	0	0	0	0	0	0	0	0	0	0	0
S(4,-4)SumEntrp	2.0190466	0	0	0	0	0	0	0	0	0	0	0	0	0	0	0
S(4,-4)Entropy	3.5997607	0	0	0	0	0	0	0	0	0	0	0	0	0	0	0
S(4,-4)DifVarnc	219.766	0	0	0	0	0	0	0	0	0	0	0	0	0	0	0
S(4,-4)DifEntrp	1.7193544	0	0	0	0	0	0	0	0	0	0	0	0	0	0	0
_Area_S(5,0)	128512	0	0	0	0	0	0	0	0	0	0	0	0	0	0	0
S(5,0)AngScMom	0.00025850994	0	0	0	0	0	0	0	0	0	0	0	0	0	0	0
S(5,0)Contrast	658.12397	0	0	0	0	0	0	0	0	0	0	0	0	0	0	0
S(5,0)Correlat	0.0078766904	0	0	0	0	0	0	0	0	0	0	0	0	0	0	0
S(5,0)SumOfSqs	331.67448	0	0	0	0	0	0	0	0	0	0	0	0	0	0	0
S(5,0)InvDfMom	0.047931678	0	0	0	0	0	0	0	0	0	0	0	0	0	0	0
S(5,0)SumAverg	66.107134	0	0	0	0	0	0	0	0	0	0	0	0	0	0	0
S(5,0)SumVarnc	668.57396	0	0	0	0	0	0	0	0	0	0	0	0	0	0	0
S(5,0)SumEntrp	2.0188734	0	0	0	0	0	0	0	0	0	0	0	0	0	0	0
S(5,0)Entropy	3.5994576	0	0	0	0	0	0	0	0	0	0	0	0	0	0	0
S(5,0)DifVarnc	221.62773	0	0	0	0	0	0	0	0	0	0	0	0	0	0	0
S(5,0)DifEntrp	1.7197199	0	0	0	0	0	0	0	0	0	0	0	0	0	0	0
_Area_S(0,5)	128512	0	0	0	0	0	0	0	0	0	0	0	0	0	0	0
S(0,5)AngScMom	0.00025889334	0	0	0	0	0	0	0	0	0	0	0	0	0	0	0
S(0,5)Contrast	662.10819	0	0	0	0	0	0	0	0	0	0	0	0	0	0	0
S(0,5)Correlat	0.0017840373	0	0	0	0	0	0	0	0	0	0	0	0	0	0	0
S(0,5)SumOfSqs	331.64576	0	0	0	0	0	0	0	0	0	0	0	0	0	0	0
S(0,5)InvDfMom	0.047083883	0	0	0	0	0	0	0	0	0	0	0	0	0	0	0
S(0,5)SumAverg	66.062998	0	0	0	0	0	0	0	0	0	0	0	0	0	0	0
S(0,5)SumVarnc	664.47487	0	0	0	0	0	0	0	0	0	0	0	0	0	0	0
S(0,5)SumEntrp	2.0175994	0	0	0	0	0	0	0	0	0	0	0	0	0	0	0
S(0,5)Entropy	3.5991123	0	0	0	0	0	0	0	0	0	0	0	0	0	0	0
S(0,5)DifVarnc	220.0683	0	0	0	0	0	0	0	0	0	0	0	0	0	0	0
S(0,5)DifEntrp	1.7209717	0	0	0	0	0	0	0	0	0	0	0	0	0	0	0
_Area_S(5,5)	126002	0	0	0	0	0	0	0	0	0	0	0	0	0	0	0
S(5,5)AngScMom	0.00025927156	0	0	0	0	0	0	0	0	0	0	0	0	0	0	0
S(5,5)Contrast	662.00276	0	0	0	0	0	0	0	0	0	0	0	0	0	0	0
S(5,5)Correlat	0.0013953835	0	0	0	0	0	0	0	0	0	0	0	0	0	0	0
S(5,5)SumOfSqs	331.4639	0	0	0	0	0	0	0	0	0	0	0	0	0	0	0
S(5,5)InvDfMom	0.047042168	0	0	0	0	0	0	0	0	0	0	0	0	0	0	0
S(5,5)SumAverg	66.06984	0	0	0	0	0	0	0	0	0	0	0	0	0	0	0
S(5,5)SumVarnc	663.85284	0	0	0	0	0	0	0	0	0	0	0	0	0	0	0
S(5,5)SumEntrp	2.0174686	0	0	0	0	0	0	0	0	0	0	0	0	0	0	0
S(5,5)Entropy	3.5988594	0	0	0	0	0	0	0	0	0	0	0	0	0	0	0
S(5,5)DifVarnc	220.82875	0	0	0	0	0	0	0	0	0	0	0	0	0	0	0
S(5,5)DifEntrp	1.7208664	0	0	0	0	0	0	0	0	0	0	0	0	0	0	0
_Area_S(5,-5)	126002	0	0	0	0	0	0	0	0	0	0	0	0	0	0	0
S(5,-5)AngScMom	0.00025861273	0	0	0	0	0	0	0	0	0	0	0	0	0	0	0
S(5,-5)Contrast	661.46974	0	0	0	0	0	0	0	0	0	0	0	0	0	0	0
S(5,-5)Correlat	0.0022288036	0	0	0	0	0	0	0	0	0	0	0	0	0	0	0
S(5,-5)SumOfSqs	331.47366	0	0	0	0	0	0	0	0	0	0	0	0	0	0	0
S(5,-5)InvDfMom	0.047577173	0	0	0	0	0	0	0	0	0	0	0	0	0	0	0
S(5,-5)SumAverg	66.069697	0	0	0	0	0	0	0	0	0	0	0	0	0	0	0
S(5,-5)SumVarnc	664.4249	0	0	0	0	0	0	0	0	0	0	0	0	0	0	0
S(5,-5)SumEntrp	2.0176593	0	0	0	0	0	0	0	0	0	0	0	0	0	0	0
S(5,-5)Entropy	3.5993893	0	0	0	0	0	0	0	0	0	0	0	0	0	0	0
S(5,-5)DifVarnc	220.72303	0	0	0	0	0	0	0	0	0	0	0	0	0	0	0
S(5,-5)DifEntrp	1.7205724	0	0	0	0	0	0	0	0	0	0	0	0	0	0	0
Horzl_RLNonUni	62018.365	0	0	0	0	0	0	0	0	0	0	0	0	0	0	0
Horzl_GLevNonU	1018.0014	0	0	0	0	0	0	0	0	0	0	0	0	0	0	0
Horzl_LngREmph	1.0581614	0	0	0	0	0	0	0	0	0	0	0	0	0	0	0
Horzl_ShrtREmp	0.98624834	0	0	0	0	0	0	0	0	0	0	0	0	0	0	0
Horzl_Fraction	0.98146057	0	0	0	0	0	0	0	0	0	0	0	0	0	0	0
Vertl_RLNonUni	62356.42	0	0	0	0	0	0	0	0	0	0	0	0	0	0	0
Vertl_GLevNonU	1020.2969	0	0	0	0	0	0	0	0	0	0	0	0	0	0	0
Vertl_LngREmph	1.0512335	0	0	0	0	0	0	0	0	0	0	0	0	0	0	0
Vertl_ShrtREmp	0.9875709	0	0	0	0	0	0	0	0	0	0	0	0	0	0	0
Vertl_Fraction	0.98342896	0	0	0	0	0	0	0	0	0	0	0	0	0	0	0
45dgr_RLNonUni	62538.91	0	0	0	0	0	0	0	0	0	0	0	0	0	0	0
45dgr_GLevNonU	1021.1522	0	0	0	0	0	0	0	0	0	0	0	0	0	0	0
45dgr_LngREmph	1.0477386	0	0	0	0	0	0	0	0	0	0	0	0	0	0	0
45dgr_ShrtREmp	0.98828923	0	0	0	0	0	0	0	0	0	0	0	0	0	0	0
45dgr_Fraction	0.98446655	0	0	0	0	0	0	0	0	0	0	0	0	0	0	0
135dr_RLNonUni	62419.8	0	0	0	0	0	0	0	0	0	0	0	0	0	0	0
135dr_GLevNonU	1020.2917	0	0	0	0	0	0	0	0	0	0	0	0	0	0	0
135dr_LngREmph	1.0504584	0	0	0	0	0	0	0	0	0	0	0	0	0	0	0
135dr_ShrtREmp	0.98783352	0	0	0	0	0	0	0	0	0	0	0	0	0	0	0
135dr_Fraction	0.98371887	0	0	0	0	0	0	0	0	0	0	0	0	0	0	0
_AreaGr	64516	0	0	0	0	0	0	0	0	0	0	0	0	0	0	0
GrMean	8.1461813	0	0	0	0	0	0	0	0	0	0	0	0	0	0	0
GrVariance	15.111707	0	0	0	0	0	0	0	0	0	0	0	0	0	0	0
GrSkewness	0.19049132	0	0	0	0	0	0	0	0	0	0	0	0	0	0	0
GrKurtosis	-0.64396735	0	0	0	0	0	0	0	0	0	0	0	0	0	0	0
GrNonZeros	0.99581499	0	0	0	0	0	0	0	0	0	0	0	0	0	0	0
_AreaARM	64770	0	0	0	0	0	0	0	0	0	0	0	0	0	0	0
Teta1	0.049297984	0	0	0	0	0	0	0	0	0	0	0	0	0	0	0
Teta2	0.0034228166	0	0	0	0	0	0	0	0	0	0	0	0	0	0	0
Teta3	0.0095622577	0	0	0	0	0	0	0	0	0	0	0	0	0	0	0
Teta4	-0.0012507916	0	0	0	0	0	0	0	0	0	0	0	0	0	0	0
Sigma	0.99817533	0	0	0	0	0	0	0	0	0	0	0	0	0	0	0
WavEnLL_s-1	18241.508	0	0	0	0	0	0	0	0	0	0	0	0	0	0	0
WavEnLH_s-1	1391.2056	0	0	0	0	0	0	0	0	0	0	0	0	0	0	0
WavEnHL_s-1	1274.0808	0	0	0	0	0	0	0	0	0	0	0	0	0	0	0
WavEnHH_s-1	1242.5706	0	0	0	0	0	0	0	0	0	0	0	0	0	0	0
WavEnLL_s-2	17203.615	0	0	0	0	0	0	0	0	0	0	0	0	0	0	0
WavEnLH_s-2	371.96187	0	0	0	0	0	0	0	0	0	0	0	0	0	0	0
WavEnHL_s-2	334.17936	0	0	0	0	0	0	0	0	0	0	0	0	0	0	0
WavEnHH_s-2	331.75187	0	0	0	0	0	0	0	0	0	0	0	0	0	0	0
WavEnLL_s-3	16934.001	0	0	0	0	0	0	0	0	0	0	0	0	0	0	0
WavEnLH_s-3	96.029032	0	0	0	0	0	0	0	0	0	0	0	0	0	0	0
WavEnHL_s-3	86.462959	0	0	0	0	0	0	0	0	0	0	0	0	0	0	0
WavEnHH_s-3	87.122093	0	0	0	0	0	0	0	0	0	0	0	0	0	0	0
WavEnLL_s-4	16864.588	0	0	0	0	0	0	0	0	0	0	0	0	0	0	0
WavEnLH_s-4	26.661375	0	0	0	0	0	0	0	0	0	0	0	0	0	0	0
WavEnHL_s-4	22.470827	0	0	0	0	0	0	0	0	0	0	0	0	0	0	0
WavEnHH_s-4	20.28062	0	0	0	0	0	0	0	0	0	0	0	0	0	0	0
