Image File: cushion1-a-p029.png 
ROI File: allred.roi 
Image size: 256 x 256
Min. lum.: 1
Max. lum.: 256
Bits/pixel: 8

Normalisation =  No
Histogram analysis = Yes
CO matrix analysis = Yes, Dimensions = 6 x 6, Distances = 1 2 3 4 5
RL matrix analysis = Yes, Dimension = 6
Gradient analysis = Yes, Max pixel value = 16
AR model analysis = Yes
Wavelet analysis = Yes

--------------- CLASS NAMES ----------------

----------------- FEATURES -----------------
_Area	65536	0	0	0	0	0	0	0	0	0	0	0	0	0	0	0
Mean	128.29329	0	0	0	0	0	0	0	0	0	0	0	0	0	0	0
Variance	5648.7081	0	0	0	0	0	0	0	0	0	0	0	0	0	0	0
Skewness	0.0022695404	0	0	0	0	0	0	0	0	0	0	0	0	0	0	0
Kurtosis	-1.2163654	0	0	0	0	0	0	0	0	0	0	0	0	0	0	0
Perc.01%	2	0	0	0	0	0	0	0	0	0	0	0	0	0	0	0
Perc.10%	24	0	0	0	0	0	0	0	0	0	0	0	0	0	0	0
Perc.50%	128	0	0	0	0	0	0	0	0	0	0	0	0	0	0	0
Perc.90%	233	0	0	0	0	0	0	0	0	0	0	0	0	0	0	0
Perc.99%	254	0	0	0	0	0	0	0	0	0	0	0	0	0	0	0
_Area_S(1,0)	130560	0	0	0	0	0	0	0	0	0	0	0	0	0	0	0
S(1,0)AngScMom	0.00025935987	0	0	0	0	0	0	0	0	0	0	0	0	0	0	0
S(1,0)Contrast	672.50322	0	0	0	0	0	0	0	0	0	0	0	0	0	0	0
S(1,0)Correlat	0.046146542	0	0	0	0	0	0	0	0	0	0	0	0	0	0	0
S(1,0)SumOfSqs	352.51915	0	0	0	0	0	0	0	0	0	0	0	0	0	0	0
S(1,0)InvDfMom	0.049427166	0	0	0	0	0	0	0	0	0	0	0	0	0	0	0
S(1,0)SumAverg	64.882843	0	0	0	0	0	0	0	0	0	0	0	0	0	0	0
S(1,0)SumVarnc	737.57338	0	0	0	0	0	0	0	0	0	0	0	0	0	0	0
S(1,0)SumEntrp	2.0375189	0	0	0	0	0	0	0	0	0	0	0	0	0	0	0
S(1,0)Entropy	3.5992956	0	0	0	0	0	0	0	0	0	0	0	0	0	0	0
S(1,0)DifVarnc	227.13418	0	0	0	0	0	0	0	0	0	0	0	0	0	0	0
S(1,0)DifEntrp	1.7240914	0	0	0	0	0	0	0	0	0	0	0	0	0	0	0
_Area_S(0,1)	130560	0	0	0	0	0	0	0	0	0	0	0	0	0	0	0
S(0,1)AngScMom	0.00025581392	0	0	0	0	0	0	0	0	0	0	0	0	0	0	0
S(0,1)Contrast	705.35524	0	0	0	0	0	0	0	0	0	0	0	0	0	0	0
S(0,1)Correlat	-0.00075269354	0	0	0	0	0	0	0	0	0	0	0	0	0	0	0
S(0,1)SumOfSqs	352.41236	0	0	0	0	0	0	0	0	0	0	0	0	0	0	0
S(0,1)InvDfMom	0.047143966	0	0	0	0	0	0	0	0	0	0	0	0	0	0	0
S(0,1)SumAverg	64.896722	0	0	0	0	0	0	0	0	0	0	0	0	0	0	0
S(0,1)SumVarnc	704.2942	0	0	0	0	0	0	0	0	0	0	0	0	0	0	0
S(0,1)SumEntrp	2.0286036	0	0	0	0	0	0	0	0	0	0	0	0	0	0	0
S(0,1)Entropy	3.6019954	0	0	0	0	0	0	0	0	0	0	0	0	0	0	0
S(0,1)DifVarnc	235.74483	0	0	0	0	0	0	0	0	0	0	0	0	0	0	0
S(0,1)DifEntrp	1.7329853	0	0	0	0	0	0	0	0	0	0	0	0	0	0	0
_Area_S(1,1)	130050	0	0	0	0	0	0	0	0	0	0	0	0	0	0	0
S(1,1)AngScMom	0.00025550082	0	0	0	0	0	0	0	0	0	0	0	0	0	0	0
S(1,1)Contrast	705.04932	0	0	0	0	0	0	0	0	0	0	0	0	0	0	0
S(1,1)Correlat	-0.00055585598	0	0	0	0	0	0	0	0	0	0	0	0	0	0	0
S(1,1)SumOfSqs	352.32882	0	0	0	0	0	0	0	0	0	0	0	0	0	0	0
S(1,1)InvDfMom	0.046107462	0	0	0	0	0	0	0	0	0	0	0	0	0	0	0
S(1,1)SumAverg	64.880277	0	0	0	0	0	0	0	0	0	0	0	0	0	0	0
S(1,1)SumVarnc	704.26594	0	0	0	0	0	0	0	0	0	0	0	0	0	0	0
S(1,1)SumEntrp	2.028592	0	0	0	0	0	0	0	0	0	0	0	0	0	0	0
S(1,1)Entropy	3.6022044	0	0	0	0	0	0	0	0	0	0	0	0	0	0	0
S(1,1)DifVarnc	233.64158	0	0	0	0	0	0	0	0	0	0	0	0	0	0	0
S(1,1)DifEntrp	1.7330873	0	0	0	0	0	0	0	0	0	0	0	0	0	0	0
_Area_S(1,-1)	130050	0	0	0	0	0	0	0	0	0	0	0	0	0	0	0
S(1,-1)AngScMom	0.00025581561	0	0	0	0	0	0	0	0	0	0	0	0	0	0	0
S(1,-1)Contrast	703.00466	0	0	0	0	0	0	0	0	0	0	0	0	0	0	0
S(1,-1)Correlat	0.0023476763	0	0	0	0	0	0	0	0	0	0	0	0	0	0	0
S(1,-1)SumOfSqs	352.32949	0	0	0	0	0	0	0	0	0	0	0	0	0	0	0
S(1,-1)InvDfMom	0.047446472	0	0	0	0	0	0	0	0	0	0	0	0	0	0	0
S(1,-1)SumAverg	64.880677	0	0	0	0	0	0	0	0	0	0	0	0	0	0	0
S(1,-1)SumVarnc	706.31328	0	0	0	0	0	0	0	0	0	0	0	0	0	0	0
S(1,-1)SumEntrp	2.0293439	0	0	0	0	0	0	0	0	0	0	0	0	0	0	0
S(1,-1)Entropy	3.602001	0	0	0	0	0	0	0	0	0	0	0	0	0	0	0
S(1,-1)DifVarnc	235.11632	0	0	0	0	0	0	0	0	0	0	0	0	0	0	0
S(1,-1)DifEntrp	1.7323675	0	0	0	0	0	0	0	0	0	0	0	0	0	0	0
_Area_S(2,0)	130048	0	0	0	0	0	0	0	0	0	0	0	0	0	0	0
S(2,0)AngScMom	0.00025714368	0	0	0	0	0	0	0	0	0	0	0	0	0	0	0
S(2,0)Contrast	684.57136	0	0	0	0	0	0	0	0	0	0	0	0	0	0	0
S(2,0)Correlat	0.028895912	0	0	0	0	0	0	0	0	0	0	0	0	0	0	0
S(2,0)SumOfSqs	352.47064	0	0	0	0	0	0	0	0	0	0	0	0	0	0	0
S(2,0)InvDfMom	0.04947261	0	0	0	0	0	0	0	0	0	0	0	0	0	0	0
S(2,0)SumAverg	64.877707	0	0	0	0	0	0	0	0	0	0	0	0	0	0	0
S(2,0)SumVarnc	725.3112	0	0	0	0	0	0	0	0	0	0	0	0	0	0	0
S(2,0)SumEntrp	2.0344948	0	0	0	0	0	0	0	0	0	0	0	0	0	0	0
S(2,0)Entropy	3.6009759	0	0	0	0	0	0	0	0	0	0	0	0	0	0	0
S(2,0)DifVarnc	230.87821	0	0	0	0	0	0	0	0	0	0	0	0	0	0	0
S(2,0)DifEntrp	1.7276355	0	0	0	0	0	0	0	0	0	0	0	0	0	0	0
_Area_S(0,2)	130048	0	0	0	0	0	0	0	0	0	0	0	0	0	0	0
S(0,2)AngScMom	0.00025561097	0	0	0	0	0	0	0	0	0	0	0	0	0	0	0
S(0,2)Contrast	711.41602	0	0	0	0	0	0	0	0	0	0	0	0	0	0	0
S(0,2)Correlat	-0.0095517677	0	0	0	0	0	0	0	0	0	0	0	0	0	0	0
S(0,2)SumOfSqs	352.34251	0	0	0	0	0	0	0	0	0	0	0	0	0	0	0
S(0,2)InvDfMom	0.046808908	0	0	0	0	0	0	0	0	0	0	0	0	0	0	0
S(0,2)SumAverg	64.889533	0	0	0	0	0	0	0	0	0	0	0	0	0	0	0
S(0,2)SumVarnc	697.95404	0	0	0	0	0	0	0	0	0	0	0	0	0	0	0
S(0,2)SumEntrp	2.0270816	0	0	0	0	0	0	0	0	0	0	0	0	0	0	0
S(0,2)Entropy	3.6021573	0	0	0	0	0	0	0	0	0	0	0	0	0	0	0
S(0,2)DifVarnc	235.64226	0	0	0	0	0	0	0	0	0	0	0	0	0	0	0
S(0,2)DifEntrp	1.7343416	0	0	0	0	0	0	0	0	0	0	0	0	0	0	0
_Area_S(2,2)	129032	0	0	0	0	0	0	0	0	0	0	0	0	0	0	0
S(2,2)AngScMom	0.00025547146	0	0	0	0	0	0	0	0	0	0	0	0	0	0	0
S(2,2)Contrast	707.12505	0	0	0	0	0	0	0	0	0	0	0	0	0	0	0
S(2,2)Correlat	-0.0038342032	0	0	0	0	0	0	0	0	0	0	0	0	0	0	0
S(2,2)SumOfSqs	352.21207	0	0	0	0	0	0	0	0	0	0	0	0	0	0	0
S(2,2)InvDfMom	0.045830706	0	0	0	0	0	0	0	0	0	0	0	0	0	0	0
S(2,2)SumAverg	64.867351	0	0	0	0	0	0	0	0	0	0	0	0	0	0	0
S(2,2)SumVarnc	701.72324	0	0	0	0	0	0	0	0	0	0	0	0	0	0	0
S(2,2)SumEntrp	2.028138	0	0	0	0	0	0	0	0	0	0	0	0	0	0	0
S(2,2)Entropy	3.6022709	0	0	0	0	0	0	0	0	0	0	0	0	0	0	0
S(2,2)DifVarnc	235.63293	0	0	0	0	0	0	0	0	0	0	0	0	0	0	0
S(2,2)DifEntrp	1.7332221	0	0	0	0	0	0	0	0	0	0	0	0	0	0	0
_Area_S(2,-2)	129032	0	0	0	0	0	0	0	0	0	0	0	0	0	0	0
S(2,-2)AngScMom	0.00025587472	0	0	0	0	0	0	0	0	0	0	0	0	0	0	0
S(2,-2)Contrast	708.91889	0	0	0	0	0	0	0	0	0	0	0	0	0	0	0
S(2,-2)Correlat	-0.0064208684	0	0	0	0	0	0	0	0	0	0	0	0	0	0	0
S(2,-2)SumOfSqs	352.19803	0	0	0	0	0	0	0	0	0	0	0	0	0	0	0
S(2,-2)InvDfMom	0.045965692	0	0	0	0	0	0	0	0	0	0	0	0	0	0	0
S(2,-2)SumAverg	64.867986	0	0	0	0	0	0	0	0	0	0	0	0	0	0	0
S(2,-2)SumVarnc	699.87322	0	0	0	0	0	0	0	0	0	0	0	0	0	0	0
S(2,-2)SumEntrp	2.0275635	0	0	0	0	0	0	0	0	0	0	0	0	0	0	0
S(2,-2)Entropy	3.6019034	0	0	0	0	0	0	0	0	0	0	0	0	0	0	0
S(2,-2)DifVarnc	235.50032	0	0	0	0	0	0	0	0	0	0	0	0	0	0	0
S(2,-2)DifEntrp	1.7338458	0	0	0	0	0	0	0	0	0	0	0	0	0	0	0
_Area_S(3,0)	129536	0	0	0	0	0	0	0	0	0	0	0	0	0	0	0
S(3,0)AngScMom	0.00025617383	0	0	0	0	0	0	0	0	0	0	0	0	0	0	0
S(3,0)Contrast	692.45093	0	0	0	0	0	0	0	0	0	0	0	0	0	0	0
S(3,0)Correlat	0.017749844	0	0	0	0	0	0	0	0	0	0	0	0	0	0	0
S(3,0)SumOfSqs	352.48197	0	0	0	0	0	0	0	0	0	0	0	0	0	0	0
S(3,0)InvDfMom	0.0483354	0	0	0	0	0	0	0	0	0	0	0	0	0	0	0
S(3,0)SumAverg	64.867095	0	0	0	0	0	0	0	0	0	0	0	0	0	0	0
S(3,0)SumVarnc	717.47693	0	0	0	0	0	0	0	0	0	0	0	0	0	0	0
S(3,0)SumEntrp	2.0325046	0	0	0	0	0	0	0	0	0	0	0	0	0	0	0
S(3,0)Entropy	3.6017409	0	0	0	0	0	0	0	0	0	0	0	0	0	0	0
S(3,0)DifVarnc	232.30842	0	0	0	0	0	0	0	0	0	0	0	0	0	0	0
S(3,0)DifEntrp	1.7297082	0	0	0	0	0	0	0	0	0	0	0	0	0	0	0
_Area_S(0,3)	129536	0	0	0	0	0	0	0	0	0	0	0	0	0	0	0
S(0,3)AngScMom	0.00025568549	0	0	0	0	0	0	0	0	0	0	0	0	0	0	0
S(0,3)Contrast	705.34719	0	0	0	0	0	0	0	0	0	0	0	0	0	0	0
S(0,3)Correlat	-0.00077639923	0	0	0	0	0	0	0	0	0	0	0	0	0	0	0
S(0,3)SumOfSqs	352.39999	0	0	0	0	0	0	0	0	0	0	0	0	0	0	0
S(0,3)InvDfMom	0.046176926	0	0	0	0	0	0	0	0	0	0	0	0	0	0	0
S(0,3)SumAverg	64.880759	0	0	0	0	0	0	0	0	0	0	0	0	0	0	0
S(0,3)SumVarnc	704.25278	0	0	0	0	0	0	0	0	0	0	0	0	0	0	0
S(0,3)SumEntrp	2.0286163	0	0	0	0	0	0	0	0	0	0	0	0	0	0	0
S(0,3)Entropy	3.6020654	0	0	0	0	0	0	0	0	0	0	0	0	0	0	0
S(0,3)DifVarnc	235.61746	0	0	0	0	0	0	0	0	0	0	0	0	0	0	0
S(0,3)DifEntrp	1.7328013	0	0	0	0	0	0	0	0	0	0	0	0	0	0	0
_Area_S(3,3)	128018	0	0	0	0	0	0	0	0	0	0	0	0	0	0	0
S(3,3)AngScMom	0.0002557496	0	0	0	0	0	0	0	0	0	0	0	0	0	0	0
S(3,3)Contrast	703.36143	0	0	0	0	0	0	0	0	0	0	0	0	0	0	0
S(3,3)Correlat	0.0016968374	0	0	0	0	0	0	0	0	0	0	0	0	0	0	0
S(3,3)SumOfSqs	352.27848	0	0	0	0	0	0	0	0	0	0	0	0	0	0	0
S(3,3)InvDfMom	0.046932129	0	0	0	0	0	0	0	0	0	0	0	0	0	0	0
S(3,3)SumAverg	64.847475	0	0	0	0	0	0	0	0	0	0	0	0	0	0	0
S(3,3)SumVarnc	705.75247	0	0	0	0	0	0	0	0	0	0	0	0	0	0	0
S(3,3)SumEntrp	2.029038	0	0	0	0	0	0	0	0	0	0	0	0	0	0	0
S(3,3)Entropy	3.6020163	0	0	0	0	0	0	0	0	0	0	0	0	0	0	0
S(3,3)DifVarnc	235.2914	0	0	0	0	0	0	0	0	0	0	0	0	0	0	0
S(3,3)DifEntrp	1.7324582	0	0	0	0	0	0	0	0	0	0	0	0	0	0	0
_Area_S(3,-3)	128018	0	0	0	0	0	0	0	0	0	0	0	0	0	0	0
S(3,-3)AngScMom	0.00025606677	0	0	0	0	0	0	0	0	0	0	0	0	0	0	0
S(3,-3)Contrast	704.66877	0	0	0	0	0	0	0	0	0	0	0	0	0	0	0
S(3,-3)Correlat	-0.00018981264	0	0	0	0	0	0	0	0	0	0	0	0	0	0	0
S(3,-3)SumOfSqs	352.26752	0	0	0	0	0	0	0	0	0	0	0	0	0	0	0
S(3,-3)InvDfMom	0.047532603	0	0	0	0	0	0	0	0	0	0	0	0	0	0	0
S(3,-3)SumAverg	64.848209	0	0	0	0	0	0	0	0	0	0	0	0	0	0	0
S(3,-3)SumVarnc	704.40131	0	0	0	0	0	0	0	0	0	0	0	0	0	0	0
S(3,-3)SumEntrp	2.0287848	0	0	0	0	0	0	0	0	0	0	0	0	0	0	0
S(3,-3)Entropy	3.6017059	0	0	0	0	0	0	0	0	0	0	0	0	0	0	0
S(3,-3)DifVarnc	236.21401	0	0	0	0	0	0	0	0	0	0	0	0	0	0	0
S(3,-3)DifEntrp	1.7327007	0	0	0	0	0	0	0	0	0	0	0	0	0	0	0
_Area_S(4,0)	129024	0	0	0	0	0	0	0	0	0	0	0	0	0	0	0
S(4,0)AngScMom	0.00025666298	0	0	0	0	0	0	0	0	0	0	0	0	0	0	0
S(4,0)Contrast	692.39565	0	0	0	0	0	0	0	0	0	0	0	0	0	0	0
S(4,0)Correlat	0.017645642	0	0	0	0	0	0	0	0	0	0	0	0	0	0	0
S(4,0)SumOfSqs	352.41644	0	0	0	0	0	0	0	0	0	0	0	0	0	0	0
S(4,0)InvDfMom	0.047220973	0	0	0	0	0	0	0	0	0	0	0	0	0	0	0
S(4,0)SumAverg	64.868769	0	0	0	0	0	0	0	0	0	0	0	0	0	0	0
S(4,0)SumVarnc	717.2701	0	0	0	0	0	0	0	0	0	0	0	0	0	0	0
S(4,0)SumEntrp	2.0320544	0	0	0	0	0	0	0	0	0	0	0	0	0	0	0
S(4,0)Entropy	3.6012653	0	0	0	0	0	0	0	0	0	0	0	0	0	0	0
S(4,0)DifVarnc	231.56429	0	0	0	0	0	0	0	0	0	0	0	0	0	0	0
S(4,0)DifEntrp	1.7296747	0	0	0	0	0	0	0	0	0	0	0	0	0	0	0
_Area_S(0,4)	129024	0	0	0	0	0	0	0	0	0	0	0	0	0	0	0
S(0,4)AngScMom	0.00025562004	0	0	0	0	0	0	0	0	0	0	0	0	0	0	0
S(0,4)Contrast	706.70278	0	0	0	0	0	0	0	0	0	0	0	0	0	0	0
S(0,4)Correlat	-0.0026734919	0	0	0	0	0	0	0	0	0	0	0	0	0	0	0
S(0,4)SumOfSqs	352.40923	0	0	0	0	0	0	0	0	0	0	0	0	0	0	0
S(0,4)InvDfMom	0.045625475	0	0	0	0	0	0	0	0	0	0	0	0	0	0	0
S(0,4)SumAverg	64.885665	0	0	0	0	0	0	0	0	0	0	0	0	0	0	0
S(0,4)SumVarnc	702.93413	0	0	0	0	0	0	0	0	0	0	0	0	0	0	0
S(0,4)SumEntrp	2.0282271	0	0	0	0	0	0	0	0	0	0	0	0	0	0	0
S(0,4)Entropy	3.6021603	0	0	0	0	0	0	0	0	0	0	0	0	0	0	0
S(0,4)DifVarnc	235.25451	0	0	0	0	0	0	0	0	0	0	0	0	0	0	0
S(0,4)DifEntrp	1.7333513	0	0	0	0	0	0	0	0	0	0	0	0	0	0	0
_Area_S(4,4)	127008	0	0	0	0	0	0	0	0	0	0	0	0	0	0	0
S(4,4)AngScMom	0.00025565667	0	0	0	0	0	0	0	0	0	0	0	0	0	0	0
S(4,4)Contrast	701.72422	0	0	0	0	0	0	0	0	0	0	0	0	0	0	0
S(4,4)Correlat	0.0038315217	0	0	0	0	0	0	0	0	0	0	0	0	0	0	0
S(4,4)SumOfSqs	352.21162	0	0	0	0	0	0	0	0	0	0	0	0	0	0	0
S(4,4)InvDfMom	0.04637954	0	0	0	0	0	0	0	0	0	0	0	0	0	0	0
S(4,4)SumAverg	64.853348	0	0	0	0	0	0	0	0	0	0	0	0	0	0	0
S(4,4)SumVarnc	707.12225	0	0	0	0	0	0	0	0	0	0	0	0	0	0	0
S(4,4)SumEntrp	2.0293116	0	0	0	0	0	0	0	0	0	0	0	0	0	0	0
S(4,4)Entropy	3.6020649	0	0	0	0	0	0	0	0	0	0	0	0	0	0	0
S(4,4)DifVarnc	233.19576	0	0	0	0	0	0	0	0	0	0	0	0	0	0	0
S(4,4)DifEntrp	1.732	0	0	0	0	0	0	0	0	0	0	0	0	0	0	0
_Area_S(4,-4)	127008	0	0	0	0	0	0	0	0	0	0	0	0	0	0	0
S(4,-4)AngScMom	0.0002560683	0	0	0	0	0	0	0	0	0	0	0	0	0	0	0
S(4,-4)Contrast	706.15196	0	0	0	0	0	0	0	0	0	0	0	0	0	0	0
S(4,-4)Correlat	-0.0024582184	0	0	0	0	0	0	0	0	0	0	0	0	0	0	0
S(4,-4)SumOfSqs	352.21017	0	0	0	0	0	0	0	0	0	0	0	0	0	0	0
S(4,-4)InvDfMom	0.046940977	0	0	0	0	0	0	0	0	0	0	0	0	0	0	0
S(4,-4)SumAverg	64.854875	0	0	0	0	0	0	0	0	0	0	0	0	0	0	0
S(4,-4)SumVarnc	702.68872	0	0	0	0	0	0	0	0	0	0	0	0	0	0	0
S(4,-4)SumEntrp	2.0282929	0	0	0	0	0	0	0	0	0	0	0	0	0	0	0
S(4,-4)Entropy	3.6017693	0	0	0	0	0	0	0	0	0	0	0	0	0	0	0
S(4,-4)DifVarnc	236.13142	0	0	0	0	0	0	0	0	0	0	0	0	0	0	0
S(4,-4)DifEntrp	1.7331872	0	0	0	0	0	0	0	0	0	0	0	0	0	0	0
_Area_S(5,0)	128512	0	0	0	0	0	0	0	0	0	0	0	0	0	0	0
S(5,0)AngScMom	0.0002562547	0	0	0	0	0	0	0	0	0	0	0	0	0	0	0
S(5,0)Contrast	701.48897	0	0	0	0	0	0	0	0	0	0	0	0	0	0	0
S(5,0)Correlat	0.0049645833	0	0	0	0	0	0	0	0	0	0	0	0	0	0	0
S(5,0)SumOfSqs	352.49447	0	0	0	0	0	0	0	0	0	0	0	0	0	0	0
S(5,0)InvDfMom	0.047490939	0	0	0	0	0	0	0	0	0	0	0	0	0	0	0
S(5,0)SumAverg	64.88317	0	0	0	0	0	0	0	0	0	0	0	0	0	0	0
S(5,0)SumVarnc	708.48892	0	0	0	0	0	0	0	0	0	0	0	0	0	0	0
S(5,0)SumEntrp	2.0299403	0	0	0	0	0	0	0	0	0	0	0	0	0	0	0
S(5,0)Entropy	3.601659	0	0	0	0	0	0	0	0	0	0	0	0	0	0	0
S(5,0)DifVarnc	233.91632	0	0	0	0	0	0	0	0	0	0	0	0	0	0	0
S(5,0)DifEntrp	1.7319958	0	0	0	0	0	0	0	0	0	0	0	0	0	0	0
_Area_S(0,5)	128512	0	0	0	0	0	0	0	0	0	0	0	0	0	0	0
S(0,5)AngScMom	0.00025573918	0	0	0	0	0	0	0	0	0	0	0	0	0	0	0
S(0,5)Contrast	703.78271	0	0	0	0	0	0	0	0	0	0	0	0	0	0	0
S(0,5)Correlat	0.0017101326	0	0	0	0	0	0	0	0	0	0	0	0	0	0	0
S(0,5)SumOfSqs	352.49417	0	0	0	0	0	0	0	0	0	0	0	0	0	0	0
S(0,5)InvDfMom	0.046896486	0	0	0	0	0	0	0	0	0	0	0	0	0	0	0
S(0,5)SumAverg	64.885738	0	0	0	0	0	0	0	0	0	0	0	0	0	0	0
S(0,5)SumVarnc	706.19396	0	0	0	0	0	0	0	0	0	0	0	0	0	0	0
S(0,5)SumEntrp	2.0292415	0	0	0	0	0	0	0	0	0	0	0	0	0	0	0
S(0,5)Entropy	3.602023	0	0	0	0	0	0	0	0	0	0	0	0	0	0	0
S(0,5)DifVarnc	235.07531	0	0	0	0	0	0	0	0	0	0	0	0	0	0	0
S(0,5)DifEntrp	1.7323875	0	0	0	0	0	0	0	0	0	0	0	0	0	0	0
_Area_S(5,5)	126002	0	0	0	0	0	0	0	0	0	0	0	0	0	0	0
S(5,5)AngScMom	0.00025584398	0	0	0	0	0	0	0	0	0	0	0	0	0	0	0
S(5,5)Contrast	700.98021	0	0	0	0	0	0	0	0	0	0	0	0	0	0	0
S(5,5)Correlat	0.0053345902	0	0	0	0	0	0	0	0	0	0	0	0	0	0	0
S(5,5)SumOfSqs	352.36985	0	0	0	0	0	0	0	0	0	0	0	0	0	0	0
S(5,5)InvDfMom	0.04682244	0	0	0	0	0	0	0	0	0	0	0	0	0	0	0
S(5,5)SumAverg	64.86878	0	0	0	0	0	0	0	0	0	0	0	0	0	0	0
S(5,5)SumVarnc	708.4992	0	0	0	0	0	0	0	0	0	0	0	0	0	0	0
S(5,5)SumEntrp	2.0295289	0	0	0	0	0	0	0	0	0	0	0	0	0	0	0
S(5,5)Entropy	3.6019659	0	0	0	0	0	0	0	0	0	0	0	0	0	0	0
S(5,5)DifVarnc	234.20871	0	0	0	0	0	0	0	0	0	0	0	0	0	0	0
S(5,5)DifEntrp	1.7317845	0	0	0	0	0	0	0	0	0	0	0	0	0	0	0
_Area_S(5,-5)	126002	0	0	0	0	0	0	0	0	0	0	0	0	0	0	0
S(5,-5)AngScMom	0.00025626057	0	0	0	0	0	0	0	0	0	0	0	0	0	0	0
S(5,-5)Contrast	704.08747	0	0	0	0	0	0	0	0	0	0	0	0	0	0	0
S(5,-5)Correlat	0.00099631444	0	0	0	0	0	0	0	0	0	0	0	0	0	0	0
S(5,-5)SumOfSqs	352.39483	0	0	0	0	0	0	0	0	0	0	0	0	0	0	0
S(5,-5)InvDfMom	0.046369728	0	0	0	0	0	0	0	0	0	0	0	0	0	0	0
S(5,-5)SumAverg	64.868986	0	0	0	0	0	0	0	0	0	0	0	0	0	0	0
S(5,-5)SumVarnc	705.49186	0	0	0	0	0	0	0	0	0	0	0	0	0	0	0
S(5,-5)SumEntrp	2.0287739	0	0	0	0	0	0	0	0	0	0	0	0	0	0	0
S(5,-5)Entropy	3.6015807	0	0	0	0	0	0	0	0	0	0	0	0	0	0	0
S(5,-5)DifVarnc	235.69526	0	0	0	0	0	0	0	0	0	0	0	0	0	0	0
S(5,-5)DifEntrp	1.7325535	0	0	0	0	0	0	0	0	0	0	0	0	0	0	0
Horzl_RLNonUni	62285.019	0	0	0	0	0	0	0	0	0	0	0	0	0	0	0
Horzl_GLevNonU	1014.2801	0	0	0	0	0	0	0	0	0	0	0	0	0	0	0
Horzl_LngREmph	1.0524796	0	0	0	0	0	0	0	0	0	0	0	0	0	0	0
Horzl_ShrtREmp	0.98728593	0	0	0	0	0	0	0	0	0	0	0	0	0	0	0
Horzl_Fraction	0.98304749	0	0	0	0	0	0	0	0	0	0	0	0	0	0	0
Vertl_RLNonUni	62520.133	0	0	0	0	0	0	0	0	0	0	0	0	0	0	0
Vertl_GLevNonU	1016.1269	0	0	0	0	0	0	0	0	0	0	0	0	0	0	0
Vertl_LngREmph	1.0483188	0	0	0	0	0	0	0	0	0	0	0	0	0	0	0
Vertl_ShrtREmp	0.98822225	0	0	0	0	0	0	0	0	0	0	0	0	0	0	0
Vertl_Fraction	0.98432922	0	0	0	0	0	0	0	0	0	0	0	0	0	0	0
45dgr_RLNonUni	62582.253	0	0	0	0	0	0	0	0	0	0	0	0	0	0	0
45dgr_GLevNonU	1016.4864	0	0	0	0	0	0	0	0	0	0	0	0	0	0	0
45dgr_LngREmph	1.0467336	0	0	0	0	0	0	0	0	0	0	0	0	0	0	0
45dgr_ShrtREmp	0.98845433	0	0	0	0	0	0	0	0	0	0	0	0	0	0	0
45dgr_Fraction	0.98474121	0	0	0	0	0	0	0	0	0	0	0	0	0	0	0
135dr_RLNonUni	62489.702	0	0	0	0	0	0	0	0	0	0	0	0	0	0	0
135dr_GLevNonU	1015.7369	0	0	0	0	0	0	0	0	0	0	0	0	0	0	0
135dr_LngREmph	1.0488387	0	0	0	0	0	0	0	0	0	0	0	0	0	0	0
135dr_ShrtREmp	0.98810041	0	0	0	0	0	0	0	0	0	0	0	0	0	0	0
135dr_Fraction	0.98416138	0	0	0	0	0	0	0	0	0	0	0	0	0	0	0
_AreaGr	64516	0	0	0	0	0	0	0	0	0	0	0	0	0	0	0
GrMean	8.4222321	0	0	0	0	0	0	0	0	0	0	0	0	0	0	0
GrVariance	16.011896	0	0	0	0	0	0	0	0	0	0	0	0	0	0	0
GrSkewness	0.16929709	0	0	0	0	0	0	0	0	0	0	0	0	0	0	0
GrKurtosis	-0.67549698	0	0	0	0	0	0	0	0	0	0	0	0	0	0	0
GrNonZeros	0.99583049	0	0	0	0	0	0	0	0	0	0	0	0	0	0	0
_AreaARM	64770	0	0	0	0	0	0	0	0	0	0	0	0	0	0	0
Teta1	0.04551404	0	0	0	0	0	0	0	0	0	0	0	0	0	0	0
Teta2	0.0014909067	0	0	0	0	0	0	0	0	0	0	0	0	0	0	0
Teta3	0.00020200526	0	0	0	0	0	0	0	0	0	0	0	0	0	0	0
Teta4	-0.00044609452	0	0	0	0	0	0	0	0	0	0	0	0	0	0	0
Sigma	0.99804248	0	0	0	0	0	0	0	0	0	0	0	0	0	0	0
WavEnLL_s-1	17686.805	0	0	0	0	0	0	0	0	0	0	0	0	0	0	0
WavEnLH_s-1	1490.6151	0	0	0	0	0	0	0	0	0	0	0	0	0	0	0
WavEnHL_s-1	1343.5319	0	0	0	0	0	0	0	0	0	0	0	0	0	0	0
WavEnHH_s-1	1331.3373	0	0	0	0	0	0	0	0	0	0	0	0	0	0	0
WavEnLL_s-2	16589.492	0	0	0	0	0	0	0	0	0	0	0	0	0	0	0
WavEnLH_s-2	397.29871	0	0	0	0	0	0	0	0	0	0	0	0	0	0	0
WavEnHL_s-2	347.44546	0	0	0	0	0	0	0	0	0	0	0	0	0	0	0
WavEnHH_s-2	352.56874	0	0	0	0	0	0	0	0	0	0	0	0	0	0	0
WavEnLL_s-3	16301.327	0	0	0	0	0	0	0	0	0	0	0	0	0	0	0
WavEnLH_s-3	101.57177	0	0	0	0	0	0	0	0	0	0	0	0	0	0	0
WavEnHL_s-3	93.961503	0	0	0	0	0	0	0	0	0	0	0	0	0	0	0
WavEnHH_s-3	92.632004	0	0	0	0	0	0	0	0	0	0	0	0	0	0	0
WavEnLL_s-4	16230.118	0	0	0	0	0	0	0	0	0	0	0	0	0	0	0
WavEnLH_s-4	23.423875	0	0	0	0	0	0	0	0	0	0	0	0	0	0	0
WavEnHL_s-4	24.250745	0	0	0	0	0	0	0	0	0	0	0	0	0	0	0
WavEnHH_s-4	23.534426	0	0	0	0	0	0	0	0	0	0	0	0	0	0	0
