Image File: cushion1-a-p010.png 
ROI File: allred.roi 
Image size: 256 x 256
Min. lum.: 1
Max. lum.: 256
Bits/pixel: 8

Normalisation =  No
Histogram analysis = Yes
CO matrix analysis = Yes, Dimensions = 6 x 6, Distances = 1 2 3 4 5
RL matrix analysis = Yes, Dimension = 6
Gradient analysis = Yes, Max pixel value = 16
AR model analysis = Yes
Wavelet analysis = Yes

--------------- CLASS NAMES ----------------

----------------- FEATURES -----------------
_Area	65536	0	0	0	0	0	0	0	0	0	0	0	0	0	0	0
Mean	123.8604	0	0	0	0	0	0	0	0	0	0	0	0	0	0	0
Variance	5591.804	0	0	0	0	0	0	0	0	0	0	0	0	0	0	0
Skewness	0.056114238	0	0	0	0	0	0	0	0	0	0	0	0	0	0	0
Kurtosis	-1.204353	0	0	0	0	0	0	0	0	0	0	0	0	0	0	0
Perc.01%	2	0	0	0	0	0	0	0	0	0	0	0	0	0	0	0
Perc.10%	21	0	0	0	0	0	0	0	0	0	0	0	0	0	0	0
Perc.50%	123	0	0	0	0	0	0	0	0	0	0	0	0	0	0	0
Perc.90%	229	0	0	0	0	0	0	0	0	0	0	0	0	0	0	0
Perc.99%	254	0	0	0	0	0	0	0	0	0	0	0	0	0	0	0
_Area_S(1,0)	130560	0	0	0	0	0	0	0	0	0	0	0	0	0	0	0
S(1,0)AngScMom	0.00026294466	0	0	0	0	0	0	0	0	0	0	0	0	0	0	0
S(1,0)Contrast	661.78434	0	0	0	0	0	0	0	0	0	0	0	0	0	0	0
S(1,0)Correlat	0.051990311	0	0	0	0	0	0	0	0	0	0	0	0	0	0	0
S(1,0)SumOfSqs	349.03881	0	0	0	0	0	0	0	0	0	0	0	0	0	0	0
S(1,0)InvDfMom	0.05125907	0	0	0	0	0	0	0	0	0	0	0	0	0	0	0
S(1,0)SumAverg	62.703309	0	0	0	0	0	0	0	0	0	0	0	0	0	0	0
S(1,0)SumVarnc	734.37089	0	0	0	0	0	0	0	0	0	0	0	0	0	0	0
S(1,0)SumEntrp	2.0362873	0	0	0	0	0	0	0	0	0	0	0	0	0	0	0
S(1,0)Entropy	3.5967391	0	0	0	0	0	0	0	0	0	0	0	0	0	0	0
S(1,0)DifVarnc	224.97819	0	0	0	0	0	0	0	0	0	0	0	0	0	0	0
S(1,0)DifEntrp	1.721207	0	0	0	0	0	0	0	0	0	0	0	0	0	0	0
_Area_S(0,1)	130560	0	0	0	0	0	0	0	0	0	0	0	0	0	0	0
S(0,1)AngScMom	0.00025761623	0	0	0	0	0	0	0	0	0	0	0	0	0	0	0
S(0,1)Contrast	699.10809	0	0	0	0	0	0	0	0	0	0	0	0	0	0	0
S(0,1)Correlat	-0.0020695493	0	0	0	0	0	0	0	0	0	0	0	0	0	0	0
S(0,1)SumOfSqs	348.83212	0	0	0	0	0	0	0	0	0	0	0	0	0	0	0
S(0,1)InvDfMom	0.046884225	0	0	0	0	0	0	0	0	0	0	0	0	0	0	0
S(0,1)SumAverg	62.703339	0	0	0	0	0	0	0	0	0	0	0	0	0	0	0
S(0,1)SumVarnc	696.22039	0	0	0	0	0	0	0	0	0	0	0	0	0	0	0
S(0,1)SumEntrp	2.0262867	0	0	0	0	0	0	0	0	0	0	0	0	0	0	0
S(0,1)Entropy	3.600746	0	0	0	0	0	0	0	0	0	0	0	0	0	0	0
S(0,1)DifVarnc	233.27707	0	0	0	0	0	0	0	0	0	0	0	0	0	0	0
S(0,1)DifEntrp	1.7316797	0	0	0	0	0	0	0	0	0	0	0	0	0	0	0
_Area_S(1,1)	130050	0	0	0	0	0	0	0	0	0	0	0	0	0	0	0
S(1,1)AngScMom	0.00025783748	0	0	0	0	0	0	0	0	0	0	0	0	0	0	0
S(1,1)Contrast	695.57809	0	0	0	0	0	0	0	0	0	0	0	0	0	0	0
S(1,1)Correlat	0.0030764039	0	0	0	0	0	0	0	0	0	0	0	0	0	0	0
S(1,1)SumOfSqs	348.86228	0	0	0	0	0	0	0	0	0	0	0	0	0	0	0
S(1,1)InvDfMom	0.047437461	0	0	0	0	0	0	0	0	0	0	0	0	0	0	0
S(1,1)SumAverg	62.704944	0	0	0	0	0	0	0	0	0	0	0	0	0	0	0
S(1,1)SumVarnc	699.87105	0	0	0	0	0	0	0	0	0	0	0	0	0	0	0
S(1,1)SumEntrp	2.0276326	0	0	0	0	0	0	0	0	0	0	0	0	0	0	0
S(1,1)Entropy	3.6004595	0	0	0	0	0	0	0	0	0	0	0	0	0	0	0
S(1,1)DifVarnc	233.4157	0	0	0	0	0	0	0	0	0	0	0	0	0	0	0
S(1,1)DifEntrp	1.7303037	0	0	0	0	0	0	0	0	0	0	0	0	0	0	0
_Area_S(1,-1)	130050	0	0	0	0	0	0	0	0	0	0	0	0	0	0	0
S(1,-1)AngScMom	0.00025785723	0	0	0	0	0	0	0	0	0	0	0	0	0	0	0
S(1,-1)Contrast	696.5507	0	0	0	0	0	0	0	0	0	0	0	0	0	0	0
S(1,-1)Correlat	0.0016848941	0	0	0	0	0	0	0	0	0	0	0	0	0	0	0
S(1,-1)SumOfSqs	348.86315	0	0	0	0	0	0	0	0	0	0	0	0	0	0	0
S(1,-1)InvDfMom	0.046901527	0	0	0	0	0	0	0	0	0	0	0	0	0	0	0
S(1,-1)SumAverg	62.70599	0	0	0	0	0	0	0	0	0	0	0	0	0	0	0
S(1,-1)SumVarnc	698.90189	0	0	0	0	0	0	0	0	0	0	0	0	0	0	0
S(1,-1)SumEntrp	2.0270708	0	0	0	0	0	0	0	0	0	0	0	0	0	0	0
S(1,-1)Entropy	3.6005286	0	0	0	0	0	0	0	0	0	0	0	0	0	0	0
S(1,-1)DifVarnc	232.89009	0	0	0	0	0	0	0	0	0	0	0	0	0	0	0
S(1,-1)DifEntrp	1.7306624	0	0	0	0	0	0	0	0	0	0	0	0	0	0	0
_Area_S(2,0)	130048	0	0	0	0	0	0	0	0	0	0	0	0	0	0	0
S(2,0)AngScMom	0.00025884633	0	0	0	0	0	0	0	0	0	0	0	0	0	0	0
S(2,0)Contrast	679.62126	0	0	0	0	0	0	0	0	0	0	0	0	0	0	0
S(2,0)Correlat	0.026414778	0	0	0	0	0	0	0	0	0	0	0	0	0	0	0
S(2,0)SumOfSqs	349.03019	0	0	0	0	0	0	0	0	0	0	0	0	0	0	0
S(2,0)InvDfMom	0.049370214	0	0	0	0	0	0	0	0	0	0	0	0	0	0	0
S(2,0)SumAverg	62.705786	0	0	0	0	0	0	0	0	0	0	0	0	0	0	0
S(2,0)SumVarnc	716.49948	0	0	0	0	0	0	0	0	0	0	0	0	0	0	0
S(2,0)SumEntrp	2.0321193	0	0	0	0	0	0	0	0	0	0	0	0	0	0	0
S(2,0)Entropy	3.5998154	0	0	0	0	0	0	0	0	0	0	0	0	0	0	0
S(2,0)DifVarnc	228.40445	0	0	0	0	0	0	0	0	0	0	0	0	0	0	0
S(2,0)DifEntrp	1.7259874	0	0	0	0	0	0	0	0	0	0	0	0	0	0	0
_Area_S(0,2)	130048	0	0	0	0	0	0	0	0	0	0	0	0	0	0	0
S(0,2)AngScMom	0.00025776488	0	0	0	0	0	0	0	0	0	0	0	0	0	0	0
S(0,2)Contrast	693.82669	0	0	0	0	0	0	0	0	0	0	0	0	0	0	0
S(0,2)Correlat	0.0054653555	0	0	0	0	0	0	0	0	0	0	0	0	0	0	0
S(0,2)SumOfSqs	348.81977	0	0	0	0	0	0	0	0	0	0	0	0	0	0	0
S(0,2)InvDfMom	0.04707091	0	0	0	0	0	0	0	0	0	0	0	0	0	0	0
S(0,2)SumAverg	62.681487	0	0	0	0	0	0	0	0	0	0	0	0	0	0	0
S(0,2)SumVarnc	701.45239	0	0	0	0	0	0	0	0	0	0	0	0	0	0	0
S(0,2)SumEntrp	2.0278137	0	0	0	0	0	0	0	0	0	0	0	0	0	0	0
S(0,2)Entropy	3.6005361	0	0	0	0	0	0	0	0	0	0	0	0	0	0	0
S(0,2)DifVarnc	232.1829	0	0	0	0	0	0	0	0	0	0	0	0	0	0	0
S(0,2)DifEntrp	1.7301934	0	0	0	0	0	0	0	0	0	0	0	0	0	0	0
_Area_S(2,2)	129032	0	0	0	0	0	0	0	0	0	0	0	0	0	0	0
S(2,2)AngScMom	0.00025811278	0	0	0	0	0	0	0	0	0	0	0	0	0	0	0
S(2,2)Contrast	700.00028	0	0	0	0	0	0	0	0	0	0	0	0	0	0	0
S(2,2)Correlat	-0.0033062726	0	0	0	0	0	0	0	0	0	0	0	0	0	0	0
S(2,2)SumOfSqs	348.84676	0	0	0	0	0	0	0	0	0	0	0	0	0	0	0
S(2,2)InvDfMom	0.046971684	0	0	0	0	0	0	0	0	0	0	0	0	0	0	0
S(2,2)SumAverg	62.686062	0	0	0	0	0	0	0	0	0	0	0	0	0	0	0
S(2,2)SumVarnc	695.38675	0	0	0	0	0	0	0	0	0	0	0	0	0	0	0
S(2,2)SumEntrp	2.0264466	0	0	0	0	0	0	0	0	0	0	0	0	0	0	0
S(2,2)Entropy	3.6002187	0	0	0	0	0	0	0	0	0	0	0	0	0	0	0
S(2,2)DifVarnc	234.65655	0	0	0	0	0	0	0	0	0	0	0	0	0	0	0
S(2,2)DifEntrp	1.7313606	0	0	0	0	0	0	0	0	0	0	0	0	0	0	0
_Area_S(2,-2)	129032	0	0	0	0	0	0	0	0	0	0	0	0	0	0	0
S(2,-2)AngScMom	0.0002582084	0	0	0	0	0	0	0	0	0	0	0	0	0	0	0
S(2,-2)Contrast	692.95195	0	0	0	0	0	0	0	0	0	0	0	0	0	0	0
S(2,-2)Correlat	0.0067685672	0	0	0	0	0	0	0	0	0	0	0	0	0	0	0
S(2,-2)SumOfSqs	348.8371	0	0	0	0	0	0	0	0	0	0	0	0	0	0	0
S(2,-2)InvDfMom	0.047262864	0	0	0	0	0	0	0	0	0	0	0	0	0	0	0
S(2,-2)SumAverg	62.685876	0	0	0	0	0	0	0	0	0	0	0	0	0	0	0
S(2,-2)SumVarnc	702.39646	0	0	0	0	0	0	0	0	0	0	0	0	0	0	0
S(2,-2)SumEntrp	2.0280124	0	0	0	0	0	0	0	0	0	0	0	0	0	0	0
S(2,-2)Entropy	3.6001344	0	0	0	0	0	0	0	0	0	0	0	0	0	0	0
S(2,-2)DifVarnc	231.94347	0	0	0	0	0	0	0	0	0	0	0	0	0	0	0
S(2,-2)DifEntrp	1.7298348	0	0	0	0	0	0	0	0	0	0	0	0	0	0	0
_Area_S(3,0)	129536	0	0	0	0	0	0	0	0	0	0	0	0	0	0	0
S(3,0)AngScMom	0.00025860798	0	0	0	0	0	0	0	0	0	0	0	0	0	0	0
S(3,0)Contrast	685.34628	0	0	0	0	0	0	0	0	0	0	0	0	0	0	0
S(3,0)Correlat	0.017973583	0	0	0	0	0	0	0	0	0	0	0	0	0	0	0
S(3,0)SumOfSqs	348.94493	0	0	0	0	0	0	0	0	0	0	0	0	0	0	0
S(3,0)InvDfMom	0.048432078	0	0	0	0	0	0	0	0	0	0	0	0	0	0	0
S(3,0)SumAverg	62.691236	0	0	0	0	0	0	0	0	0	0	0	0	0	0	0
S(3,0)SumVarnc	710.43344	0	0	0	0	0	0	0	0	0	0	0	0	0	0	0
S(3,0)SumEntrp	2.0303517	0	0	0	0	0	0	0	0	0	0	0	0	0	0	0
S(3,0)Entropy	3.6000786	0	0	0	0	0	0	0	0	0	0	0	0	0	0	0
S(3,0)DifVarnc	229.76953	0	0	0	0	0	0	0	0	0	0	0	0	0	0	0
S(3,0)DifEntrp	1.7279584	0	0	0	0	0	0	0	0	0	0	0	0	0	0	0
_Area_S(0,3)	129536	0	0	0	0	0	0	0	0	0	0	0	0	0	0	0
S(0,3)AngScMom	0.00025786862	0	0	0	0	0	0	0	0	0	0	0	0	0	0	0
S(0,3)Contrast	690.77311	0	0	0	0	0	0	0	0	0	0	0	0	0	0	0
S(0,3)Correlat	0.0098417174	0	0	0	0	0	0	0	0	0	0	0	0	0	0	0
S(0,3)SumOfSqs	348.81954	0	0	0	0	0	0	0	0	0	0	0	0	0	0	0
S(0,3)InvDfMom	0.048060011	0	0	0	0	0	0	0	0	0	0	0	0	0	0	0
S(0,3)SumAverg	62.680969	0	0	0	0	0	0	0	0	0	0	0	0	0	0	0
S(0,3)SumVarnc	704.50505	0	0	0	0	0	0	0	0	0	0	0	0	0	0	0
S(0,3)SumEntrp	2.0288597	0	0	0	0	0	0	0	0	0	0	0	0	0	0	0
S(0,3)Entropy	3.6005534	0	0	0	0	0	0	0	0	0	0	0	0	0	0	0
S(0,3)DifVarnc	232.56739	0	0	0	0	0	0	0	0	0	0	0	0	0	0	0
S(0,3)DifEntrp	1.7292491	0	0	0	0	0	0	0	0	0	0	0	0	0	0	0
_Area_S(3,3)	128018	0	0	0	0	0	0	0	0	0	0	0	0	0	0	0
S(3,3)AngScMom	0.00025832431	0	0	0	0	0	0	0	0	0	0	0	0	0	0	0
S(3,3)Contrast	696.04717	0	0	0	0	0	0	0	0	0	0	0	0	0	0	0
S(3,3)Correlat	0.0021185013	0	0	0	0	0	0	0	0	0	0	0	0	0	0	0
S(3,3)SumOfSqs	348.76244	0	0	0	0	0	0	0	0	0	0	0	0	0	0	0
S(3,3)InvDfMom	0.047523253	0	0	0	0	0	0	0	0	0	0	0	0	0	0	0
S(3,3)SumAverg	62.669828	0	0	0	0	0	0	0	0	0	0	0	0	0	0	0
S(3,3)SumVarnc	699.00258	0	0	0	0	0	0	0	0	0	0	0	0	0	0	0
S(3,3)SumEntrp	2.0271628	0	0	0	0	0	0	0	0	0	0	0	0	0	0	0
S(3,3)Entropy	3.6000609	0	0	0	0	0	0	0	0	0	0	0	0	0	0	0
S(3,3)DifVarnc	232.77449	0	0	0	0	0	0	0	0	0	0	0	0	0	0	0
S(3,3)DifEntrp	1.7307823	0	0	0	0	0	0	0	0	0	0	0	0	0	0	0
_Area_S(3,-3)	128018	0	0	0	0	0	0	0	0	0	0	0	0	0	0	0
S(3,-3)AngScMom	0.00025829991	0	0	0	0	0	0	0	0	0	0	0	0	0	0	0
S(3,-3)Contrast	699.65852	0	0	0	0	0	0	0	0	0	0	0	0	0	0	0
S(3,-3)Correlat	-0.0030817965	0	0	0	0	0	0	0	0	0	0	0	0	0	0	0
S(3,-3)SumOfSqs	348.75447	0	0	0	0	0	0	0	0	0	0	0	0	0	0	0
S(3,-3)InvDfMom	0.045128948	0	0	0	0	0	0	0	0	0	0	0	0	0	0	0
S(3,-3)SumAverg	62.671437	0	0	0	0	0	0	0	0	0	0	0	0	0	0	0
S(3,-3)SumVarnc	695.35936	0	0	0	0	0	0	0	0	0	0	0	0	0	0	0
S(3,-3)SumEntrp	2.0265076	0	0	0	0	0	0	0	0	0	0	0	0	0	0	0
S(3,-3)Entropy	3.6001189	0	0	0	0	0	0	0	0	0	0	0	0	0	0	0
S(3,-3)DifVarnc	231.96426	0	0	0	0	0	0	0	0	0	0	0	0	0	0	0
S(3,-3)DifEntrp	1.7313244	0	0	0	0	0	0	0	0	0	0	0	0	0	0	0
_Area_S(4,0)	129024	0	0	0	0	0	0	0	0	0	0	0	0	0	0	0
S(4,0)AngScMom	0.00025768213	0	0	0	0	0	0	0	0	0	0	0	0	0	0	0
S(4,0)Contrast	695.69902	0	0	0	0	0	0	0	0	0	0	0	0	0	0	0
S(4,0)Correlat	0.0029367374	0	0	0	0	0	0	0	0	0	0	0	0	0	0	0
S(4,0)SumOfSqs	348.87406	0	0	0	0	0	0	0	0	0	0	0	0	0	0	0
S(4,0)InvDfMom	0.046556321	0	0	0	0	0	0	0	0	0	0	0	0	0	0	0
S(4,0)SumAverg	62.691732	0	0	0	0	0	0	0	0	0	0	0	0	0	0	0
S(4,0)SumVarnc	699.79722	0	0	0	0	0	0	0	0	0	0	0	0	0	0	0
S(4,0)SumEntrp	2.027413	0	0	0	0	0	0	0	0	0	0	0	0	0	0	0
S(4,0)Entropy	3.6006299	0	0	0	0	0	0	0	0	0	0	0	0	0	0	0
S(4,0)DifVarnc	233.44568	0	0	0	0	0	0	0	0	0	0	0	0	0	0	0
S(4,0)DifEntrp	1.7303116	0	0	0	0	0	0	0	0	0	0	0	0	0	0	0
_Area_S(0,4)	129024	0	0	0	0	0	0	0	0	0	0	0	0	0	0	0
S(0,4)AngScMom	0.00025787964	0	0	0	0	0	0	0	0	0	0	0	0	0	0	0
S(0,4)Contrast	700.9307	0	0	0	0	0	0	0	0	0	0	0	0	0	0	0
S(0,4)Correlat	-0.0046611447	0	0	0	0	0	0	0	0	0	0	0	0	0	0	0
S(0,4)SumOfSqs	348.83936	0	0	0	0	0	0	0	0	0	0	0	0	0	0	0
S(0,4)InvDfMom	0.047098556	0	0	0	0	0	0	0	0	0	0	0	0	0	0	0
S(0,4)SumAverg	62.686864	0	0	0	0	0	0	0	0	0	0	0	0	0	0	0
S(0,4)SumVarnc	694.42673	0	0	0	0	0	0	0	0	0	0	0	0	0	0	0
S(0,4)SumEntrp	2.0262048	0	0	0	0	0	0	0	0	0	0	0	0	0	0	0
S(0,4)Entropy	3.6003572	0	0	0	0	0	0	0	0	0	0	0	0	0	0	0
S(0,4)DifVarnc	233.8765	0	0	0	0	0	0	0	0	0	0	0	0	0	0	0
S(0,4)DifEntrp	1.7319356	0	0	0	0	0	0	0	0	0	0	0	0	0	0	0
_Area_S(4,4)	127008	0	0	0	0	0	0	0	0	0	0	0	0	0	0	0
S(4,4)AngScMom	0.00025839983	0	0	0	0	0	0	0	0	0	0	0	0	0	0	0
S(4,4)Contrast	691.18514	0	0	0	0	0	0	0	0	0	0	0	0	0	0	0
S(4,4)Correlat	0.0089260412	0	0	0	0	0	0	0	0	0	0	0	0	0	0	0
S(4,4)SumOfSqs	348.70513	0	0	0	0	0	0	0	0	0	0	0	0	0	0	0
S(4,4)InvDfMom	0.04680944	0	0	0	0	0	0	0	0	0	0	0	0	0	0	0
S(4,4)SumAverg	62.676572	0	0	0	0	0	0	0	0	0	0	0	0	0	0	0
S(4,4)SumVarnc	703.63536	0	0	0	0	0	0	0	0	0	0	0	0	0	0	0
S(4,4)SumEntrp	2.0282787	0	0	0	0	0	0	0	0	0	0	0	0	0	0	0
S(4,4)Entropy	3.6000125	0	0	0	0	0	0	0	0	0	0	0	0	0	0	0
S(4,4)DifVarnc	231.06224	0	0	0	0	0	0	0	0	0	0	0	0	0	0	0
S(4,4)DifEntrp	1.7295274	0	0	0	0	0	0	0	0	0	0	0	0	0	0	0
_Area_S(4,-4)	127008	0	0	0	0	0	0	0	0	0	0	0	0	0	0	0
S(4,-4)AngScMom	0.00025765903	0	0	0	0	0	0	0	0	0	0	0	0	0	0	0
S(4,-4)Contrast	697.04636	0	0	0	0	0	0	0	0	0	0	0	0	0	0	0
S(4,-4)Correlat	0.00052331815	0	0	0	0	0	0	0	0	0	0	0	0	0	0	0
S(4,-4)SumOfSqs	348.70566	0	0	0	0	0	0	0	0	0	0	0	0	0	0	0
S(4,-4)InvDfMom	0.047727274	0	0	0	0	0	0	0	0	0	0	0	0	0	0	0
S(4,-4)SumAverg	62.678445	0	0	0	0	0	0	0	0	0	0	0	0	0	0	0
S(4,-4)SumVarnc	697.7763	0	0	0	0	0	0	0	0	0	0	0	0	0	0	0
S(4,-4)SumEntrp	2.026796	0	0	0	0	0	0	0	0	0	0	0	0	0	0	0
S(4,-4)Entropy	3.6006261	0	0	0	0	0	0	0	0	0	0	0	0	0	0	0
S(4,-4)DifVarnc	234.14067	0	0	0	0	0	0	0	0	0	0	0	0	0	0	0
S(4,-4)DifEntrp	1.7310304	0	0	0	0	0	0	0	0	0	0	0	0	0	0	0
_Area_S(5,0)	128512	0	0	0	0	0	0	0	0	0	0	0	0	0	0	0
S(5,0)AngScMom	0.00025824534	0	0	0	0	0	0	0	0	0	0	0	0	0	0	0
S(5,0)Contrast	692.50261	0	0	0	0	0	0	0	0	0	0	0	0	0	0	0
S(5,0)Correlat	0.0076672623	0	0	0	0	0	0	0	0	0	0	0	0	0	0	0
S(5,0)SumOfSqs	348.92662	0	0	0	0	0	0	0	0	0	0	0	0	0	0	0
S(5,0)InvDfMom	0.046773744	0	0	0	0	0	0	0	0	0	0	0	0	0	0	0
S(5,0)SumAverg	62.698923	0	0	0	0	0	0	0	0	0	0	0	0	0	0	0
S(5,0)SumVarnc	703.20386	0	0	0	0	0	0	0	0	0	0	0	0	0	0	0
S(5,0)SumEntrp	2.0284505	0	0	0	0	0	0	0	0	0	0	0	0	0	0	0
S(5,0)Entropy	3.6002064	0	0	0	0	0	0	0	0	0	0	0	0	0	0	0
S(5,0)DifVarnc	231.3187	0	0	0	0	0	0	0	0	0	0	0	0	0	0	0
S(5,0)DifEntrp	1.7299074	0	0	0	0	0	0	0	0	0	0	0	0	0	0	0
_Area_S(0,5)	128512	0	0	0	0	0	0	0	0	0	0	0	0	0	0	0
S(0,5)AngScMom	0.00025854179	0	0	0	0	0	0	0	0	0	0	0	0	0	0	0
S(0,5)Contrast	704.88358	0	0	0	0	0	0	0	0	0	0	0	0	0	0	0
S(0,5)Correlat	-0.010361195	0	0	0	0	0	0	0	0	0	0	0	0	0	0	0
S(0,5)SumOfSqs	348.82752	0	0	0	0	0	0	0	0	0	0	0	0	0	0	0
S(0,5)InvDfMom	0.046583901	0	0	0	0	0	0	0	0	0	0	0	0	0	0	0
S(0,5)SumAverg	62.678925	0	0	0	0	0	0	0	0	0	0	0	0	0	0	0
S(0,5)SumVarnc	690.4265	0	0	0	0	0	0	0	0	0	0	0	0	0	0	0
S(0,5)SumEntrp	2.0249543	0	0	0	0	0	0	0	0	0	0	0	0	0	0	0
S(0,5)Entropy	3.5998068	0	0	0	0	0	0	0	0	0	0	0	0	0	0	0
S(0,5)DifVarnc	233.68702	0	0	0	0	0	0	0	0	0	0	0	0	0	0	0
S(0,5)DifEntrp	1.7329173	0	0	0	0	0	0	0	0	0	0	0	0	0	0	0
_Area_S(5,5)	126002	0	0	0	0	0	0	0	0	0	0	0	0	0	0	0
S(5,5)AngScMom	0.00025781104	0	0	0	0	0	0	0	0	0	0	0	0	0	0	0
S(5,5)Contrast	698.08132	0	0	0	0	0	0	0	0	0	0	0	0	0	0	0
S(5,5)Correlat	-0.00084389101	0	0	0	0	0	0	0	0	0	0	0	0	0	0	0
S(5,5)SumOfSqs	348.74635	0	0	0	0	0	0	0	0	0	0	0	0	0	0	0
S(5,5)InvDfMom	0.047855354	0	0	0	0	0	0	0	0	0	0	0	0	0	0	0
S(5,5)SumAverg	62.674164	0	0	0	0	0	0	0	0	0	0	0	0	0	0	0
S(5,5)SumVarnc	696.9041	0	0	0	0	0	0	0	0	0	0	0	0	0	0	0
S(5,5)SumEntrp	2.0265396	0	0	0	0	0	0	0	0	0	0	0	0	0	0	0
S(5,5)Entropy	3.6004878	0	0	0	0	0	0	0	0	0	0	0	0	0	0	0
S(5,5)DifVarnc	233.25768	0	0	0	0	0	0	0	0	0	0	0	0	0	0	0
S(5,5)DifEntrp	1.7316678	0	0	0	0	0	0	0	0	0	0	0	0	0	0	0
_Area_S(5,-5)	126002	0	0	0	0	0	0	0	0	0	0	0	0	0	0	0
S(5,-5)AngScMom	0.00025842163	0	0	0	0	0	0	0	0	0	0	0	0	0	0	0
S(5,-5)Contrast	697.35442	0	0	0	0	0	0	0	0	0	0	0	0	0	0	0
S(5,-5)Correlat	0.0002120619	0	0	0	0	0	0	0	0	0	0	0	0	0	0	0
S(5,-5)SumOfSqs	348.75117	0	0	0	0	0	0	0	0	0	0	0	0	0	0	0
S(5,-5)InvDfMom	0.047006149	0	0	0	0	0	0	0	0	0	0	0	0	0	0	0
S(5,-5)SumAverg	62.677227	0	0	0	0	0	0	0	0	0	0	0	0	0	0	0
S(5,-5)SumVarnc	697.65025	0	0	0	0	0	0	0	0	0	0	0	0	0	0	0
S(5,-5)SumEntrp	2.0268849	0	0	0	0	0	0	0	0	0	0	0	0	0	0	0
S(5,-5)Entropy	3.5999735	0	0	0	0	0	0	0	0	0	0	0	0	0	0	0
S(5,-5)DifVarnc	233.27446	0	0	0	0	0	0	0	0	0	0	0	0	0	0	0
S(5,-5)DifEntrp	1.7308933	0	0	0	0	0	0	0	0	0	0	0	0	0	0	0
Horzl_RLNonUni	61963.179	0	0	0	0	0	0	0	0	0	0	0	0	0	0	0
Horzl_GLevNonU	1016.2175	0	0	0	0	0	0	0	0	0	0	0	0	0	0	0
Horzl_LngREmph	1.0584064	0	0	0	0	0	0	0	0	0	0	0	0	0	0	0
Horzl_ShrtREmp	0.9860042	0	0	0	0	0	0	0	0	0	0	0	0	0	0	0
Horzl_Fraction	0.98126221	0	0	0	0	0	0	0	0	0	0	0	0	0	0	0
Vertl_RLNonUni	62403.374	0	0	0	0	0	0	0	0	0	0	0	0	0	0	0
Vertl_GLevNonU	1019.1418	0	0	0	0	0	0	0	0	0	0	0	0	0	0	0
Vertl_LngREmph	1.0504762	0	0	0	0	0	0	0	0	0	0	0	0	0	0	0
Vertl_ShrtREmp	0.98776013	0	0	0	0	0	0	0	0	0	0	0	0	0	0	0
Vertl_Fraction	0.9836731	0	0	0	0	0	0	0	0	0	0	0	0	0	0	0
45dgr_RLNonUni	62566.381	0	0	0	0	0	0	0	0	0	0	0	0	0	0	0
45dgr_GLevNonU	1020.3359	0	0	0	0	0	0	0	0	0	0	0	0	0	0	0
45dgr_LngREmph	1.0472353	0	0	0	0	0	0	0	0	0	0	0	0	0	0	0
45dgr_ShrtREmp	0.9883978	0	0	0	0	0	0	0	0	0	0	0	0	0	0	0
45dgr_Fraction	0.98461914	0	0	0	0	0	0	0	0	0	0	0	0	0	0	0
135dr_RLNonUni	62553.599	0	0	0	0	0	0	0	0	0	0	0	0	0	0	0
135dr_GLevNonU	1020.1625	0	0	0	0	0	0	0	0	0	0	0	0	0	0	0
135dr_LngREmph	1.0475024	0	0	0	0	0	0	0	0	0	0	0	0	0	0	0
135dr_ShrtREmp	0.98834825	0	0	0	0	0	0	0	0	0	0	0	0	0	0	0
135dr_Fraction	0.98454285	0	0	0	0	0	0	0	0	0	0	0	0	0	0	0
_AreaGr	64516	0	0	0	0	0	0	0	0	0	0	0	0	0	0	0
GrMean	8.334505	0	0	0	0	0	0	0	0	0	0	0	0	0	0	0
GrVariance	15.78291	0	0	0	0	0	0	0	0	0	0	0	0	0	0	0
GrSkewness	0.17408914	0	0	0	0	0	0	0	0	0	0	0	0	0	0	0
GrKurtosis	-0.65562973	0	0	0	0	0	0	0	0	0	0	0	0	0	0	0
GrNonZeros	0.99576849	0	0	0	0	0	0	0	0	0	0	0	0	0	0	0
_AreaARM	64770	0	0	0	0	0	0	0	0	0	0	0	0	0	0	0
Teta1	0.051840438	0	0	0	0	0	0	0	0	0	0	0	0	0	0	0
Teta2	0.001995531	0	0	0	0	0	0	0	0	0	0	0	0	0	0	0
Teta3	-0.0024454587	0	0	0	0	0	0	0	0	0	0	0	0	0	0	0
Teta4	0.0032966572	0	0	0	0	0	0	0	0	0	0	0	0	0	0	0
Sigma	0.99821239	0	0	0	0	0	0	0	0	0	0	0	0	0	0	0
WavEnLL_s-1	16554.385	0	0	0	0	0	0	0	0	0	0	0	0	0	0	0
WavEnLH_s-1	1491.1295	0	0	0	0	0	0	0	0	0	0	0	0	0	0	0
WavEnHL_s-1	1312.5267	0	0	0	0	0	0	0	0	0	0	0	0	0	0	0
WavEnHH_s-1	1328.4397	0	0	0	0	0	0	0	0	0	0	0	0	0	0	0
WavEnLL_s-2	15488.047	0	0	0	0	0	0	0	0	0	0	0	0	0	0	0
WavEnLH_s-2	380.04542	0	0	0	0	0	0	0	0	0	0	0	0	0	0	0
WavEnHL_s-2	346.09291	0	0	0	0	0	0	0	0	0	0	0	0	0	0	0
WavEnHH_s-2	340.20042	0	0	0	0	0	0	0	0	0	0	0	0	0	0	0
WavEnLL_s-3	15192.559	0	0	0	0	0	0	0	0	0	0	0	0	0	0	0
WavEnLH_s-3	102.26845	0	0	0	0	0	0	0	0	0	0	0	0	0	0	0
WavEnHL_s-3	93.714227	0	0	0	0	0	0	0	0	0	0	0	0	0	0	0
WavEnHH_s-3	99.504564	0	0	0	0	0	0	0	0	0	0	0	0	0	0	0
WavEnLL_s-4	15118.621	0	0	0	0	0	0	0	0	0	0	0	0	0	0	0
WavEnLH_s-4	25.342756	0	0	0	0	0	0	0	0	0	0	0	0	0	0	0
WavEnHL_s-4	23.290139	0	0	0	0	0	0	0	0	0	0	0	0	0	0	0
WavEnHH_s-4	25.305332	0	0	0	0	0	0	0	0	0	0	0	0	0	0	0
