Image File: cushion1-a-p030.png 
ROI File: allred.roi 
Image size: 256 x 256
Min. lum.: 1
Max. lum.: 256
Bits/pixel: 8

Normalisation =  No
Histogram analysis = Yes
CO matrix analysis = Yes, Dimensions = 6 x 6, Distances = 1 2 3 4 5
RL matrix analysis = Yes, Dimension = 6
Gradient analysis = Yes, Max pixel value = 16
AR model analysis = Yes
Wavelet analysis = Yes

--------------- CLASS NAMES ----------------

----------------- FEATURES -----------------
_Area	65536	0	0	0	0	0	0	0	0	0	0	0	0	0	0	0
Mean	126.20374	0	0	0	0	0	0	0	0	0	0	0	0	0	0	0
Variance	5592.0577	0	0	0	0	0	0	0	0	0	0	0	0	0	0	0
Skewness	0.017404138	0	0	0	0	0	0	0	0	0	0	0	0	0	0	0
Kurtosis	-1.2111866	0	0	0	0	0	0	0	0	0	0	0	0	0	0	0
Perc.01%	2	0	0	0	0	0	0	0	0	0	0	0	0	0	0	0
Perc.10%	23	0	0	0	0	0	0	0	0	0	0	0	0	0	0	0
Perc.50%	126	0	0	0	0	0	0	0	0	0	0	0	0	0	0	0
Perc.90%	230	0	0	0	0	0	0	0	0	0	0	0	0	0	0	0
Perc.99%	254	0	0	0	0	0	0	0	0	0	0	0	0	0	0	0
_Area_S(1,0)	130560	0	0	0	0	0	0	0	0	0	0	0	0	0	0	0
S(1,0)AngScMom	0.00026148695	0	0	0	0	0	0	0	0	0	0	0	0	0	0	0
S(1,0)Contrast	657.62763	0	0	0	0	0	0	0	0	0	0	0	0	0	0	0
S(1,0)Correlat	0.057706181	0	0	0	0	0	0	0	0	0	0	0	0	0	0	0
S(1,0)SumOfSqs	348.95041	0	0	0	0	0	0	0	0	0	0	0	0	0	0	0
S(1,0)InvDfMom	0.052535276	0	0	0	0	0	0	0	0	0	0	0	0	0	0	0
S(1,0)SumAverg	63.868076	0	0	0	0	0	0	0	0	0	0	0	0	0	0	0
S(1,0)SumVarnc	738.17402	0	0	0	0	0	0	0	0	0	0	0	0	0	0	0
S(1,0)SumEntrp	2.0375774	0	0	0	0	0	0	0	0	0	0	0	0	0	0	0
S(1,0)Entropy	3.5978801	0	0	0	0	0	0	0	0	0	0	0	0	0	0	0
S(1,0)DifVarnc	223.37771	0	0	0	0	0	0	0	0	0	0	0	0	0	0	0
S(1,0)DifEntrp	1.7199242	0	0	0	0	0	0	0	0	0	0	0	0	0	0	0
_Area_S(0,1)	130560	0	0	0	0	0	0	0	0	0	0	0	0	0	0	0
S(0,1)AngScMom	0.00025632841	0	0	0	0	0	0	0	0	0	0	0	0	0	0	0
S(0,1)Contrast	697.87525	0	0	0	0	0	0	0	0	0	0	0	0	0	0	0
S(0,1)Correlat	-0.00062205951	0	0	0	0	0	0	0	0	0	0	0	0	0	0	0
S(0,1)SumOfSqs	348.7207	0	0	0	0	0	0	0	0	0	0	0	0	0	0	0
S(0,1)InvDfMom	0.045414552	0	0	0	0	0	0	0	0	0	0	0	0	0	0	0
S(0,1)SumAverg	63.869516	0	0	0	0	0	0	0	0	0	0	0	0	0	0	0
S(0,1)SumVarnc	697.00754	0	0	0	0	0	0	0	0	0	0	0	0	0	0	0
S(0,1)SumEntrp	2.0269377	0	0	0	0	0	0	0	0	0	0	0	0	0	0	0
S(0,1)Entropy	3.6017341	0	0	0	0	0	0	0	0	0	0	0	0	0	0	0
S(0,1)DifVarnc	232.06671	0	0	0	0	0	0	0	0	0	0	0	0	0	0	0
S(0,1)DifEntrp	1.7310208	0	0	0	0	0	0	0	0	0	0	0	0	0	0	0
_Area_S(1,1)	130050	0	0	0	0	0	0	0	0	0	0	0	0	0	0	0
S(1,1)AngScMom	0.00025626118	0	0	0	0	0	0	0	0	0	0	0	0	0	0	0
S(1,1)Contrast	696.60738	0	0	0	0	0	0	0	0	0	0	0	0	0	0	0
S(1,1)Correlat	0.001275716	0	0	0	0	0	0	0	0	0	0	0	0	0	0	0
S(1,1)SumOfSqs	348.7486	0	0	0	0	0	0	0	0	0	0	0	0	0	0	0
S(1,1)InvDfMom	0.047395416	0	0	0	0	0	0	0	0	0	0	0	0	0	0	0
S(1,1)SumAverg	63.873264	0	0	0	0	0	0	0	0	0	0	0	0	0	0	0
S(1,1)SumVarnc	698.387	0	0	0	0	0	0	0	0	0	0	0	0	0	0	0
S(1,1)SumEntrp	2.0270894	0	0	0	0	0	0	0	0	0	0	0	0	0	0	0
S(1,1)Entropy	3.6016982	0	0	0	0	0	0	0	0	0	0	0	0	0	0	0
S(1,1)DifVarnc	232.90439	0	0	0	0	0	0	0	0	0	0	0	0	0	0	0
S(1,1)DifEntrp	1.7310222	0	0	0	0	0	0	0	0	0	0	0	0	0	0	0
_Area_S(1,-1)	130050	0	0	0	0	0	0	0	0	0	0	0	0	0	0	0
S(1,-1)AngScMom	0.00025605199	0	0	0	0	0	0	0	0	0	0	0	0	0	0	0
S(1,-1)Contrast	696.79388	0	0	0	0	0	0	0	0	0	0	0	0	0	0	0
S(1,-1)Correlat	0.0010138344	0	0	0	0	0	0	0	0	0	0	0	0	0	0	0
S(1,-1)SumOfSqs	348.75051	0	0	0	0	0	0	0	0	0	0	0	0	0	0	0
S(1,-1)InvDfMom	0.046589148	0	0	0	0	0	0	0	0	0	0	0	0	0	0	0
S(1,-1)SumAverg	63.873833	0	0	0	0	0	0	0	0	0	0	0	0	0	0	0
S(1,-1)SumVarnc	698.20818	0	0	0	0	0	0	0	0	0	0	0	0	0	0	0
S(1,-1)SumEntrp	2.0269736	0	0	0	0	0	0	0	0	0	0	0	0	0	0	0
S(1,-1)Entropy	3.6019136	0	0	0	0	0	0	0	0	0	0	0	0	0	0	0
S(1,-1)DifVarnc	232.64637	0	0	0	0	0	0	0	0	0	0	0	0	0	0	0
S(1,-1)DifEntrp	1.7308415	0	0	0	0	0	0	0	0	0	0	0	0	0	0	0
_Area_S(2,0)	130048	0	0	0	0	0	0	0	0	0	0	0	0	0	0	0
S(2,0)AngScMom	0.00025770079	0	0	0	0	0	0	0	0	0	0	0	0	0	0	0
S(2,0)Contrast	671.96184	0	0	0	0	0	0	0	0	0	0	0	0	0	0	0
S(2,0)Correlat	0.03737628	0	0	0	0	0	0	0	0	0	0	0	0	0	0	0
S(2,0)SumOfSqs	349.02622	0	0	0	0	0	0	0	0	0	0	0	0	0	0	0
S(2,0)InvDfMom	0.050073809	0	0	0	0	0	0	0	0	0	0	0	0	0	0	0
S(2,0)SumAverg	63.864312	0	0	0	0	0	0	0	0	0	0	0	0	0	0	0
S(2,0)SumVarnc	724.14305	0	0	0	0	0	0	0	0	0	0	0	0	0	0	0
S(2,0)SumEntrp	2.0340038	0	0	0	0	0	0	0	0	0	0	0	0	0	0	0
S(2,0)Entropy	3.6008098	0	0	0	0	0	0	0	0	0	0	0	0	0	0	0
S(2,0)DifVarnc	227.82424	0	0	0	0	0	0	0	0	0	0	0	0	0	0	0
S(2,0)DifEntrp	1.7242433	0	0	0	0	0	0	0	0	0	0	0	0	0	0	0
_Area_S(0,2)	130048	0	0	0	0	0	0	0	0	0	0	0	0	0	0	0
S(0,2)AngScMom	0.00025587314	0	0	0	0	0	0	0	0	0	0	0	0	0	0	0
S(0,2)Contrast	698.48428	0	0	0	0	0	0	0	0	0	0	0	0	0	0	0
S(0,2)Correlat	-0.0016394214	0	0	0	0	0	0	0	0	0	0	0	0	0	0	0
S(0,2)SumOfSqs	348.67052	0	0	0	0	0	0	0	0	0	0	0	0	0	0	0
S(0,2)InvDfMom	0.046988409	0	0	0	0	0	0	0	0	0	0	0	0	0	0	0
S(0,2)SumAverg	63.851624	0	0	0	0	0	0	0	0	0	0	0	0	0	0	0
S(0,2)SumVarnc	696.19781	0	0	0	0	0	0	0	0	0	0	0	0	0	0	0
S(0,2)SumEntrp	2.0265446	0	0	0	0	0	0	0	0	0	0	0	0	0	0	0
S(0,2)Entropy	3.6021251	0	0	0	0	0	0	0	0	0	0	0	0	0	0	0
S(0,2)DifVarnc	231.62686	0	0	0	0	0	0	0	0	0	0	0	0	0	0	0
S(0,2)DifEntrp	1.7313349	0	0	0	0	0	0	0	0	0	0	0	0	0	0	0
_Area_S(2,2)	129032	0	0	0	0	0	0	0	0	0	0	0	0	0	0	0
S(2,2)AngScMom	0.00025608158	0	0	0	0	0	0	0	0	0	0	0	0	0	0	0
S(2,2)Contrast	695.39164	0	0	0	0	0	0	0	0	0	0	0	0	0	0	0
S(2,2)Correlat	0.0030949388	0	0	0	0	0	0	0	0	0	0	0	0	0	0	0
S(2,2)SumOfSqs	348.77526	0	0	0	0	0	0	0	0	0	0	0	0	0	0	0
S(2,2)InvDfMom	0.046617899	0	0	0	0	0	0	0	0	0	0	0	0	0	0	0
S(2,2)SumAverg	63.852486	0	0	0	0	0	0	0	0	0	0	0	0	0	0	0
S(2,2)SumVarnc	699.70939	0	0	0	0	0	0	0	0	0	0	0	0	0	0	0
S(2,2)SumEntrp	2.0274329	0	0	0	0	0	0	0	0	0	0	0	0	0	0	0
S(2,2)Entropy	3.6018781	0	0	0	0	0	0	0	0	0	0	0	0	0	0	0
S(2,2)DifVarnc	233.22761	0	0	0	0	0	0	0	0	0	0	0	0	0	0	0
S(2,2)DifEntrp	1.7301824	0	0	0	0	0	0	0	0	0	0	0	0	0	0	0
_Area_S(2,-2)	129032	0	0	0	0	0	0	0	0	0	0	0	0	0	0	0
S(2,-2)AngScMom	0.00025594139	0	0	0	0	0	0	0	0	0	0	0	0	0	0	0
S(2,-2)Contrast	698.62819	0	0	0	0	0	0	0	0	0	0	0	0	0	0	0
S(2,-2)Correlat	-0.0015653825	0	0	0	0	0	0	0	0	0	0	0	0	0	0	0
S(2,-2)SumOfSqs	348.76814	0	0	0	0	0	0	0	0	0	0	0	0	0	0	0
S(2,-2)InvDfMom	0.046959646	0	0	0	0	0	0	0	0	0	0	0	0	0	0	0
S(2,-2)SumAverg	63.852719	0	0	0	0	0	0	0	0	0	0	0	0	0	0	0
S(2,-2)SumVarnc	696.44436	0	0	0	0	0	0	0	0	0	0	0	0	0	0	0
S(2,-2)SumEntrp	2.0267077	0	0	0	0	0	0	0	0	0	0	0	0	0	0	0
S(2,-2)Entropy	3.6019731	0	0	0	0	0	0	0	0	0	0	0	0	0	0	0
S(2,-2)DifVarnc	232.3558	0	0	0	0	0	0	0	0	0	0	0	0	0	0	0
S(2,-2)DifEntrp	1.7312919	0	0	0	0	0	0	0	0	0	0	0	0	0	0	0
_Area_S(3,0)	129536	0	0	0	0	0	0	0	0	0	0	0	0	0	0	0
S(3,0)AngScMom	0.0002564755	0	0	0	0	0	0	0	0	0	0	0	0	0	0	0
S(3,0)Contrast	682.11404	0	0	0	0	0	0	0	0	0	0	0	0	0	0	0
S(3,0)Correlat	0.022998295	0	0	0	0	0	0	0	0	0	0	0	0	0	0	0
S(3,0)SumOfSqs	349.08539	0	0	0	0	0	0	0	0	0	0	0	0	0	0	0
S(3,0)InvDfMom	0.049521221	0	0	0	0	0	0	0	0	0	0	0	0	0	0	0
S(3,0)SumAverg	63.871202	0	0	0	0	0	0	0	0	0	0	0	0	0	0	0
S(3,0)SumVarnc	714.22751	0	0	0	0	0	0	0	0	0	0	0	0	0	0	0
S(3,0)SumEntrp	2.0316371	0	0	0	0	0	0	0	0	0	0	0	0	0	0	0
S(3,0)Entropy	3.6018132	0	0	0	0	0	0	0	0	0	0	0	0	0	0	0
S(3,0)DifVarnc	229.61927	0	0	0	0	0	0	0	0	0	0	0	0	0	0	0
S(3,0)DifEntrp	1.7268121	0	0	0	0	0	0	0	0	0	0	0	0	0	0	0
_Area_S(0,3)	129536	0	0	0	0	0	0	0	0	0	0	0	0	0	0	0
S(0,3)AngScMom	0.00025638194	0	0	0	0	0	0	0	0	0	0	0	0	0	0	0
S(0,3)Contrast	697.98033	0	0	0	0	0	0	0	0	0	0	0	0	0	0	0
S(0,3)Correlat	-0.00078583902	0	0	0	0	0	0	0	0	0	0	0	0	0	0	0
S(0,3)SumOfSqs	348.71613	0	0	0	0	0	0	0	0	0	0	0	0	0	0	0
S(0,3)InvDfMom	0.04630083	0	0	0	0	0	0	0	0	0	0	0	0	0	0	0
S(0,3)SumAverg	63.846467	0	0	0	0	0	0	0	0	0	0	0	0	0	0	0
S(0,3)SumVarnc	696.88419	0	0	0	0	0	0	0	0	0	0	0	0	0	0	0
S(0,3)SumEntrp	2.026795	0	0	0	0	0	0	0	0	0	0	0	0	0	0	0
S(0,3)Entropy	3.6016761	0	0	0	0	0	0	0	0	0	0	0	0	0	0	0
S(0,3)DifVarnc	231.82898	0	0	0	0	0	0	0	0	0	0	0	0	0	0	0
S(0,3)DifEntrp	1.7309248	0	0	0	0	0	0	0	0	0	0	0	0	0	0	0
_Area_S(3,3)	128018	0	0	0	0	0	0	0	0	0	0	0	0	0	0	0
S(3,3)AngScMom	0.00025617917	0	0	0	0	0	0	0	0	0	0	0	0	0	0	0
S(3,3)Contrast	696.84922	0	0	0	0	0	0	0	0	0	0	0	0	0	0	0
S(3,3)Correlat	0.0012958829	0	0	0	0	0	0	0	0	0	0	0	0	0	0	0
S(3,3)SumOfSqs	348.87672	0	0	0	0	0	0	0	0	0	0	0	0	0	0	0
S(3,3)InvDfMom	0.046195656	0	0	0	0	0	0	0	0	0	0	0	0	0	0	0
S(3,3)SumAverg	63.855677	0	0	0	0	0	0	0	0	0	0	0	0	0	0	0
S(3,3)SumVarnc	698.65764	0	0	0	0	0	0	0	0	0	0	0	0	0	0	0
S(3,3)SumEntrp	2.0271301	0	0	0	0	0	0	0	0	0	0	0	0	0	0	0
S(3,3)Entropy	3.6017527	0	0	0	0	0	0	0	0	0	0	0	0	0	0	0
S(3,3)DifVarnc	231.74345	0	0	0	0	0	0	0	0	0	0	0	0	0	0	0
S(3,3)DifEntrp	1.730651	0	0	0	0	0	0	0	0	0	0	0	0	0	0	0
_Area_S(3,-3)	128018	0	0	0	0	0	0	0	0	0	0	0	0	0	0	0
S(3,-3)AngScMom	0.00025646949	0	0	0	0	0	0	0	0	0	0	0	0	0	0	0
S(3,-3)Contrast	696.40479	0	0	0	0	0	0	0	0	0	0	0	0	0	0	0
S(3,-3)Correlat	0.0019318412	0	0	0	0	0	0	0	0	0	0	0	0	0	0	0
S(3,-3)SumOfSqs	348.87637	0	0	0	0	0	0	0	0	0	0	0	0	0	0	0
S(3,-3)InvDfMom	0.04694828	0	0	0	0	0	0	0	0	0	0	0	0	0	0	0
S(3,-3)SumAverg	63.853677	0	0	0	0	0	0	0	0	0	0	0	0	0	0	0
S(3,-3)SumVarnc	699.10068	0	0	0	0	0	0	0	0	0	0	0	0	0	0	0
S(3,-3)SumEntrp	2.0273863	0	0	0	0	0	0	0	0	0	0	0	0	0	0	0
S(3,-3)Entropy	3.6015097	0	0	0	0	0	0	0	0	0	0	0	0	0	0	0
S(3,-3)DifVarnc	233.01037	0	0	0	0	0	0	0	0	0	0	0	0	0	0	0
S(3,-3)DifEntrp	1.730743	0	0	0	0	0	0	0	0	0	0	0	0	0	0	0
_Area_S(4,0)	129024	0	0	0	0	0	0	0	0	0	0	0	0	0	0	0
S(4,0)AngScMom	0.0002564794	0	0	0	0	0	0	0	0	0	0	0	0	0	0	0
S(4,0)Contrast	687.02183	0	0	0	0	0	0	0	0	0	0	0	0	0	0	0
S(4,0)Correlat	0.015974047	0	0	0	0	0	0	0	0	0	0	0	0	0	0	0
S(4,0)SumOfSqs	349.08725	0	0	0	0	0	0	0	0	0	0	0	0	0	0	0
S(4,0)InvDfMom	0.048020384	0	0	0	0	0	0	0	0	0	0	0	0	0	0	0
S(4,0)SumAverg	63.879185	0	0	0	0	0	0	0	0	0	0	0	0	0	0	0
S(4,0)SumVarnc	709.32717	0	0	0	0	0	0	0	0	0	0	0	0	0	0	0
S(4,0)SumEntrp	2.029847	0	0	0	0	0	0	0	0	0	0	0	0	0	0	0
S(4,0)Entropy	3.6015807	0	0	0	0	0	0	0	0	0	0	0	0	0	0	0
S(4,0)DifVarnc	231.04655	0	0	0	0	0	0	0	0	0	0	0	0	0	0	0
S(4,0)DifEntrp	1.7282855	0	0	0	0	0	0	0	0	0	0	0	0	0	0	0
_Area_S(0,4)	129024	0	0	0	0	0	0	0	0	0	0	0	0	0	0	0
S(0,4)AngScMom	0.00025553282	0	0	0	0	0	0	0	0	0	0	0	0	0	0	0
S(0,4)Contrast	691.16578	0	0	0	0	0	0	0	0	0	0	0	0	0	0	0
S(0,4)Correlat	0.0088393066	0	0	0	0	0	0	0	0	0	0	0	0	0	0	0
S(0,4)SumOfSqs	348.66485	0	0	0	0	0	0	0	0	0	0	0	0	0	0	0
S(0,4)InvDfMom	0.047480759	0	0	0	0	0	0	0	0	0	0	0	0	0	0	0
S(0,4)SumAverg	63.848354	0	0	0	0	0	0	0	0	0	0	0	0	0	0	0
S(0,4)SumVarnc	703.4936	0	0	0	0	0	0	0	0	0	0	0	0	0	0	0
S(0,4)SumEntrp	2.0284942	0	0	0	0	0	0	0	0	0	0	0	0	0	0	0
S(0,4)Entropy	3.6024034	0	0	0	0	0	0	0	0	0	0	0	0	0	0	0
S(0,4)DifVarnc	230.56667	0	0	0	0	0	0	0	0	0	0	0	0	0	0	0
S(0,4)DifEntrp	1.7294441	0	0	0	0	0	0	0	0	0	0	0	0	0	0	0
_Area_S(4,4)	127008	0	0	0	0	0	0	0	0	0	0	0	0	0	0	0
S(4,4)AngScMom	0.00025595572	0	0	0	0	0	0	0	0	0	0	0	0	0	0	0
S(4,4)Contrast	690.82203	0	0	0	0	0	0	0	0	0	0	0	0	0	0	0
S(4,4)Correlat	0.009792362	0	0	0	0	0	0	0	0	0	0	0	0	0	0	0
S(4,4)SumOfSqs	348.82685	0	0	0	0	0	0	0	0	0	0	0	0	0	0	0
S(4,4)InvDfMom	0.04672452	0	0	0	0	0	0	0	0	0	0	0	0	0	0	0
S(4,4)SumAverg	63.867536	0	0	0	0	0	0	0	0	0	0	0	0	0	0	0
S(4,4)SumVarnc	704.48538	0	0	0	0	0	0	0	0	0	0	0	0	0	0	0
S(4,4)SumEntrp	2.0287285	0	0	0	0	0	0	0	0	0	0	0	0	0	0	0
S(4,4)Entropy	3.6020357	0	0	0	0	0	0	0	0	0	0	0	0	0	0	0
S(4,4)DifVarnc	229.29897	0	0	0	0	0	0	0	0	0	0	0	0	0	0	0
S(4,4)DifEntrp	1.7294356	0	0	0	0	0	0	0	0	0	0	0	0	0	0	0
_Area_S(4,-4)	127008	0	0	0	0	0	0	0	0	0	0	0	0	0	0	0
S(4,-4)AngScMom	0.00025585964	0	0	0	0	0	0	0	0	0	0	0	0	0	0	0
S(4,-4)Contrast	699.45227	0	0	0	0	0	0	0	0	0	0	0	0	0	0	0
S(4,-4)Correlat	-0.0025807666	0	0	0	0	0	0	0	0	0	0	0	0	0	0	0
S(4,-4)SumOfSqs	348.8259	0	0	0	0	0	0	0	0	0	0	0	0	0	0	0
S(4,-4)InvDfMom	0.045617375	0	0	0	0	0	0	0	0	0	0	0	0	0	0	0
S(4,-4)SumAverg	63.862828	0	0	0	0	0	0	0	0	0	0	0	0	0	0	0
S(4,-4)SumVarnc	695.85132	0	0	0	0	0	0	0	0	0	0	0	0	0	0	0
S(4,-4)SumEntrp	2.0264636	0	0	0	0	0	0	0	0	0	0	0	0	0	0	0
S(4,-4)Entropy	3.6020516	0	0	0	0	0	0	0	0	0	0	0	0	0	0	0
S(4,-4)DifVarnc	230.99743	0	0	0	0	0	0	0	0	0	0	0	0	0	0	0
S(4,-4)DifEntrp	1.7313912	0	0	0	0	0	0	0	0	0	0	0	0	0	0	0
_Area_S(5,0)	128512	0	0	0	0	0	0	0	0	0	0	0	0	0	0	0
S(5,0)AngScMom	0.00025582625	0	0	0	0	0	0	0	0	0	0	0	0	0	0	0
S(5,0)Contrast	695.20552	0	0	0	0	0	0	0	0	0	0	0	0	0	0	0
S(5,0)Correlat	0.0041730241	0	0	0	0	0	0	0	0	0	0	0	0	0	0	0
S(5,0)SumOfSqs	349.05939	0	0	0	0	0	0	0	0	0	0	0	0	0	0	0
S(5,0)InvDfMom	0.047206887	0	0	0	0	0	0	0	0	0	0	0	0	0	0	0
S(5,0)SumAverg	63.865507	0	0	0	0	0	0	0	0	0	0	0	0	0	0	0
S(5,0)SumVarnc	701.03205	0	0	0	0	0	0	0	0	0	0	0	0	0	0	0
S(5,0)SumEntrp	2.0280673	0	0	0	0	0	0	0	0	0	0	0	0	0	0	0
S(5,0)Entropy	3.6021258	0	0	0	0	0	0	0	0	0	0	0	0	0	0	0
S(5,0)DifVarnc	232.52446	0	0	0	0	0	0	0	0	0	0	0	0	0	0	0
S(5,0)DifEntrp	1.7301831	0	0	0	0	0	0	0	0	0	0	0	0	0	0	0
_Area_S(0,5)	128512	0	0	0	0	0	0	0	0	0	0	0	0	0	0	0
S(0,5)AngScMom	0.00025620444	0	0	0	0	0	0	0	0	0	0	0	0	0	0	0
S(0,5)Contrast	697.37304	0	0	0	0	0	0	0	0	0	0	0	0	0	0	0
S(0,5)Correlat	-0.00020170713	0	0	0	0	0	0	0	0	0	0	0	0	0	0	0
S(0,5)SumOfSqs	348.6162	0	0	0	0	0	0	0	0	0	0	0	0	0	0	0
S(0,5)InvDfMom	0.046940215	0	0	0	0	0	0	0	0	0	0	0	0	0	0	0
S(0,5)SumAverg	63.847952	0	0	0	0	0	0	0	0	0	0	0	0	0	0	0
S(0,5)SumVarnc	697.09177	0	0	0	0	0	0	0	0	0	0	0	0	0	0	0
S(0,5)SumEntrp	2.0266802	0	0	0	0	0	0	0	0	0	0	0	0	0	0	0
S(0,5)Entropy	3.6018254	0	0	0	0	0	0	0	0	0	0	0	0	0	0	0
S(0,5)DifVarnc	233.03949	0	0	0	0	0	0	0	0	0	0	0	0	0	0	0
S(0,5)DifEntrp	1.7310363	0	0	0	0	0	0	0	0	0	0	0	0	0	0	0
_Area_S(5,5)	126002	0	0	0	0	0	0	0	0	0	0	0	0	0	0	0
S(5,5)AngScMom	0.00025609656	0	0	0	0	0	0	0	0	0	0	0	0	0	0	0
S(5,5)Contrast	699.71286	0	0	0	0	0	0	0	0	0	0	0	0	0	0	0
S(5,5)Correlat	-0.0031224332	0	0	0	0	0	0	0	0	0	0	0	0	0	0	0
S(5,5)SumOfSqs	348.76743	0	0	0	0	0	0	0	0	0	0	0	0	0	0	0
S(5,5)InvDfMom	0.047406095	0	0	0	0	0	0	0	0	0	0	0	0	0	0	0
S(5,5)SumAverg	63.851939	0	0	0	0	0	0	0	0	0	0	0	0	0	0	0
S(5,5)SumVarnc	695.35685	0	0	0	0	0	0	0	0	0	0	0	0	0	0	0
S(5,5)SumEntrp	2.0265644	0	0	0	0	0	0	0	0	0	0	0	0	0	0	0
S(5,5)Entropy	3.601871	0	0	0	0	0	0	0	0	0	0	0	0	0	0	0
S(5,5)DifVarnc	232.84671	0	0	0	0	0	0	0	0	0	0	0	0	0	0	0
S(5,5)DifEntrp	1.7313014	0	0	0	0	0	0	0	0	0	0	0	0	0	0	0
_Area_S(5,-5)	126002	0	0	0	0	0	0	0	0	0	0	0	0	0	0	0
S(5,-5)AngScMom	0.00025668334	0	0	0	0	0	0	0	0	0	0	0	0	0	0	0
S(5,-5)Contrast	694.04771	0	0	0	0	0	0	0	0	0	0	0	0	0	0	0
S(5,-5)Correlat	0.004967787	0	0	0	0	0	0	0	0	0	0	0	0	0	0	0
S(5,-5)SumOfSqs	348.7564	0	0	0	0	0	0	0	0	0	0	0	0	0	0	0
S(5,-5)InvDfMom	0.046348872	0	0	0	0	0	0	0	0	0	0	0	0	0	0	0
S(5,-5)SumAverg	63.849494	0	0	0	0	0	0	0	0	0	0	0	0	0	0	0
S(5,-5)SumVarnc	700.9779	0	0	0	0	0	0	0	0	0	0	0	0	0	0	0
S(5,-5)SumEntrp	2.0279496	0	0	0	0	0	0	0	0	0	0	0	0	0	0	0
S(5,-5)Entropy	3.6013572	0	0	0	0	0	0	0	0	0	0	0	0	0	0	0
S(5,-5)DifVarnc	231.24026	0	0	0	0	0	0	0	0	0	0	0	0	0	0	0
S(5,-5)DifEntrp	1.7300037	0	0	0	0	0	0	0	0	0	0	0	0	0	0	0
Horzl_RLNonUni	61776.384	0	0	0	0	0	0	0	0	0	0	0	0	0	0	0
Horzl_GLevNonU	1011.6155	0	0	0	0	0	0	0	0	0	0	0	0	0	0	0
Horzl_LngREmph	1.0610447	0	0	0	0	0	0	0	0	0	0	0	0	0	0	0
Horzl_ShrtREmp	0.98523225	0	0	0	0	0	0	0	0	0	0	0	0	0	0	0
Horzl_Fraction	0.98034668	0	0	0	0	0	0	0	0	0	0	0	0	0	0	0
Vertl_RLNonUni	62673.964	0	0	0	0	0	0	0	0	0	0	0	0	0	0	0
Vertl_GLevNonU	1017.262	0	0	0	0	0	0	0	0	0	0	0	0	0	0	0
Vertl_LngREmph	1.0457545	0	0	0	0	0	0	0	0	0	0	0	0	0	0	0
Vertl_ShrtREmp	0.98883674	0	0	0	0	0	0	0	0	0	0	0	0	0	0	0
Vertl_Fraction	0.98513794	0	0	0	0	0	0	0	0	0	0	0	0	0	0	0
45dgr_RLNonUni	62455.758	0	0	0	0	0	0	0	0	0	0	0	0	0	0	0
45dgr_GLevNonU	1015.7241	0	0	0	0	0	0	0	0	0	0	0	0	0	0	0
45dgr_LngREmph	1.0501877	0	0	0	0	0	0	0	0	0	0	0	0	0	0	0
45dgr_ShrtREmp	0.98798729	0	0	0	0	0	0	0	0	0	0	0	0	0	0	0
45dgr_Fraction	0.9838562	0	0	0	0	0	0	0	0	0	0	0	0	0	0	0
135dr_RLNonUni	62557.416	0	0	0	0	0	0	0	0	0	0	0	0	0	0	0
135dr_GLevNonU	1016.7596	0	0	0	0	0	0	0	0	0	0	0	0	0	0	0
135dr_LngREmph	1.0475644	0	0	0	0	0	0	0	0	0	0	0	0	0	0	0
135dr_ShrtREmp	0.9883672	0	0	0	0	0	0	0	0	0	0	0	0	0	0	0
135dr_Fraction	0.98454285	0	0	0	0	0	0	0	0	0	0	0	0	0	0	0
_AreaGr	64516	0	0	0	0	0	0	0	0	0	0	0	0	0	0	0
GrMean	8.3270695	0	0	0	0	0	0	0	0	0	0	0	0	0	0	0
GrVariance	15.828724	0	0	0	0	0	0	0	0	0	0	0	0	0	0	0
GrSkewness	0.18010642	0	0	0	0	0	0	0	0	0	0	0	0	0	0	0
GrKurtosis	-0.65617508	0	0	0	0	0	0	0	0	0	0	0	0	0	0	0
GrNonZeros	0.99581499	0	0	0	0	0	0	0	0	0	0	0	0	0	0	0
_AreaARM	64770	0	0	0	0	0	0	0	0	0	0	0	0	0	0	0
Teta1	0.057077852	0	0	0	0	0	0	0	0	0	0	0	0	0	0	0
Teta2	0.0010235569	0	0	0	0	0	0	0	0	0	0	0	0	0	0	0
Teta3	-0.0011348417	0	0	0	0	0	0	0	0	0	0	0	0	0	0	0
Teta4	0.0010764365	0	0	0	0	0	0	0	0	0	0	0	0	0	0	0
Sigma	0.99794709	0	0	0	0	0	0	0	0	0	0	0	0	0	0	0
WavEnLL_s-1	17161.139	0	0	0	0	0	0	0	0	0	0	0	0	0	0	0
WavEnLH_s-1	1488.2005	0	0	0	0	0	0	0	0	0	0	0	0	0	0	0
WavEnHL_s-1	1315.3128	0	0	0	0	0	0	0	0	0	0	0	0	0	0	0
WavEnHH_s-1	1303.3811	0	0	0	0	0	0	0	0	0	0	0	0	0	0	0
WavEnLL_s-2	16079.288	0	0	0	0	0	0	0	0	0	0	0	0	0	0	0
WavEnLH_s-2	387.38147	0	0	0	0	0	0	0	0	0	0	0	0	0	0	0
WavEnHL_s-2	343.69992	0	0	0	0	0	0	0	0	0	0	0	0	0	0	0
WavEnHH_s-2	350.76964	0	0	0	0	0	0	0	0	0	0	0	0	0	0	0
WavEnLL_s-3	15776.45	0	0	0	0	0	0	0	0	0	0	0	0	0	0	0
WavEnLH_s-3	105.89004	0	0	0	0	0	0	0	0	0	0	0	0	0	0	0
WavEnHL_s-3	100.51767	0	0	0	0	0	0	0	0	0	0	0	0	0	0	0
WavEnHH_s-3	96.4304	0	0	0	0	0	0	0	0	0	0	0	0	0	0	0
WavEnLL_s-4	15700.951	0	0	0	0	0	0	0	0	0	0	0	0	0	0	0
WavEnLH_s-4	27.860767	0	0	0	0	0	0	0	0	0	0	0	0	0	0	0
WavEnHL_s-4	25.006508	0	0	0	0	0	0	0	0	0	0	0	0	0	0	0
WavEnHH_s-4	22.631225	0	0	0	0	0	0	0	0	0	0	0	0	0	0	0
