Image File: cushion1-a-p025.png 
ROI File: allred.roi 
Image size: 256 x 256
Min. lum.: 1
Max. lum.: 256
Bits/pixel: 8

Normalisation =  No
Histogram analysis = Yes
CO matrix analysis = Yes, Dimensions = 6 x 6, Distances = 1 2 3 4 5
RL matrix analysis = Yes, Dimension = 6
Gradient analysis = Yes, Max pixel value = 16
AR model analysis = Yes
Wavelet analysis = Yes

--------------- CLASS NAMES ----------------

----------------- FEATURES -----------------
_Area	65536	0	0	0	0	0	0	0	0	0	0	0	0	0	0	0
Mean	131.32137	0	0	0	0	0	0	0	0	0	0	0	0	0	0	0
Variance	5332.5401	0	0	0	0	0	0	0	0	0	0	0	0	0	0	0
Skewness	-0.032723563	0	0	0	0	0	0	0	0	0	0	0	0	0	0	0
Kurtosis	-1.1760922	0	0	0	0	0	0	0	0	0	0	0	0	0	0	0
Perc.01%	3	0	0	0	0	0	0	0	0	0	0	0	0	0	0	0
Perc.10%	29	0	0	0	0	0	0	0	0	0	0	0	0	0	0	0
Perc.50%	132	0	0	0	0	0	0	0	0	0	0	0	0	0	0	0
Perc.90%	232	0	0	0	0	0	0	0	0	0	0	0	0	0	0	0
Perc.99%	254	0	0	0	0	0	0	0	0	0	0	0	0	0	0	0
_Area_S(1,0)	130560	0	0	0	0	0	0	0	0	0	0	0	0	0	0	0
S(1,0)AngScMom	0.00026810625	0	0	0	0	0	0	0	0	0	0	0	0	0	0	0
S(1,0)Contrast	631.57194	0	0	0	0	0	0	0	0	0	0	0	0	0	0	0
S(1,0)Correlat	0.050458291	0	0	0	0	0	0	0	0	0	0	0	0	0	0	0
S(1,0)SumOfSqs	332.56672	0	0	0	0	0	0	0	0	0	0	0	0	0	0	0
S(1,0)InvDfMom	0.051698088	0	0	0	0	0	0	0	0	0	0	0	0	0	0	0
S(1,0)SumAverg	66.396814	0	0	0	0	0	0	0	0	0	0	0	0	0	0	0
S(1,0)SumVarnc	698.69493	0	0	0	0	0	0	0	0	0	0	0	0	0	0	0
S(1,0)SumEntrp	2.027619	0	0	0	0	0	0	0	0	0	0	0	0	0	0	0
S(1,0)Entropy	3.5920747	0	0	0	0	0	0	0	0	0	0	0	0	0	0	0
S(1,0)DifVarnc	214.42886	0	0	0	0	0	0	0	0	0	0	0	0	0	0	0
S(1,0)DifEntrp	1.7119936	0	0	0	0	0	0	0	0	0	0	0	0	0	0	0
_Area_S(0,1)	130560	0	0	0	0	0	0	0	0	0	0	0	0	0	0	0
S(0,1)AngScMom	0.00025993831	0	0	0	0	0	0	0	0	0	0	0	0	0	0	0
S(0,1)Contrast	660.86365	0	0	0	0	0	0	0	0	0	0	0	0	0	0	0
S(0,1)Correlat	0.0058498689	0	0	0	0	0	0	0	0	0	0	0	0	0	0	0
S(0,1)SumOfSqs	332.37618	0	0	0	0	0	0	0	0	0	0	0	0	0	0	0
S(0,1)InvDfMom	0.047457833	0	0	0	0	0	0	0	0	0	0	0	0	0	0	0
S(0,1)SumAverg	66.395236	0	0	0	0	0	0	0	0	0	0	0	0	0	0	0
S(0,1)SumVarnc	668.64108	0	0	0	0	0	0	0	0	0	0	0	0	0	0	0
S(0,1)SumEntrp	2.0190747	0	0	0	0	0	0	0	0	0	0	0	0	0	0	0
S(0,1)Entropy	3.5984138	0	0	0	0	0	0	0	0	0	0	0	0	0	0	0
S(0,1)DifVarnc	220.69129	0	0	0	0	0	0	0	0	0	0	0	0	0	0	0
S(0,1)DifEntrp	1.7207026	0	0	0	0	0	0	0	0	0	0	0	0	0	0	0
_Area_S(1,1)	130050	0	0	0	0	0	0	0	0	0	0	0	0	0	0	0
S(1,1)AngScMom	0.00025988431	0	0	0	0	0	0	0	0	0	0	0	0	0	0	0
S(1,1)Contrast	661.87845	0	0	0	0	0	0	0	0	0	0	0	0	0	0	0
S(1,1)Correlat	0.004055818	0	0	0	0	0	0	0	0	0	0	0	0	0	0	0
S(1,1)SumOfSqs	332.28692	0	0	0	0	0	0	0	0	0	0	0	0	0	0	0
S(1,1)InvDfMom	0.048073175	0	0	0	0	0	0	0	0	0	0	0	0	0	0	0
S(1,1)SumAverg	66.395602	0	0	0	0	0	0	0	0	0	0	0	0	0	0	0
S(1,1)SumVarnc	667.26923	0	0	0	0	0	0	0	0	0	0	0	0	0	0	0
S(1,1)SumEntrp	2.0185655	0	0	0	0	0	0	0	0	0	0	0	0	0	0	0
S(1,1)Entropy	3.5985309	0	0	0	0	0	0	0	0	0	0	0	0	0	0	0
S(1,1)DifVarnc	221.95064	0	0	0	0	0	0	0	0	0	0	0	0	0	0	0
S(1,1)DifEntrp	1.7212504	0	0	0	0	0	0	0	0	0	0	0	0	0	0	0
_Area_S(1,-1)	130050	0	0	0	0	0	0	0	0	0	0	0	0	0	0	0
S(1,-1)AngScMom	0.00025935076	0	0	0	0	0	0	0	0	0	0	0	0	0	0	0
S(1,-1)Contrast	664.28401	0	0	0	0	0	0	0	0	0	0	0	0	0	0	0
S(1,-1)Correlat	0.00041762322	0	0	0	0	0	0	0	0	0	0	0	0	0	0	0
S(1,-1)SumOfSqs	332.28078	0	0	0	0	0	0	0	0	0	0	0	0	0	0	0
S(1,-1)InvDfMom	0.047449022	0	0	0	0	0	0	0	0	0	0	0	0	0	0	0
S(1,-1)SumAverg	66.396494	0	0	0	0	0	0	0	0	0	0	0	0	0	0	0
S(1,-1)SumVarnc	664.83909	0	0	0	0	0	0	0	0	0	0	0	0	0	0	0
S(1,-1)SumEntrp	2.0180573	0	0	0	0	0	0	0	0	0	0	0	0	0	0	0
S(1,-1)Entropy	3.5989916	0	0	0	0	0	0	0	0	0	0	0	0	0	0	0
S(1,-1)DifVarnc	220.77369	0	0	0	0	0	0	0	0	0	0	0	0	0	0	0
S(1,-1)DifEntrp	1.7220209	0	0	0	0	0	0	0	0	0	0	0	0	0	0	0
_Area_S(2,0)	130048	0	0	0	0	0	0	0	0	0	0	0	0	0	0	0
S(2,0)AngScMom	0.00026082191	0	0	0	0	0	0	0	0	0	0	0	0	0	0	0
S(2,0)Contrast	651.00993	0	0	0	0	0	0	0	0	0	0	0	0	0	0	0
S(2,0)Correlat	0.021094564	0	0	0	0	0	0	0	0	0	0	0	0	0	0	0
S(2,0)SumOfSqs	332.51932	0	0	0	0	0	0	0	0	0	0	0	0	0	0	0
S(2,0)InvDfMom	0.048811817	0	0	0	0	0	0	0	0	0	0	0	0	0	0	0
S(2,0)SumAverg	66.393639	0	0	0	0	0	0	0	0	0	0	0	0	0	0	0
S(2,0)SumVarnc	679.06734	0	0	0	0	0	0	0	0	0	0	0	0	0	0	0
S(2,0)SumEntrp	2.022177	0	0	0	0	0	0	0	0	0	0	0	0	0	0	0
S(2,0)Entropy	3.5977213	0	0	0	0	0	0	0	0	0	0	0	0	0	0	0
S(2,0)DifVarnc	217.87538	0	0	0	0	0	0	0	0	0	0	0	0	0	0	0
S(2,0)DifEntrp	1.7179005	0	0	0	0	0	0	0	0	0	0	0	0	0	0	0
_Area_S(0,2)	130048	0	0	0	0	0	0	0	0	0	0	0	0	0	0	0
S(0,2)AngScMom	0.00025947888	0	0	0	0	0	0	0	0	0	0	0	0	0	0	0
S(0,2)Contrast	665.35751	0	0	0	0	0	0	0	0	0	0	0	0	0	0	0
S(0,2)Correlat	-0.0012466811	0	0	0	0	0	0	0	0	0	0	0	0	0	0	0
S(0,2)SumOfSqs	332.26453	0	0	0	0	0	0	0	0	0	0	0	0	0	0	0
S(0,2)InvDfMom	0.046680707	0	0	0	0	0	0	0	0	0	0	0	0	0	0	0
S(0,2)SumAverg	66.362128	0	0	0	0	0	0	0	0	0	0	0	0	0	0	0
S(0,2)SumVarnc	663.7006	0	0	0	0	0	0	0	0	0	0	0	0	0	0	0
S(0,2)SumEntrp	2.017456	0	0	0	0	0	0	0	0	0	0	0	0	0	0	0
S(0,2)Entropy	3.5988691	0	0	0	0	0	0	0	0	0	0	0	0	0	0	0
S(0,2)DifVarnc	222.1891	0	0	0	0	0	0	0	0	0	0	0	0	0	0	0
S(0,2)DifEntrp	1.721854	0	0	0	0	0	0	0	0	0	0	0	0	0	0	0
_Area_S(2,2)	129032	0	0	0	0	0	0	0	0	0	0	0	0	0	0	0
S(2,2)AngScMom	0.0002595102	0	0	0	0	0	0	0	0	0	0	0	0	0	0	0
S(2,2)Contrast	669.1187	0	0	0	0	0	0	0	0	0	0	0	0	0	0	0
S(2,2)Correlat	-0.0073205638	0	0	0	0	0	0	0	0	0	0	0	0	0	0	0
S(2,2)SumOfSqs	332.12799	0	0	0	0	0	0	0	0	0	0	0	0	0	0	0
S(2,2)InvDfMom	0.046847179	0	0	0	0	0	0	0	0	0	0	0	0	0	0	0
S(2,2)SumAverg	66.359446	0	0	0	0	0	0	0	0	0	0	0	0	0	0	0
S(2,2)SumVarnc	659.39324	0	0	0	0	0	0	0	0	0	0	0	0	0	0	0
S(2,2)SumEntrp	2.0165758	0	0	0	0	0	0	0	0	0	0	0	0	0	0	0
S(2,2)Entropy	3.5987934	0	0	0	0	0	0	0	0	0	0	0	0	0	0	0
S(2,2)DifVarnc	222.26906	0	0	0	0	0	0	0	0	0	0	0	0	0	0	0
S(2,2)DifEntrp	1.7230537	0	0	0	0	0	0	0	0	0	0	0	0	0	0	0
_Area_S(2,-2)	129032	0	0	0	0	0	0	0	0	0	0	0	0	0	0	0
S(2,-2)AngScMom	0.0002597979	0	0	0	0	0	0	0	0	0	0	0	0	0	0	0
S(2,-2)Contrast	664.2638	0	0	0	0	0	0	0	0	0	0	0	0	0	0	0
S(2,-2)Correlat	-5.3907886e-05	0	0	0	0	0	0	0	0	0	0	0	0	0	0	0
S(2,-2)SumOfSqs	332.11399	0	0	0	0	0	0	0	0	0	0	0	0	0	0	0
S(2,-2)InvDfMom	0.04728361	0	0	0	0	0	0	0	0	0	0	0	0	0	0	0
S(2,-2)SumAverg	66.359461	0	0	0	0	0	0	0	0	0	0	0	0	0	0	0
S(2,-2)SumVarnc	664.19218	0	0	0	0	0	0	0	0	0	0	0	0	0	0	0
S(2,-2)SumEntrp	2.01771	0	0	0	0	0	0	0	0	0	0	0	0	0	0	0
S(2,-2)Entropy	3.5986089	0	0	0	0	0	0	0	0	0	0	0	0	0	0	0
S(2,-2)DifVarnc	222.07361	0	0	0	0	0	0	0	0	0	0	0	0	0	0	0
S(2,-2)DifEntrp	1.7218411	0	0	0	0	0	0	0	0	0	0	0	0	0	0	0
_Area_S(3,0)	129536	0	0	0	0	0	0	0	0	0	0	0	0	0	0	0
S(3,0)AngScMom	0.00026011195	0	0	0	0	0	0	0	0	0	0	0	0	0	0	0
S(3,0)Contrast	663.5311	0	0	0	0	0	0	0	0	0	0	0	0	0	0	0
S(3,0)Correlat	0.0023306589	0	0	0	0	0	0	0	0	0	0	0	0	0	0	0
S(3,0)SumOfSqs	332.54059	0	0	0	0	0	0	0	0	0	0	0	0	0	0	0
S(3,0)InvDfMom	0.049216452	0	0	0	0	0	0	0	0	0	0	0	0	0	0	0
S(3,0)SumAverg	66.380095	0	0	0	0	0	0	0	0	0	0	0	0	0	0	0
S(3,0)SumVarnc	666.63125	0	0	0	0	0	0	0	0	0	0	0	0	0	0	0
S(3,0)SumEntrp	2.0185209	0	0	0	0	0	0	0	0	0	0	0	0	0	0	0
S(3,0)Entropy	3.598326	0	0	0	0	0	0	0	0	0	0	0	0	0	0	0
S(3,0)DifVarnc	222.14582	0	0	0	0	0	0	0	0	0	0	0	0	0	0	0
S(3,0)DifEntrp	1.7218881	0	0	0	0	0	0	0	0	0	0	0	0	0	0	0
_Area_S(0,3)	129536	0	0	0	0	0	0	0	0	0	0	0	0	0	0	0
S(0,3)AngScMom	0.00025976176	0	0	0	0	0	0	0	0	0	0	0	0	0	0	0
S(0,3)Contrast	664.64808	0	0	0	0	0	0	0	0	0	0	0	0	0	0	0
S(0,3)Correlat	-7.6659998e-05	0	0	0	0	0	0	0	0	0	0	0	0	0	0	0
S(0,3)SumOfSqs	332.29857	0	0	0	0	0	0	0	0	0	0	0	0	0	0	0
S(0,3)InvDfMom	0.047607085	0	0	0	0	0	0	0	0	0	0	0	0	0	0	0
S(0,3)SumAverg	66.353894	0	0	0	0	0	0	0	0	0	0	0	0	0	0	0
S(0,3)SumVarnc	664.54619	0	0	0	0	0	0	0	0	0	0	0	0	0	0	0
S(0,3)SumEntrp	2.0176754	0	0	0	0	0	0	0	0	0	0	0	0	0	0	0
S(0,3)Entropy	3.5985799	0	0	0	0	0	0	0	0	0	0	0	0	0	0	0
S(0,3)DifVarnc	222.21965	0	0	0	0	0	0	0	0	0	0	0	0	0	0	0
S(0,3)DifEntrp	1.7218491	0	0	0	0	0	0	0	0	0	0	0	0	0	0	0
_Area_S(3,3)	128018	0	0	0	0	0	0	0	0	0	0	0	0	0	0	0
S(3,3)AngScMom	0.00025910705	0	0	0	0	0	0	0	0	0	0	0	0	0	0	0
S(3,3)Contrast	662.51804	0	0	0	0	0	0	0	0	0	0	0	0	0	0	0
S(3,3)Correlat	0.002790057	0	0	0	0	0	0	0	0	0	0	0	0	0	0	0
S(3,3)SumOfSqs	332.18584	0	0	0	0	0	0	0	0	0	0	0	0	0	0	0
S(3,3)InvDfMom	0.048250478	0	0	0	0	0	0	0	0	0	0	0	0	0	0	0
S(3,3)SumAverg	66.336906	0	0	0	0	0	0	0	0	0	0	0	0	0	0	0
S(3,3)SumVarnc	666.22531	0	0	0	0	0	0	0	0	0	0	0	0	0	0	0
S(3,3)SumEntrp	2.0183554	0	0	0	0	0	0	0	0	0	0	0	0	0	0	0
S(3,3)Entropy	3.5990933	0	0	0	0	0	0	0	0	0	0	0	0	0	0	0
S(3,3)DifVarnc	221.20696	0	0	0	0	0	0	0	0	0	0	0	0	0	0	0
S(3,3)DifEntrp	1.7213334	0	0	0	0	0	0	0	0	0	0	0	0	0	0	0
_Area_S(3,-3)	128018	0	0	0	0	0	0	0	0	0	0	0	0	0	0	0
S(3,-3)AngScMom	0.00025976239	0	0	0	0	0	0	0	0	0	0	0	0	0	0	0
S(3,-3)Contrast	664.14148	0	0	0	0	0	0	0	0	0	0	0	0	0	0	0
S(3,-3)Correlat	0.00031321904	0	0	0	0	0	0	0	0	0	0	0	0	0	0	0
S(3,-3)SumOfSqs	332.17478	0	0	0	0	0	0	0	0	0	0	0	0	0	0	0
S(3,-3)InvDfMom	0.047539059	0	0	0	0	0	0	0	0	0	0	0	0	0	0	0
S(3,-3)SumAverg	66.339671	0	0	0	0	0	0	0	0	0	0	0	0	0	0	0
S(3,-3)SumVarnc	664.55765	0	0	0	0	0	0	0	0	0	0	0	0	0	0	0
S(3,-3)SumEntrp	2.0176661	0	0	0	0	0	0	0	0	0	0	0	0	0	0	0
S(3,-3)Entropy	3.5986412	0	0	0	0	0	0	0	0	0	0	0	0	0	0	0
S(3,-3)DifVarnc	222.00231	0	0	0	0	0	0	0	0	0	0	0	0	0	0	0
S(3,-3)DifEntrp	1.7218542	0	0	0	0	0	0	0	0	0	0	0	0	0	0	0
_Area_S(4,0)	129024	0	0	0	0	0	0	0	0	0	0	0	0	0	0	0
S(4,0)AngScMom	0.00025970229	0	0	0	0	0	0	0	0	0	0	0	0	0	0	0
S(4,0)Contrast	664.46869	0	0	0	0	0	0	0	0	0	0	0	0	0	0	0
S(4,0)Correlat	0.00086502636	0	0	0	0	0	0	0	0	0	0	0	0	0	0	0
S(4,0)SumOfSqs	332.52198	0	0	0	0	0	0	0	0	0	0	0	0	0	0	0
S(4,0)InvDfMom	0.047857281	0	0	0	0	0	0	0	0	0	0	0	0	0	0	0
S(4,0)SumAverg	66.366195	0	0	0	0	0	0	0	0	0	0	0	0	0	0	0
S(4,0)SumVarnc	665.61925	0	0	0	0	0	0	0	0	0	0	0	0	0	0	0
S(4,0)SumEntrp	2.018119	0	0	0	0	0	0	0	0	0	0	0	0	0	0	0
S(4,0)Entropy	3.5986756	0	0	0	0	0	0	0	0	0	0	0	0	0	0	0
S(4,0)DifVarnc	222.12391	0	0	0	0	0	0	0	0	0	0	0	0	0	0	0
S(4,0)DifEntrp	1.7218376	0	0	0	0	0	0	0	0	0	0	0	0	0	0	0
_Area_S(0,4)	129024	0	0	0	0	0	0	0	0	0	0	0	0	0	0	0
S(0,4)AngScMom	0.00025962768	0	0	0	0	0	0	0	0	0	0	0	0	0	0	0
S(0,4)Contrast	663.51248	0	0	0	0	0	0	0	0	0	0	0	0	0	0	0
S(0,4)Correlat	0.0017577738	0	0	0	0	0	0	0	0	0	0	0	0	0	0	0
S(0,4)SumOfSqs	332.34042	0	0	0	0	0	0	0	0	0	0	0	0	0	0	0
S(0,4)InvDfMom	0.048056903	0	0	0	0	0	0	0	0	0	0	0	0	0	0	0
S(0,4)SumAverg	66.351392	0	0	0	0	0	0	0	0	0	0	0	0	0	0	0
S(0,4)SumVarnc	665.8492	0	0	0	0	0	0	0	0	0	0	0	0	0	0	0
S(0,4)SumEntrp	2.0180261	0	0	0	0	0	0	0	0	0	0	0	0	0	0	0
S(0,4)Entropy	3.5987555	0	0	0	0	0	0	0	0	0	0	0	0	0	0	0
S(0,4)DifVarnc	222.56261	0	0	0	0	0	0	0	0	0	0	0	0	0	0	0
S(0,4)DifEntrp	1.7216672	0	0	0	0	0	0	0	0	0	0	0	0	0	0	0
_Area_S(4,4)	127008	0	0	0	0	0	0	0	0	0	0	0	0	0	0	0
S(4,4)AngScMom	0.00026028006	0	0	0	0	0	0	0	0	0	0	0	0	0	0	0
S(4,4)Contrast	662.46339	0	0	0	0	0	0	0	0	0	0	0	0	0	0	0
S(4,4)Correlat	0.0029438206	0	0	0	0	0	0	0	0	0	0	0	0	0	0	0
S(4,4)SumOfSqs	332.20966	0	0	0	0	0	0	0	0	0	0	0	0	0	0	0
S(4,4)InvDfMom	0.046530709	0	0	0	0	0	0	0	0	0	0	0	0	0	0	0
S(4,4)SumAverg	66.321822	0	0	0	0	0	0	0	0	0	0	0	0	0	0	0
S(4,4)SumVarnc	666.37525	0	0	0	0	0	0	0	0	0	0	0	0	0	0	0
S(4,4)SumEntrp	2.0182554	0	0	0	0	0	0	0	0	0	0	0	0	0	0	0
S(4,4)Entropy	3.5981281	0	0	0	0	0	0	0	0	0	0	0	0	0	0	0
S(4,4)DifVarnc	221.52225	0	0	0	0	0	0	0	0	0	0	0	0	0	0	0
S(4,4)DifEntrp	1.7212946	0	0	0	0	0	0	0	0	0	0	0	0	0	0	0
_Area_S(4,-4)	127008	0	0	0	0	0	0	0	0	0	0	0	0	0	0	0
S(4,-4)AngScMom	0.00025996018	0	0	0	0	0	0	0	0	0	0	0	0	0	0	0
S(4,-4)Contrast	660.16942	0	0	0	0	0	0	0	0	0	0	0	0	0	0	0
S(4,-4)Correlat	0.0063893129	0	0	0	0	0	0	0	0	0	0	0	0	0	0	0
S(4,-4)SumOfSqs	332.20729	0	0	0	0	0	0	0	0	0	0	0	0	0	0	0
S(4,-4)InvDfMom	0.048034719	0	0	0	0	0	0	0	0	0	0	0	0	0	0	0
S(4,-4)SumAverg	66.321885	0	0	0	0	0	0	0	0	0	0	0	0	0	0	0
S(4,-4)SumVarnc	668.65973	0	0	0	0	0	0	0	0	0	0	0	0	0	0	0
S(4,-4)SumEntrp	2.0188068	0	0	0	0	0	0	0	0	0	0	0	0	0	0	0
S(4,-4)Entropy	3.5984253	0	0	0	0	0	0	0	0	0	0	0	0	0	0	0
S(4,-4)DifVarnc	221.97513	0	0	0	0	0	0	0	0	0	0	0	0	0	0	0
S(4,-4)DifEntrp	1.7204134	0	0	0	0	0	0	0	0	0	0	0	0	0	0	0
_Area_S(5,0)	128512	0	0	0	0	0	0	0	0	0	0	0	0	0	0	0
S(5,0)AngScMom	0.0002598401	0	0	0	0	0	0	0	0	0	0	0	0	0	0	0
S(5,0)Contrast	665.95828	0	0	0	0	0	0	0	0	0	0	0	0	0	0	0
S(5,0)Correlat	-0.0014294525	0	0	0	0	0	0	0	0	0	0	0	0	0	0	0
S(5,0)SumOfSqs	332.50384	0	0	0	0	0	0	0	0	0	0	0	0	0	0	0
S(5,0)InvDfMom	0.046646673	0	0	0	0	0	0	0	0	0	0	0	0	0	0	0
S(5,0)SumAverg	66.360853	0	0	0	0	0	0	0	0	0	0	0	0	0	0	0
S(5,0)SumVarnc	664.05708	0	0	0	0	0	0	0	0	0	0	0	0	0	0	0
S(5,0)SumEntrp	2.0178258	0	0	0	0	0	0	0	0	0	0	0	0	0	0	0
S(5,0)Entropy	3.5985245	0	0	0	0	0	0	0	0	0	0	0	0	0	0	0
S(5,0)DifVarnc	222.14776	0	0	0	0	0	0	0	0	0	0	0	0	0	0	0
S(5,0)DifEntrp	1.7223203	0	0	0	0	0	0	0	0	0	0	0	0	0	0	0
_Area_S(0,5)	128512	0	0	0	0	0	0	0	0	0	0	0	0	0	0	0
S(0,5)AngScMom	0.0002598872	0	0	0	0	0	0	0	0	0	0	0	0	0	0	0
S(0,5)Contrast	659.69774	0	0	0	0	0	0	0	0	0	0	0	0	0	0	0
S(0,5)Correlat	0.00773356	0	0	0	0	0	0	0	0	0	0	0	0	0	0	0
S(0,5)SumOfSqs	332.41966	0	0	0	0	0	0	0	0	0	0	0	0	0	0	0
S(0,5)InvDfMom	0.046786888	0	0	0	0	0	0	0	0	0	0	0	0	0	0	0
S(0,5)SumAverg	66.345493	0	0	0	0	0	0	0	0	0	0	0	0	0	0	0
S(0,5)SumVarnc	669.98089	0	0	0	0	0	0	0	0	0	0	0	0	0	0	0
S(0,5)SumEntrp	2.0191703	0	0	0	0	0	0	0	0	0	0	0	0	0	0	0
S(0,5)Entropy	3.5984433	0	0	0	0	0	0	0	0	0	0	0	0	0	0	0
S(0,5)DifVarnc	221.3045	0	0	0	0	0	0	0	0	0	0	0	0	0	0	0
S(0,5)DifEntrp	1.7205074	0	0	0	0	0	0	0	0	0	0	0	0	0	0	0
_Area_S(5,5)	126002	0	0	0	0	0	0	0	0	0	0	0	0	0	0	0
S(5,5)AngScMom	0.0002599047	0	0	0	0	0	0	0	0	0	0	0	0	0	0	0
S(5,5)Contrast	663.95619	0	0	0	0	0	0	0	0	0	0	0	0	0	0	0
S(5,5)Correlat	0.00087920853	0	0	0	0	0	0	0	0	0	0	0	0	0	0	0
S(5,5)SumOfSqs	332.27023	0	0	0	0	0	0	0	0	0	0	0	0	0	0	0
S(5,5)InvDfMom	0.047809844	0	0	0	0	0	0	0	0	0	0	0	0	0	0	0
S(5,5)SumAverg	66.309551	0	0	0	0	0	0	0	0	0	0	0	0	0	0	0
S(5,5)SumVarnc	665.12473	0	0	0	0	0	0	0	0	0	0	0	0	0	0	0
S(5,5)SumEntrp	2.0178454	0	0	0	0	0	0	0	0	0	0	0	0	0	0	0
S(5,5)Entropy	3.598408	0	0	0	0	0	0	0	0	0	0	0	0	0	0	0
S(5,5)DifVarnc	222.40469	0	0	0	0	0	0	0	0	0	0	0	0	0	0	0
S(5,5)DifEntrp	1.7217325	0	0	0	0	0	0	0	0	0	0	0	0	0	0	0
_Area_S(5,-5)	126002	0	0	0	0	0	0	0	0	0	0	0	0	0	0	0
S(5,-5)AngScMom	0.00025953623	0	0	0	0	0	0	0	0	0	0	0	0	0	0	0
S(5,-5)Contrast	667.46296	0	0	0	0	0	0	0	0	0	0	0	0	0	0	0
S(5,-5)Correlat	-0.0043837064	0	0	0	0	0	0	0	0	0	0	0	0	0	0	0
S(5,-5)SumOfSqs	332.27488	0	0	0	0	0	0	0	0	0	0	0	0	0	0	0
S(5,-5)InvDfMom	0.047748726	0	0	0	0	0	0	0	0	0	0	0	0	0	0	0
S(5,-5)SumAverg	66.309424	0	0	0	0	0	0	0	0	0	0	0	0	0	0	0
S(5,-5)SumVarnc	661.63658	0	0	0	0	0	0	0	0	0	0	0	0	0	0	0
S(5,-5)SumEntrp	2.0170087	0	0	0	0	0	0	0	0	0	0	0	0	0	0	0
S(5,-5)Entropy	3.5988191	0	0	0	0	0	0	0	0	0	0	0	0	0	0	0
S(5,-5)DifVarnc	222.44659	0	0	0	0	0	0	0	0	0	0	0	0	0	0	0
S(5,-5)DifEntrp	1.7227653	0	0	0	0	0	0	0	0	0	0	0	0	0	0	0
Horzl_RLNonUni	62029.083	0	0	0	0	0	0	0	0	0	0	0	0	0	0	0
Horzl_GLevNonU	1020.1306	0	0	0	0	0	0	0	0	0	0	0	0	0	0	0
Horzl_LngREmph	1.0577372	0	0	0	0	0	0	0	0	0	0	0	0	0	0	0
Horzl_ShrtREmp	0.98628309	0	0	0	0	0	0	0	0	0	0	0	0	0	0	0
Horzl_Fraction	0.98153687	0	0	0	0	0	0	0	0	0	0	0	0	0	0	0
Vertl_RLNonUni	62433.789	0	0	0	0	0	0	0	0	0	0	0	0	0	0	0
Vertl_GLevNonU	1023.0596	0	0	0	0	0	0	0	0	0	0	0	0	0	0	0
Vertl_LngREmph	1.0499558	0	0	0	0	0	0	0	0	0	0	0	0	0	0	0
Vertl_ShrtREmp	0.98788209	0	0	0	0	0	0	0	0	0	0	0	0	0	0	0
Vertl_Fraction	0.98384094	0	0	0	0	0	0	0	0	0	0	0	0	0	0	0
45dgr_RLNonUni	62416.302	0	0	0	0	0	0	0	0	0	0	0	0	0	0	0
45dgr_GLevNonU	1022.9221	0	0	0	0	0	0	0	0	0	0	0	0	0	0	0
45dgr_LngREmph	1.0500209	0	0	0	0	0	0	0	0	0	0	0	0	0	0	0
45dgr_ShrtREmp	0.98780497	0	0	0	0	0	0	0	0	0	0	0	0	0	0	0
45dgr_Fraction	0.98377991	0	0	0	0	0	0	0	0	0	0	0	0	0	0	0
135dr_RLNonUni	62396.661	0	0	0	0	0	0	0	0	0	0	0	0	0	0	0
135dr_GLevNonU	1022.9852	0	0	0	0	0	0	0	0	0	0	0	0	0	0	0
135dr_LngREmph	1.0504925	0	0	0	0	0	0	0	0	0	0	0	0	0	0	0
135dr_ShrtREmp	0.98773075	0	0	0	0	0	0	0	0	0	0	0	0	0	0	0
135dr_Fraction	0.98365784	0	0	0	0	0	0	0	0	0	0	0	0	0	0	0
_AreaGr	64516	0	0	0	0	0	0	0	0	0	0	0	0	0	0	0
GrMean	8.1592036	0	0	0	0	0	0	0	0	0	0	0	0	0	0	0
GrVariance	15.160517	0	0	0	0	0	0	0	0	0	0	0	0	0	0	0
GrSkewness	0.1951793	0	0	0	0	0	0	0	0	0	0	0	0	0	0	0
GrKurtosis	-0.63955303	0	0	0	0	0	0	0	0	0	0	0	0	0	0	0
GrNonZeros	0.99603199	0	0	0	0	0	0	0	0	0	0	0	0	0	0	0
_AreaARM	64770	0	0	0	0	0	0	0	0	0	0	0	0	0	0	0
Teta1	0.04876187	0	0	0	0	0	0	0	0	0	0	0	0	0	0	0
Teta2	0.00018733066	0	0	0	0	0	0	0	0	0	0	0	0	0	0	0
Teta3	0.0058697072	0	0	0	0	0	0	0	0	0	0	0	0	0	0	0
Teta4	0.0034413577	0	0	0	0	0	0	0	0	0	0	0	0	0	0	0
Sigma	0.99788799	0	0	0	0	0	0	0	0	0	0	0	0	0	0	0
WavEnLL_s-1	18396.354	0	0	0	0	0	0	0	0	0	0	0	0	0	0	0
WavEnLH_s-1	1409.2318	0	0	0	0	0	0	0	0	0	0	0	0	0	0	0
WavEnHL_s-1	1254.3024	0	0	0	0	0	0	0	0	0	0	0	0	0	0	0
WavEnHH_s-1	1256.3098	0	0	0	0	0	0	0	0	0	0	0	0	0	0	0
WavEnLL_s-2	17356.882	0	0	0	0	0	0	0	0	0	0	0	0	0	0	0
WavEnLH_s-2	365.49552	0	0	0	0	0	0	0	0	0	0	0	0	0	0	0
WavEnHL_s-2	331.02254	0	0	0	0	0	0	0	0	0	0	0	0	0	0	0
WavEnHH_s-2	342.95444	0	0	0	0	0	0	0	0	0	0	0	0	0	0	0
WavEnLL_s-3	17086.872	0	0	0	0	0	0	0	0	0	0	0	0	0	0	0
WavEnLH_s-3	91.162722	0	0	0	0	0	0	0	0	0	0	0	0	0	0	0
WavEnHL_s-3	92.08325	0	0	0	0	0	0	0	0	0	0	0	0	0	0	0
WavEnHH_s-3	86.763414	0	0	0	0	0	0	0	0	0	0	0	0	0	0	0
WavEnLL_s-4	17007.879	0	0	0	0	0	0	0	0	0	0	0	0	0	0	0
WavEnLH_s-4	29.033685	0	0	0	0	0	0	0	0	0	0	0	0	0	0	0
WavEnHL_s-4	28.368607	0	0	0	0	0	0	0	0	0	0	0	0	0	0	0
WavEnHH_s-4	21.591571	0	0	0	0	0	0	0	0	0	0	0	0	0	0	0
