Image File: cushion1-a-p004.png 
ROI File: allred.roi 
Image size: 256 x 256
Min. lum.: 1
Max. lum.: 256
Bits/pixel: 8

Normalisation =  No
Histogram analysis = Yes
CO matrix analysis = Yes, Dimensions = 6 x 6, Distances = 1 2 3 4 5
RL matrix analysis = Yes, Dimension = 6
Gradient analysis = Yes, Max pixel value = 16
AR model analysis = Yes
Wavelet analysis = Yes

--------------- CLASS NAMES ----------------

----------------- FEATURES -----------------
_Area	65536	0	0	0	0	0	0	0	0	0	0	0	0	0	0	0
Mean	126.73734	0	0	0	0	0	0	0	0	0	0	0	0	0	0	0
Variance	5628.9331	0	0	0	0	0	0	0	0	0	0	0	0	0	0	0
Skewness	0.0083359849	0	0	0	0	0	0	0	0	0	0	0	0	0	0	0
Kurtosis	-1.2148118	0	0	0	0	0	0	0	0	0	0	0	0	0	0	0
Perc.01%	2	0	0	0	0	0	0	0	0	0	0	0	0	0	0	0
Perc.10%	23	0	0	0	0	0	0	0	0	0	0	0	0	0	0	0
Perc.50%	127	0	0	0	0	0	0	0	0	0	0	0	0	0	0	0
Perc.90%	231	0	0	0	0	0	0	0	0	0	0	0	0	0	0	0
Perc.99%	254	0	0	0	0	0	0	0	0	0	0	0	0	0	0	0
_Area_S(1,0)	130560	0	0	0	0	0	0	0	0	0	0	0	0	0	0	0
S(1,0)AngScMom	0.00025861976	0	0	0	0	0	0	0	0	0	0	0	0	0	0	0
S(1,0)Contrast	680.2206	0	0	0	0	0	0	0	0	0	0	0	0	0	0	0
S(1,0)Correlat	0.032104972	0	0	0	0	0	0	0	0	0	0	0	0	0	0	0
S(1,0)SumOfSqs	351.39172	0	0	0	0	0	0	0	0	0	0	0	0	0	0	0
S(1,0)InvDfMom	0.049800946	0	0	0	0	0	0	0	0	0	0	0	0	0	0	0
S(1,0)SumAverg	64.133716	0	0	0	0	0	0	0	0	0	0	0	0	0	0	0
S(1,0)SumVarnc	725.34629	0	0	0	0	0	0	0	0	0	0	0	0	0	0	0
S(1,0)SumEntrp	2.034329	0	0	0	0	0	0	0	0	0	0	0	0	0	0	0
S(1,0)Entropy	3.6001186	0	0	0	0	0	0	0	0	0	0	0	0	0	0	0
S(1,0)DifVarnc	228.897	0	0	0	0	0	0	0	0	0	0	0	0	0	0	0
S(1,0)DifEntrp	1.7260265	0	0	0	0	0	0	0	0	0	0	0	0	0	0	0
_Area_S(0,1)	130560	0	0	0	0	0	0	0	0	0	0	0	0	0	0	0
S(0,1)AngScMom	0.00025559921	0	0	0	0	0	0	0	0	0	0	0	0	0	0	0
S(0,1)Contrast	698.30536	0	0	0	0	0	0	0	0	0	0	0	0	0	0	0
S(0,1)Correlat	0.0058414971	0	0	0	0	0	0	0	0	0	0	0	0	0	0	0
S(0,1)SumOfSqs	351.20424	0	0	0	0	0	0	0	0	0	0	0	0	0	0	0
S(0,1)InvDfMom	0.04682668	0	0	0	0	0	0	0	0	0	0	0	0	0	0	0
S(0,1)SumAverg	64.130576	0	0	0	0	0	0	0	0	0	0	0	0	0	0	0
S(0,1)SumVarnc	706.5116	0	0	0	0	0	0	0	0	0	0	0	0	0	0	0
S(0,1)SumEntrp	2.0290892	0	0	0	0	0	0	0	0	0	0	0	0	0	0	0
S(0,1)Entropy	3.6022615	0	0	0	0	0	0	0	0	0	0	0	0	0	0	0
S(0,1)DifVarnc	234.5523	0	0	0	0	0	0	0	0	0	0	0	0	0	0	0
S(0,1)DifEntrp	1.7308996	0	0	0	0	0	0	0	0	0	0	0	0	0	0	0
_Area_S(1,1)	130050	0	0	0	0	0	0	0	0	0	0	0	0	0	0	0
S(1,1)AngScMom	0.00025567335	0	0	0	0	0	0	0	0	0	0	0	0	0	0	0
S(1,1)Contrast	704.25636	0	0	0	0	0	0	0	0	0	0	0	0	0	0	0
S(1,1)Correlat	-0.0026792891	0	0	0	0	0	0	0	0	0	0	0	0	0	0	0
S(1,1)SumOfSqs	351.18725	0	0	0	0	0	0	0	0	0	0	0	0	0	0	0
S(1,1)InvDfMom	0.046000685	0	0	0	0	0	0	0	0	0	0	0	0	0	0	0
S(1,1)SumAverg	64.127705	0	0	0	0	0	0	0	0	0	0	0	0	0	0	0
S(1,1)SumVarnc	700.49263	0	0	0	0	0	0	0	0	0	0	0	0	0	0	0
S(1,1)SumEntrp	2.027681	0	0	0	0	0	0	0	0	0	0	0	0	0	0	0
S(1,1)Entropy	3.6021723	0	0	0	0	0	0	0	0	0	0	0	0	0	0	0
S(1,1)DifVarnc	233.86447	0	0	0	0	0	0	0	0	0	0	0	0	0	0	0
S(1,1)DifEntrp	1.7325939	0	0	0	0	0	0	0	0	0	0	0	0	0	0	0
_Area_S(1,-1)	130050	0	0	0	0	0	0	0	0	0	0	0	0	0	0	0
S(1,-1)AngScMom	0.00025572101	0	0	0	0	0	0	0	0	0	0	0	0	0	0	0
S(1,-1)Contrast	700.93387	0	0	0	0	0	0	0	0	0	0	0	0	0	0	0
S(1,-1)Correlat	0.0020408256	0	0	0	0	0	0	0	0	0	0	0	0	0	0	0
S(1,-1)SumOfSqs	351.18364	0	0	0	0	0	0	0	0	0	0	0	0	0	0	0
S(1,-1)InvDfMom	0.046861088	0	0	0	0	0	0	0	0	0	0	0	0	0	0	0
S(1,-1)SumAverg	64.127505	0	0	0	0	0	0	0	0	0	0	0	0	0	0	0
S(1,-1)SumVarnc	703.80069	0	0	0	0	0	0	0	0	0	0	0	0	0	0	0
S(1,-1)SumEntrp	2.0285249	0	0	0	0	0	0	0	0	0	0	0	0	0	0	0
S(1,-1)Entropy	3.602238	0	0	0	0	0	0	0	0	0	0	0	0	0	0	0
S(1,-1)DifVarnc	233.7485	0	0	0	0	0	0	0	0	0	0	0	0	0	0	0
S(1,-1)DifEntrp	1.7321267	0	0	0	0	0	0	0	0	0	0	0	0	0	0	0
_Area_S(2,0)	130048	0	0	0	0	0	0	0	0	0	0	0	0	0	0	0
S(2,0)AngScMom	0.00025656246	0	0	0	0	0	0	0	0	0	0	0	0	0	0	0
S(2,0)Contrast	685.7707	0	0	0	0	0	0	0	0	0	0	0	0	0	0	0
S(2,0)Correlat	0.024322334	0	0	0	0	0	0	0	0	0	0	0	0	0	0	0
S(2,0)SumOfSqs	351.43302	0	0	0	0	0	0	0	0	0	0	0	0	0	0	0
S(2,0)InvDfMom	0.048424566	0	0	0	0	0	0	0	0	0	0	0	0	0	0	0
S(2,0)SumAverg	64.130352	0	0	0	0	0	0	0	0	0	0	0	0	0	0	0
S(2,0)SumVarnc	719.96139	0	0	0	0	0	0	0	0	0	0	0	0	0	0	0
S(2,0)SumEntrp	2.0331694	0	0	0	0	0	0	0	0	0	0	0	0	0	0	0
S(2,0)Entropy	3.6017078	0	0	0	0	0	0	0	0	0	0	0	0	0	0	0
S(2,0)DifVarnc	230.14938	0	0	0	0	0	0	0	0	0	0	0	0	0	0	0
S(2,0)DifEntrp	1.7279875	0	0	0	0	0	0	0	0	0	0	0	0	0	0	0
_Area_S(0,2)	130048	0	0	0	0	0	0	0	0	0	0	0	0	0	0	0
S(0,2)AngScMom	0.00025550371	0	0	0	0	0	0	0	0	0	0	0	0	0	0	0
S(0,2)Contrast	705.31856	0	0	0	0	0	0	0	0	0	0	0	0	0	0	0
S(0,2)Correlat	-0.0044195676	0	0	0	0	0	0	0	0	0	0	0	0	0	0	0
S(0,2)SumOfSqs	351.10754	0	0	0	0	0	0	0	0	0	0	0	0	0	0	0
S(0,2)InvDfMom	0.046041332	0	0	0	0	0	0	0	0	0	0	0	0	0	0	0
S(0,2)SumAverg	64.090305	0	0	0	0	0	0	0	0	0	0	0	0	0	0	0
S(0,2)SumVarnc	699.11159	0	0	0	0	0	0	0	0	0	0	0	0	0	0	0
S(0,2)SumEntrp	2.0274046	0	0	0	0	0	0	0	0	0	0	0	0	0	0	0
S(0,2)Entropy	3.602398	0	0	0	0	0	0	0	0	0	0	0	0	0	0	0
S(0,2)DifVarnc	234.88818	0	0	0	0	0	0	0	0	0	0	0	0	0	0	0
S(0,2)DifEntrp	1.7327333	0	0	0	0	0	0	0	0	0	0	0	0	0	0	0
_Area_S(2,2)	129032	0	0	0	0	0	0	0	0	0	0	0	0	0	0	0
S(2,2)AngScMom	0.00025580072	0	0	0	0	0	0	0	0	0	0	0	0	0	0	0
S(2,2)Contrast	699.78674	0	0	0	0	0	0	0	0	0	0	0	0	0	0	0
S(2,2)Correlat	0.0035162735	0	0	0	0	0	0	0	0	0	0	0	0	0	0	0
S(2,2)SumOfSqs	351.12803	0	0	0	0	0	0	0	0	0	0	0	0	0	0	0
S(2,2)InvDfMom	0.046486589	0	0	0	0	0	0	0	0	0	0	0	0	0	0	0
S(2,2)SumAverg	64.08353	0	0	0	0	0	0	0	0	0	0	0	0	0	0	0
S(2,2)SumVarnc	704.72538	0	0	0	0	0	0	0	0	0	0	0	0	0	0	0
S(2,2)SumEntrp	2.0286699	0	0	0	0	0	0	0	0	0	0	0	0	0	0	0
S(2,2)Entropy	3.6021736	0	0	0	0	0	0	0	0	0	0	0	0	0	0	0
S(2,2)DifVarnc	233.96207	0	0	0	0	0	0	0	0	0	0	0	0	0	0	0
S(2,2)DifEntrp	1.7316568	0	0	0	0	0	0	0	0	0	0	0	0	0	0	0
_Area_S(2,-2)	129032	0	0	0	0	0	0	0	0	0	0	0	0	0	0	0
S(2,-2)AngScMom	0.00025580565	0	0	0	0	0	0	0	0	0	0	0	0	0	0	0
S(2,-2)Contrast	696.69628	0	0	0	0	0	0	0	0	0	0	0	0	0	0	0
S(2,-2)Correlat	0.0079071612	0	0	0	0	0	0	0	0	0	0	0	0	0	0	0
S(2,-2)SumOfSqs	351.12454	0	0	0	0	0	0	0	0	0	0	0	0	0	0	0
S(2,-2)InvDfMom	0.048700064	0	0	0	0	0	0	0	0	0	0	0	0	0	0	0
S(2,-2)SumAverg	64.084398	0	0	0	0	0	0	0	0	0	0	0	0	0	0	0
S(2,-2)SumVarnc	707.80187	0	0	0	0	0	0	0	0	0	0	0	0	0	0	0
S(2,-2)SumEntrp	2.0295912	0	0	0	0	0	0	0	0	0	0	0	0	0	0	0
S(2,-2)Entropy	3.6022376	0	0	0	0	0	0	0	0	0	0	0	0	0	0	0
S(2,-2)DifVarnc	234.63221	0	0	0	0	0	0	0	0	0	0	0	0	0	0	0
S(2,-2)DifEntrp	1.7310255	0	0	0	0	0	0	0	0	0	0	0	0	0	0	0
_Area_S(3,0)	129536	0	0	0	0	0	0	0	0	0	0	0	0	0	0	0
S(3,0)AngScMom	0.00025604736	0	0	0	0	0	0	0	0	0	0	0	0	0	0	0
S(3,0)Contrast	693.09528	0	0	0	0	0	0	0	0	0	0	0	0	0	0	0
S(3,0)Correlat	0.013875945	0	0	0	0	0	0	0	0	0	0	0	0	0	0	0
S(3,0)SumOfSqs	351.42398	0	0	0	0	0	0	0	0	0	0	0	0	0	0	0
S(3,0)InvDfMom	0.048177323	0	0	0	0	0	0	0	0	0	0	0	0	0	0	0
S(3,0)SumAverg	64.123317	0	0	0	0	0	0	0	0	0	0	0	0	0	0	0
S(3,0)SumVarnc	712.60064	0	0	0	0	0	0	0	0	0	0	0	0	0	0	0
S(3,0)SumEntrp	2.0309351	0	0	0	0	0	0	0	0	0	0	0	0	0	0	0
S(3,0)Entropy	3.6020408	0	0	0	0	0	0	0	0	0	0	0	0	0	0	0
S(3,0)DifVarnc	233.15213	0	0	0	0	0	0	0	0	0	0	0	0	0	0	0
S(3,0)DifEntrp	1.7302866	0	0	0	0	0	0	0	0	0	0	0	0	0	0	0
_Area_S(0,3)	129536	0	0	0	0	0	0	0	0	0	0	0	0	0	0	0
S(0,3)AngScMom	0.00025544663	0	0	0	0	0	0	0	0	0	0	0	0	0	0	0
S(0,3)Contrast	700.80356	0	0	0	0	0	0	0	0	0	0	0	0	0	0	0
S(0,3)Correlat	0.0019633871	0	0	0	0	0	0	0	0	0	0	0	0	0	0	0
S(0,3)SumOfSqs	351.09111	0	0	0	0	0	0	0	0	0	0	0	0	0	0	0
S(0,3)InvDfMom	0.046112373	0	0	0	0	0	0	0	0	0	0	0	0	0	0	0
S(0,3)SumAverg	64.080765	0	0	0	0	0	0	0	0	0	0	0	0	0	0	0
S(0,3)SumVarnc	703.56087	0	0	0	0	0	0	0	0	0	0	0	0	0	0	0
S(0,3)SumEntrp	2.0284704	0	0	0	0	0	0	0	0	0	0	0	0	0	0	0
S(0,3)Entropy	3.6024458	0	0	0	0	0	0	0	0	0	0	0	0	0	0	0
S(0,3)DifVarnc	233.85515	0	0	0	0	0	0	0	0	0	0	0	0	0	0	0
S(0,3)DifEntrp	1.731876	0	0	0	0	0	0	0	0	0	0	0	0	0	0	0
_Area_S(3,3)	128018	0	0	0	0	0	0	0	0	0	0	0	0	0	0	0
S(3,3)AngScMom	0.00025572214	0	0	0	0	0	0	0	0	0	0	0	0	0	0	0
S(3,3)Contrast	699.75018	0	0	0	0	0	0	0	0	0	0	0	0	0	0	0
S(3,3)Correlat	0.0035439868	0	0	0	0	0	0	0	0	0	0	0	0	0	0	0
S(3,3)SumOfSqs	351.11945	0	0	0	0	0	0	0	0	0	0	0	0	0	0	0
S(3,3)InvDfMom	0.047296917	0	0	0	0	0	0	0	0	0	0	0	0	0	0	0
S(3,3)SumAverg	64.065944	0	0	0	0	0	0	0	0	0	0	0	0	0	0	0
S(3,3)SumVarnc	704.72763	0	0	0	0	0	0	0	0	0	0	0	0	0	0	0
S(3,3)SumEntrp	2.0285929	0	0	0	0	0	0	0	0	0	0	0	0	0	0	0
S(3,3)Entropy	3.6022058	0	0	0	0	0	0	0	0	0	0	0	0	0	0	0
S(3,3)DifVarnc	233.25456	0	0	0	0	0	0	0	0	0	0	0	0	0	0	0
S(3,3)DifEntrp	1.7318443	0	0	0	0	0	0	0	0	0	0	0	0	0	0	0
_Area_S(3,-3)	128018	0	0	0	0	0	0	0	0	0	0	0	0	0	0	0
S(3,-3)AngScMom	0.00025590105	0	0	0	0	0	0	0	0	0	0	0	0	0	0	0
S(3,-3)Contrast	703.37289	0	0	0	0	0	0	0	0	0	0	0	0	0	0	0
S(3,-3)Correlat	-0.0016704798	0	0	0	0	0	0	0	0	0	0	0	0	0	0	0
S(3,-3)SumOfSqs	351.09994	0	0	0	0	0	0	0	0	0	0	0	0	0	0	0
S(3,-3)InvDfMom	0.046859805	0	0	0	0	0	0	0	0	0	0	0	0	0	0	0
S(3,-3)SumAverg	64.068287	0	0	0	0	0	0	0	0	0	0	0	0	0	0	0
S(3,-3)SumVarnc	701.02686	0	0	0	0	0	0	0	0	0	0	0	0	0	0	0
S(3,-3)SumEntrp	2.0278105	0	0	0	0	0	0	0	0	0	0	0	0	0	0	0
S(3,-3)Entropy	3.6020068	0	0	0	0	0	0	0	0	0	0	0	0	0	0	0
S(3,-3)DifVarnc	233.91941	0	0	0	0	0	0	0	0	0	0	0	0	0	0	0
S(3,-3)DifEntrp	1.7325799	0	0	0	0	0	0	0	0	0	0	0	0	0	0	0
_Area_S(4,0)	129024	0	0	0	0	0	0	0	0	0	0	0	0	0	0	0
S(4,0)AngScMom	0.00025587413	0	0	0	0	0	0	0	0	0	0	0	0	0	0	0
S(4,0)Contrast	698.59811	0	0	0	0	0	0	0	0	0	0	0	0	0	0	0
S(4,0)Correlat	0.0061575845	0	0	0	0	0	0	0	0	0	0	0	0	0	0	0
S(4,0)SumOfSqs	351.46322	0	0	0	0	0	0	0	0	0	0	0	0	0	0	0
S(4,0)InvDfMom	0.046977509	0	0	0	0	0	0	0	0	0	0	0	0	0	0	0
S(4,0)SumAverg	64.117699	0	0	0	0	0	0	0	0	0	0	0	0	0	0	0
S(4,0)SumVarnc	707.25476	0	0	0	0	0	0	0	0	0	0	0	0	0	0	0
S(4,0)SumEntrp	2.0295014	0	0	0	0	0	0	0	0	0	0	0	0	0	0	0
S(4,0)Entropy	3.6020497	0	0	0	0	0	0	0	0	0	0	0	0	0	0	0
S(4,0)DifVarnc	233.05822	0	0	0	0	0	0	0	0	0	0	0	0	0	0	0
S(4,0)DifEntrp	1.7312811	0	0	0	0	0	0	0	0	0	0	0	0	0	0	0
_Area_S(0,4)	129024	0	0	0	0	0	0	0	0	0	0	0	0	0	0	0
S(0,4)AngScMom	0.00025547755	0	0	0	0	0	0	0	0	0	0	0	0	0	0	0
S(0,4)Contrast	707.41918	0	0	0	0	0	0	0	0	0	0	0	0	0	0	0
S(0,4)Correlat	-0.0076195547	0	0	0	0	0	0	0	0	0	0	0	0	0	0	0
S(0,4)SumOfSqs	351.03486	0	0	0	0	0	0	0	0	0	0	0	0	0	0	0
S(0,4)InvDfMom	0.046256498	0	0	0	0	0	0	0	0	0	0	0	0	0	0	0
S(0,4)SumAverg	64.092882	0	0	0	0	0	0	0	0	0	0	0	0	0	0	0
S(0,4)SumVarnc	696.72026	0	0	0	0	0	0	0	0	0	0	0	0	0	0	0
S(0,4)SumEntrp	2.0264904	0	0	0	0	0	0	0	0	0	0	0	0	0	0	0
S(0,4)Entropy	3.6023884	0	0	0	0	0	0	0	0	0	0	0	0	0	0	0
S(0,4)DifVarnc	235.18839	0	0	0	0	0	0	0	0	0	0	0	0	0	0	0
S(0,4)DifEntrp	1.7336324	0	0	0	0	0	0	0	0	0	0	0	0	0	0	0
_Area_S(4,4)	127008	0	0	0	0	0	0	0	0	0	0	0	0	0	0	0
S(4,4)AngScMom	0.00025599478	0	0	0	0	0	0	0	0	0	0	0	0	0	0	0
S(4,4)Contrast	703.53847	0	0	0	0	0	0	0	0	0	0	0	0	0	0	0
S(4,4)Correlat	-0.0018807898	0	0	0	0	0	0	0	0	0	0	0	0	0	0	0
S(4,4)SumOfSqs	351.10887	0	0	0	0	0	0	0	0	0	0	0	0	0	0	0
S(4,4)InvDfMom	0.04791613	0	0	0	0	0	0	0	0	0	0	0	0	0	0	0
S(4,4)SumAverg	64.072578	0	0	0	0	0	0	0	0	0	0	0	0	0	0	0
S(4,4)SumVarnc	700.89702	0	0	0	0	0	0	0	0	0	0	0	0	0	0	0
S(4,4)SumEntrp	2.0278978	0	0	0	0	0	0	0	0	0	0	0	0	0	0	0
S(4,4)Entropy	3.6020245	0	0	0	0	0	0	0	0	0	0	0	0	0	0	0
S(4,4)DifVarnc	236.02247	0	0	0	0	0	0	0	0	0	0	0	0	0	0	0
S(4,4)DifEntrp	1.7326783	0	0	0	0	0	0	0	0	0	0	0	0	0	0	0
_Area_S(4,-4)	127008	0	0	0	0	0	0	0	0	0	0	0	0	0	0	0
S(4,-4)AngScMom	0.0002561934	0	0	0	0	0	0	0	0	0	0	0	0	0	0	0
S(4,-4)Contrast	703.44671	0	0	0	0	0	0	0	0	0	0	0	0	0	0	0
S(4,-4)Correlat	-0.0018479306	0	0	0	0	0	0	0	0	0	0	0	0	0	0	0
S(4,-4)SumOfSqs	351.07459	0	0	0	0	0	0	0	0	0	0	0	0	0	0	0
S(4,-4)InvDfMom	0.047318053	0	0	0	0	0	0	0	0	0	0	0	0	0	0	0
S(4,-4)SumAverg	64.075271	0	0	0	0	0	0	0	0	0	0	0	0	0	0	0
S(4,-4)SumVarnc	700.85167	0	0	0	0	0	0	0	0	0	0	0	0	0	0	0
S(4,-4)SumEntrp	2.0276597	0	0	0	0	0	0	0	0	0	0	0	0	0	0	0
S(4,-4)Entropy	3.601773	0	0	0	0	0	0	0	0	0	0	0	0	0	0	0
S(4,-4)DifVarnc	235.62082	0	0	0	0	0	0	0	0	0	0	0	0	0	0	0
S(4,-4)DifEntrp	1.7325194	0	0	0	0	0	0	0	0	0	0	0	0	0	0	0
_Area_S(5,0)	128512	0	0	0	0	0	0	0	0	0	0	0	0	0	0	0
S(5,0)AngScMom	0.00025560476	0	0	0	0	0	0	0	0	0	0	0	0	0	0	0
S(5,0)Contrast	699.62332	0	0	0	0	0	0	0	0	0	0	0	0	0	0	0
S(5,0)Correlat	0.0045691735	0	0	0	0	0	0	0	0	0	0	0	0	0	0	0
S(5,0)SumOfSqs	351.41735	0	0	0	0	0	0	0	0	0	0	0	0	0	0	0
S(5,0)InvDfMom	0.047841983	0	0	0	0	0	0	0	0	0	0	0	0	0	0	0
S(5,0)SumAverg	64.107601	0	0	0	0	0	0	0	0	0	0	0	0	0	0	0
S(5,0)SumVarnc	706.04607	0	0	0	0	0	0	0	0	0	0	0	0	0	0	0
S(5,0)SumEntrp	2.0291669	0	0	0	0	0	0	0	0	0	0	0	0	0	0	0
S(5,0)Entropy	3.6023695	0	0	0	0	0	0	0	0	0	0	0	0	0	0	0
S(5,0)DifVarnc	233.99575	0	0	0	0	0	0	0	0	0	0	0	0	0	0	0
S(5,0)DifEntrp	1.731728	0	0	0	0	0	0	0	0	0	0	0	0	0	0	0
_Area_S(0,5)	128512	0	0	0	0	0	0	0	0	0	0	0	0	0	0	0
S(0,5)AngScMom	0.00025528167	0	0	0	0	0	0	0	0	0	0	0	0	0	0	0
S(0,5)Contrast	700.14008	0	0	0	0	0	0	0	0	0	0	0	0	0	0	0
S(0,5)Correlat	0.0024854011	0	0	0	0	0	0	0	0	0	0	0	0	0	0	0
S(0,5)SumOfSqs	350.94227	0	0	0	0	0	0	0	0	0	0	0	0	0	0	0
S(0,5)InvDfMom	0.046509319	0	0	0	0	0	0	0	0	0	0	0	0	0	0	0
S(0,5)SumAverg	64.087447	0	0	0	0	0	0	0	0	0	0	0	0	0	0	0
S(0,5)SumVarnc	703.62901	0	0	0	0	0	0	0	0	0	0	0	0	0	0	0
S(0,5)SumEntrp	2.0285731	0	0	0	0	0	0	0	0	0	0	0	0	0	0	0
S(0,5)Entropy	3.6025128	0	0	0	0	0	0	0	0	0	0	0	0	0	0	0
S(0,5)DifVarnc	234.00126	0	0	0	0	0	0	0	0	0	0	0	0	0	0	0
S(0,5)DifEntrp	1.7314034	0	0	0	0	0	0	0	0	0	0	0	0	0	0	0
_Area_S(5,5)	126002	0	0	0	0	0	0	0	0	0	0	0	0	0	0	0
S(5,5)AngScMom	0.00025578477	0	0	0	0	0	0	0	0	0	0	0	0	0	0	0
S(5,5)Contrast	696.58805	0	0	0	0	0	0	0	0	0	0	0	0	0	0	0
S(5,5)Correlat	0.0076637286	0	0	0	0	0	0	0	0	0	0	0	0	0	0	0
S(5,5)SumOfSqs	350.98387	0	0	0	0	0	0	0	0	0	0	0	0	0	0	0
S(5,5)InvDfMom	0.047606437	0	0	0	0	0	0	0	0	0	0	0	0	0	0	0
S(5,5)SumAverg	64.05638	0	0	0	0	0	0	0	0	0	0	0	0	0	0	0
S(5,5)SumVarnc	707.34743	0	0	0	0	0	0	0	0	0	0	0	0	0	0	0
S(5,5)SumEntrp	2.0294682	0	0	0	0	0	0	0	0	0	0	0	0	0	0	0
S(5,5)Entropy	3.6021188	0	0	0	0	0	0	0	0	0	0	0	0	0	0	0
S(5,5)DifVarnc	233.34888	0	0	0	0	0	0	0	0	0	0	0	0	0	0	0
S(5,5)DifEntrp	1.7307976	0	0	0	0	0	0	0	0	0	0	0	0	0	0	0
_Area_S(5,-5)	126002	0	0	0	0	0	0	0	0	0	0	0	0	0	0	0
S(5,-5)AngScMom	0.00025594866	0	0	0	0	0	0	0	0	0	0	0	0	0	0	0
S(5,-5)Contrast	698.13352	0	0	0	0	0	0	0	0	0	0	0	0	0	0	0
S(5,-5)Correlat	0.0052923376	0	0	0	0	0	0	0	0	0	0	0	0	0	0	0
S(5,-5)SumOfSqs	350.92397	0	0	0	0	0	0	0	0	0	0	0	0	0	0	0
S(5,-5)InvDfMom	0.04640534	0	0	0	0	0	0	0	0	0	0	0	0	0	0	0
S(5,-5)SumAverg	64.05857	0	0	0	0	0	0	0	0	0	0	0	0	0	0	0
S(5,-5)SumVarnc	705.56235	0	0	0	0	0	0	0	0	0	0	0	0	0	0	0
S(5,-5)SumEntrp	2.0291318	0	0	0	0	0	0	0	0	0	0	0	0	0	0	0
S(5,-5)Entropy	3.6020156	0	0	0	0	0	0	0	0	0	0	0	0	0	0	0
S(5,-5)DifVarnc	232.73822	0	0	0	0	0	0	0	0	0	0	0	0	0	0	0
S(5,-5)DifEntrp	1.7308247	0	0	0	0	0	0	0	0	0	0	0	0	0	0	0
Horzl_RLNonUni	62165.566	0	0	0	0	0	0	0	0	0	0	0	0	0	0	0
Horzl_GLevNonU	1012.96	0	0	0	0	0	0	0	0	0	0	0	0	0	0	0
Horzl_LngREmph	1.0547522	0	0	0	0	0	0	0	0	0	0	0	0	0	0	0
Horzl_ShrtREmp	0.98681353	0	0	0	0	0	0	0	0	0	0	0	0	0	0	0
Horzl_Fraction	0.9823761	0	0	0	0	0	0	0	0	0	0	0	0	0	0	0
Vertl_RLNonUni	62533.913	0	0	0	0	0	0	0	0	0	0	0	0	0	0	0
Vertl_GLevNonU	1015.6317	0	0	0	0	0	0	0	0	0	0	0	0	0	0	0
Vertl_LngREmph	1.0479423	0	0	0	0	0	0	0	0	0	0	0	0	0	0	0
Vertl_ShrtREmp	0.98827275	0	0	0	0	0	0	0	0	0	0	0	0	0	0	0
Vertl_Fraction	0.98442078	0	0	0	0	0	0	0	0	0	0	0	0	0	0	0
45dgr_RLNonUni	62637.68	0	0	0	0	0	0	0	0	0	0	0	0	0	0	0
45dgr_GLevNonU	1016.1094	0	0	0	0	0	0	0	0	0	0	0	0	0	0	0
45dgr_LngREmph	1.0464298	0	0	0	0	0	0	0	0	0	0	0	0	0	0	0
45dgr_ShrtREmp	0.98869431	0	0	0	0	0	0	0	0	0	0	0	0	0	0	0
45dgr_Fraction	0.98493958	0	0	0	0	0	0	0	0	0	0	0	0	0	0	0
135dr_RLNonUni	62509.261	0	0	0	0	0	0	0	0	0	0	0	0	0	0	0
135dr_GLevNonU	1015.2215	0	0	0	0	0	0	0	0	0	0	0	0	0	0	0
135dr_LngREmph	1.0486171	0	0	0	0	0	0	0	0	0	0	0	0	0	0	0
135dr_ShrtREmp	0.98818215	0	0	0	0	0	0	0	0	0	0	0	0	0	0	0
135dr_Fraction	0.98425293	0	0	0	0	0	0	0	0	0	0	0	0	0	0	0
_AreaGr	64516	0	0	0	0	0	0	0	0	0	0	0	0	0	0	0
GrMean	8.3876864	0	0	0	0	0	0	0	0	0	0	0	0	0	0	0
GrVariance	15.995622	0	0	0	0	0	0	0	0	0	0	0	0	0	0	0
GrSkewness	0.1695042	0	0	0	0	0	0	0	0	0	0	0	0	0	0	0
GrKurtosis	-0.67318487	0	0	0	0	0	0	0	0	0	0	0	0	0	0	0
GrNonZeros	0.99572199	0	0	0	0	0	0	0	0	0	0	0	0	0	0	0
_AreaARM	64770	0	0	0	0	0	0	0	0	0	0	0	0	0	0	0
Teta1	0.03122005	0	0	0	0	0	0	0	0	0	0	0	0	0	0	0
Teta2	0.0017415232	0	0	0	0	0	0	0	0	0	0	0	0	0	0	0
Teta3	0.0059622933	0	0	0	0	0	0	0	0	0	0	0	0	0	0	0
Teta4	-0.0030740639	0	0	0	0	0	0	0	0	0	0	0	0	0	0	0
Sigma	0.99880184	0	0	0	0	0	0	0	0	0	0	0	0	0	0	0
WavEnLL_s-1	17279.37	0	0	0	0	0	0	0	0	0	0	0	0	0	0	0
WavEnLH_s-1	1437.8835	0	0	0	0	0	0	0	0	0	0	0	0	0	0	0
WavEnHL_s-1	1377.6188	0	0	0	0	0	0	0	0	0	0	0	0	0	0	0
WavEnHH_s-1	1343.9385	0	0	0	0	0	0	0	0	0	0	0	0	0	0	0
WavEnLL_s-2	16190.562	0	0	0	0	0	0	0	0	0	0	0	0	0	0	0
WavEnLH_s-2	392.43666	0	0	0	0	0	0	0	0	0	0	0	0	0	0	0
WavEnHL_s-2	341.78968	0	0	0	0	0	0	0	0	0	0	0	0	0	0	0
WavEnHH_s-2	354.58115	0	0	0	0	0	0	0	0	0	0	0	0	0	0	0
WavEnLL_s-3	15908.212	0	0	0	0	0	0	0	0	0	0	0	0	0	0	0
WavEnLH_s-3	95.219097	0	0	0	0	0	0	0	0	0	0	0	0	0	0	0
WavEnHL_s-3	94.944323	0	0	0	0	0	0	0	0	0	0	0	0	0	0	0
WavEnHH_s-3	92.18721	0	0	0	0	0	0	0	0	0	0	0	0	0	0	0
WavEnLL_s-4	15834.642	0	0	0	0	0	0	0	0	0	0	0	0	0	0	0
WavEnLH_s-4	27.298166	0	0	0	0	0	0	0	0	0	0	0	0	0	0	0
WavEnHL_s-4	24.628096	0	0	0	0	0	0	0	0	0	0	0	0	0	0	0
WavEnHH_s-4	21.643507	0	0	0	0	0	0	0	0	0	0	0	0	0	0	0
