Image File: cushion1-a-p035.png 
ROI File: allred.roi 
Image size: 256 x 256
Min. lum.: 1
Max. lum.: 256
Bits/pixel: 8

Normalisation =  No
Histogram analysis = Yes
CO matrix analysis = Yes, Dimensions = 6 x 6, Distances = 1 2 3 4 5
RL matrix analysis = Yes, Dimension = 6
Gradient analysis = Yes, Max pixel value = 16
AR model analysis = Yes
Wavelet analysis = Yes

--------------- CLASS NAMES ----------------

----------------- FEATURES -----------------
_Area	65536	0	0	0	0	0	0	0	0	0	0	0	0	0	0	0
Mean	126.77834	0	0	0	0	0	0	0	0	0	0	0	0	0	0	0
Variance	5575.7887	0	0	0	0	0	0	0	0	0	0	0	0	0	0	0
Skewness	0.010836534	0	0	0	0	0	0	0	0	0	0	0	0	0	0	0
Kurtosis	-1.2099594	0	0	0	0	0	0	0	0	0	0	0	0	0	0	0
Perc.01%	2	0	0	0	0	0	0	0	0	0	0	0	0	0	0	0
Perc.10%	23	0	0	0	0	0	0	0	0	0	0	0	0	0	0	0
Perc.50%	126	0	0	0	0	0	0	0	0	0	0	0	0	0	0	0
Perc.90%	230	0	0	0	0	0	0	0	0	0	0	0	0	0	0	0
Perc.99%	254	0	0	0	0	0	0	0	0	0	0	0	0	0	0	0
_Area_S(1,0)	130560	0	0	0	0	0	0	0	0	0	0	0	0	0	0	0
S(1,0)AngScMom	0.00025811312	0	0	0	0	0	0	0	0	0	0	0	0	0	0	0
S(1,0)Contrast	664.21507	0	0	0	0	0	0	0	0	0	0	0	0	0	0	0
S(1,0)Correlat	0.045664733	0	0	0	0	0	0	0	0	0	0	0	0	0	0	0
S(1,0)SumOfSqs	347.99881	0	0	0	0	0	0	0	0	0	0	0	0	0	0	0
S(1,0)InvDfMom	0.050234025	0	0	0	0	0	0	0	0	0	0	0	0	0	0	0
S(1,0)SumAverg	64.140839	0	0	0	0	0	0	0	0	0	0	0	0	0	0	0
S(1,0)SumVarnc	727.78016	0	0	0	0	0	0	0	0	0	0	0	0	0	0	0
S(1,0)SumEntrp	2.0352101	0	0	0	0	0	0	0	0	0	0	0	0	0	0	0
S(1,0)Entropy	3.6006202	0	0	0	0	0	0	0	0	0	0	0	0	0	0	0
S(1,0)DifVarnc	224.64993	0	0	0	0	0	0	0	0	0	0	0	0	0	0	0
S(1,0)DifEntrp	1.7218537	0	0	0	0	0	0	0	0	0	0	0	0	0	0	0
_Area_S(0,1)	130560	0	0	0	0	0	0	0	0	0	0	0	0	0	0	0
S(0,1)AngScMom	0.00025477625	0	0	0	0	0	0	0	0	0	0	0	0	0	0	0
S(0,1)Contrast	694.06195	0	0	0	0	0	0	0	0	0	0	0	0	0	0	0
S(0,1)Correlat	0.002504695	0	0	0	0	0	0	0	0	0	0	0	0	0	0	0
S(0,1)SumOfSqs	347.90236	0	0	0	0	0	0	0	0	0	0	0	0	0	0	0
S(0,1)InvDfMom	0.046604768	0	0	0	0	0	0	0	0	0	0	0	0	0	0	0
S(0,1)SumAverg	64.161887	0	0	0	0	0	0	0	0	0	0	0	0	0	0	0
S(0,1)SumVarnc	697.54751	0	0	0	0	0	0	0	0	0	0	0	0	0	0	0
S(0,1)SumEntrp	2.0269966	0	0	0	0	0	0	0	0	0	0	0	0	0	0	0
S(0,1)Entropy	3.6029773	0	0	0	0	0	0	0	0	0	0	0	0	0	0	0
S(0,1)DifVarnc	231.63672	0	0	0	0	0	0	0	0	0	0	0	0	0	0	0
S(0,1)DifEntrp	1.7297105	0	0	0	0	0	0	0	0	0	0	0	0	0	0	0
_Area_S(1,1)	130050	0	0	0	0	0	0	0	0	0	0	0	0	0	0	0
S(1,1)AngScMom	0.00025460281	0	0	0	0	0	0	0	0	0	0	0	0	0	0	0
S(1,1)Contrast	701.71679	0	0	0	0	0	0	0	0	0	0	0	0	0	0	0
S(1,1)Correlat	-0.0084697192	0	0	0	0	0	0	0	0	0	0	0	0	0	0	0
S(1,1)SumOfSqs	347.91168	0	0	0	0	0	0	0	0	0	0	0	0	0	0	0
S(1,1)InvDfMom	0.046509968	0	0	0	0	0	0	0	0	0	0	0	0	0	0	0
S(1,1)SumAverg	64.15311	0	0	0	0	0	0	0	0	0	0	0	0	0	0	0
S(1,1)SumVarnc	689.92993	0	0	0	0	0	0	0	0	0	0	0	0	0	0	0
S(1,1)SumEntrp	2.0247942	0	0	0	0	0	0	0	0	0	0	0	0	0	0	0
S(1,1)Entropy	3.6030802	0	0	0	0	0	0	0	0	0	0	0	0	0	0	0
S(1,1)DifVarnc	233.41986	0	0	0	0	0	0	0	0	0	0	0	0	0	0	0
S(1,1)DifEntrp	1.7319135	0	0	0	0	0	0	0	0	0	0	0	0	0	0	0
_Area_S(1,-1)	130050	0	0	0	0	0	0	0	0	0	0	0	0	0	0	0
S(1,-1)AngScMom	0.00025446351	0	0	0	0	0	0	0	0	0	0	0	0	0	0	0
S(1,-1)Contrast	697.49238	0	0	0	0	0	0	0	0	0	0	0	0	0	0	0
S(1,-1)Correlat	-0.0024082818	0	0	0	0	0	0	0	0	0	0	0	0	0	0	0
S(1,-1)SumOfSqs	347.90833	0	0	0	0	0	0	0	0	0	0	0	0	0	0	0
S(1,-1)InvDfMom	0.047216082	0	0	0	0	0	0	0	0	0	0	0	0	0	0	0
S(1,-1)SumAverg	64.153479	0	0	0	0	0	0	0	0	0	0	0	0	0	0	0
S(1,-1)SumVarnc	694.14093	0	0	0	0	0	0	0	0	0	0	0	0	0	0	0
S(1,-1)SumEntrp	2.0260342	0	0	0	0	0	0	0	0	0	0	0	0	0	0	0
S(1,-1)Entropy	3.6032002	0	0	0	0	0	0	0	0	0	0	0	0	0	0	0
S(1,-1)DifVarnc	232.51752	0	0	0	0	0	0	0	0	0	0	0	0	0	0	0
S(1,-1)DifEntrp	1.7307101	0	0	0	0	0	0	0	0	0	0	0	0	0	0	0
_Area_S(2,0)	130048	0	0	0	0	0	0	0	0	0	0	0	0	0	0	0
S(2,0)AngScMom	0.00025602013	0	0	0	0	0	0	0	0	0	0	0	0	0	0	0
S(2,0)Contrast	674.15347	0	0	0	0	0	0	0	0	0	0	0	0	0	0	0
S(2,0)Correlat	0.031238354	0	0	0	0	0	0	0	0	0	0	0	0	0	0	0
S(2,0)SumOfSqs	347.94599	0	0	0	0	0	0	0	0	0	0	0	0	0	0	0
S(2,0)InvDfMom	0.048960472	0	0	0	0	0	0	0	0	0	0	0	0	0	0	0
S(2,0)SumAverg	64.141009	0	0	0	0	0	0	0	0	0	0	0	0	0	0	0
S(2,0)SumVarnc	717.63051	0	0	0	0	0	0	0	0	0	0	0	0	0	0	0
S(2,0)SumEntrp	2.0325155	0	0	0	0	0	0	0	0	0	0	0	0	0	0	0
S(2,0)Entropy	3.6020445	0	0	0	0	0	0	0	0	0	0	0	0	0	0	0
S(2,0)DifVarnc	226.58022	0	0	0	0	0	0	0	0	0	0	0	0	0	0	0
S(2,0)DifEntrp	1.7248214	0	0	0	0	0	0	0	0	0	0	0	0	0	0	0
_Area_S(0,2)	130048	0	0	0	0	0	0	0	0	0	0	0	0	0	0	0
S(0,2)AngScMom	0.00025488417	0	0	0	0	0	0	0	0	0	0	0	0	0	0	0
S(0,2)Contrast	698.52887	0	0	0	0	0	0	0	0	0	0	0	0	0	0	0
S(0,2)Correlat	-0.0040313562	0	0	0	0	0	0	0	0	0	0	0	0	0	0	0
S(0,2)SumOfSqs	347.86208	0	0	0	0	0	0	0	0	0	0	0	0	0	0	0
S(0,2)InvDfMom	0.044652532	0	0	0	0	0	0	0	0	0	0	0	0	0	0	0
S(0,2)SumAverg	64.144577	0	0	0	0	0	0	0	0	0	0	0	0	0	0	0
S(0,2)SumVarnc	692.91944	0	0	0	0	0	0	0	0	0	0	0	0	0	0	0
S(0,2)SumEntrp	2.0255359	0	0	0	0	0	0	0	0	0	0	0	0	0	0	0
S(0,2)Entropy	3.6028503	0	0	0	0	0	0	0	0	0	0	0	0	0	0	0
S(0,2)DifVarnc	231.4993	0	0	0	0	0	0	0	0	0	0	0	0	0	0	0
S(0,2)DifEntrp	1.7311257	0	0	0	0	0	0	0	0	0	0	0	0	0	0	0
_Area_S(2,2)	129032	0	0	0	0	0	0	0	0	0	0	0	0	0	0	0
S(2,2)AngScMom	0.00025486735	0	0	0	0	0	0	0	0	0	0	0	0	0	0	0
S(2,2)Contrast	698.56922	0	0	0	0	0	0	0	0	0	0	0	0	0	0	0
S(2,2)Correlat	-0.0041980546	0	0	0	0	0	0	0	0	0	0	0	0	0	0	0
S(2,2)SumOfSqs	347.82443	0	0	0	0	0	0	0	0	0	0	0	0	0	0	0
S(2,2)InvDfMom	0.046478485	0	0	0	0	0	0	0	0	0	0	0	0	0	0	0
S(2,2)SumAverg	64.134633	0	0	0	0	0	0	0	0	0	0	0	0	0	0	0
S(2,2)SumVarnc	692.72848	0	0	0	0	0	0	0	0	0	0	0	0	0	0	0
S(2,2)SumEntrp	2.0257063	0	0	0	0	0	0	0	0	0	0	0	0	0	0	0
S(2,2)Entropy	3.6029081	0	0	0	0	0	0	0	0	0	0	0	0	0	0	0
S(2,2)DifVarnc	232.19776	0	0	0	0	0	0	0	0	0	0	0	0	0	0	0
S(2,2)DifEntrp	1.7308319	0	0	0	0	0	0	0	0	0	0	0	0	0	0	0
_Area_S(2,-2)	129032	0	0	0	0	0	0	0	0	0	0	0	0	0	0	0
S(2,-2)AngScMom	0.00025469257	0	0	0	0	0	0	0	0	0	0	0	0	0	0	0
S(2,-2)Contrast	695.55844	0	0	0	0	0	0	0	0	0	0	0	0	0	0	0
S(2,-2)Correlat	9.5104259e-05	0	0	0	0	0	0	0	0	0	0	0	0	0	0	0
S(2,-2)SumOfSqs	347.8123	0	0	0	0	0	0	0	0	0	0	0	0	0	0	0
S(2,-2)InvDfMom	0.046635905	0	0	0	0	0	0	0	0	0	0	0	0	0	0	0
S(2,-2)SumAverg	64.137268	0	0	0	0	0	0	0	0	0	0	0	0	0	0	0
S(2,-2)SumVarnc	695.69075	0	0	0	0	0	0	0	0	0	0	0	0	0	0	0
S(2,-2)SumEntrp	2.0262762	0	0	0	0	0	0	0	0	0	0	0	0	0	0	0
S(2,-2)Entropy	3.602977	0	0	0	0	0	0	0	0	0	0	0	0	0	0	0
S(2,-2)DifVarnc	231.72347	0	0	0	0	0	0	0	0	0	0	0	0	0	0	0
S(2,-2)DifEntrp	1.729845	0	0	0	0	0	0	0	0	0	0	0	0	0	0	0
_Area_S(3,0)	129536	0	0	0	0	0	0	0	0	0	0	0	0	0	0	0
S(3,0)AngScMom	0.00025491217	0	0	0	0	0	0	0	0	0	0	0	0	0	0	0
S(3,0)Contrast	685.68758	0	0	0	0	0	0	0	0	0	0	0	0	0	0	0
S(3,0)Correlat	0.014570428	0	0	0	0	0	0	0	0	0	0	0	0	0	0	0
S(3,0)SumOfSqs	347.91303	0	0	0	0	0	0	0	0	0	0	0	0	0	0	0
S(3,0)InvDfMom	0.048837824	0	0	0	0	0	0	0	0	0	0	0	0	0	0	0
S(3,0)SumAverg	64.141752	0	0	0	0	0	0	0	0	0	0	0	0	0	0	0
S(3,0)SumVarnc	705.96454	0	0	0	0	0	0	0	0	0	0	0	0	0	0	0
S(3,0)SumEntrp	2.0292964	0	0	0	0	0	0	0	0	0	0	0	0	0	0	0
S(3,0)Entropy	3.602974	0	0	0	0	0	0	0	0	0	0	0	0	0	0	0
S(3,0)DifVarnc	230.43834	0	0	0	0	0	0	0	0	0	0	0	0	0	0	0
S(3,0)DifEntrp	1.7279271	0	0	0	0	0	0	0	0	0	0	0	0	0	0	0
_Area_S(0,3)	129536	0	0	0	0	0	0	0	0	0	0	0	0	0	0	0
S(0,3)AngScMom	0.00025472885	0	0	0	0	0	0	0	0	0	0	0	0	0	0	0
S(0,3)Contrast	695.44293	0	0	0	0	0	0	0	0	0	0	0	0	0	0	0
S(0,3)Correlat	0.00039315574	0	0	0	0	0	0	0	0	0	0	0	0	0	0	0
S(0,3)SumOfSqs	347.85823	0	0	0	0	0	0	0	0	0	0	0	0	0	0	0
S(0,3)InvDfMom	0.047173026	0	0	0	0	0	0	0	0	0	0	0	0	0	0	0
S(0,3)SumAverg	64.160511	0	0	0	0	0	0	0	0	0	0	0	0	0	0	0
S(0,3)SumVarnc	695.98998	0	0	0	0	0	0	0	0	0	0	0	0	0	0	0
S(0,3)SumEntrp	2.0263804	0	0	0	0	0	0	0	0	0	0	0	0	0	0	0
S(0,3)Entropy	3.6029944	0	0	0	0	0	0	0	0	0	0	0	0	0	0	0
S(0,3)DifVarnc	231.6567	0	0	0	0	0	0	0	0	0	0	0	0	0	0	0
S(0,3)DifEntrp	1.7301489	0	0	0	0	0	0	0	0	0	0	0	0	0	0	0
_Area_S(3,3)	128018	0	0	0	0	0	0	0	0	0	0	0	0	0	0	0
S(3,3)AngScMom	0.00025465872	0	0	0	0	0	0	0	0	0	0	0	0	0	0	0
S(3,3)Contrast	694.00212	0	0	0	0	0	0	0	0	0	0	0	0	0	0	0
S(3,3)Correlat	0.0022783623	0	0	0	0	0	0	0	0	0	0	0	0	0	0	0
S(3,3)SumOfSqs	347.79346	0	0	0	0	0	0	0	0	0	0	0	0	0	0	0
S(3,3)InvDfMom	0.046506199	0	0	0	0	0	0	0	0	0	0	0	0	0	0	0
S(3,3)SumAverg	64.15026	0	0	0	0	0	0	0	0	0	0	0	0	0	0	0
S(3,3)SumVarnc	697.17172	0	0	0	0	0	0	0	0	0	0	0	0	0	0	0
S(3,3)SumEntrp	2.0268361	0	0	0	0	0	0	0	0	0	0	0	0	0	0	0
S(3,3)Entropy	3.6031264	0	0	0	0	0	0	0	0	0	0	0	0	0	0	0
S(3,3)DifVarnc	232.00703	0	0	0	0	0	0	0	0	0	0	0	0	0	0	0
S(3,3)DifEntrp	1.7297468	0	0	0	0	0	0	0	0	0	0	0	0	0	0	0
_Area_S(3,-3)	128018	0	0	0	0	0	0	0	0	0	0	0	0	0	0	0
S(3,-3)AngScMom	0.00025492476	0	0	0	0	0	0	0	0	0	0	0	0	0	0	0
S(3,-3)Contrast	695.72904	0	0	0	0	0	0	0	0	0	0	0	0	0	0	0
S(3,-3)Correlat	-0.00025680682	0	0	0	0	0	0	0	0	0	0	0	0	0	0	0
S(3,-3)SumOfSqs	347.77521	0	0	0	0	0	0	0	0	0	0	0	0	0	0	0
S(3,-3)InvDfMom	0.046233891	0	0	0	0	0	0	0	0	0	0	0	0	0	0	0
S(3,-3)SumAverg	64.153635	0	0	0	0	0	0	0	0	0	0	0	0	0	0	0
S(3,-3)SumVarnc	695.37179	0	0	0	0	0	0	0	0	0	0	0	0	0	0	0
S(3,-3)SumEntrp	2.0262926	0	0	0	0	0	0	0	0	0	0	0	0	0	0	0
S(3,-3)Entropy	3.6028244	0	0	0	0	0	0	0	0	0	0	0	0	0	0	0
S(3,-3)DifVarnc	231.63888	0	0	0	0	0	0	0	0	0	0	0	0	0	0	0
S(3,-3)DifEntrp	1.7304665	0	0	0	0	0	0	0	0	0	0	0	0	0	0	0
_Area_S(4,0)	129024	0	0	0	0	0	0	0	0	0	0	0	0	0	0	0
S(4,0)AngScMom	0.0002546654	0	0	0	0	0	0	0	0	0	0	0	0	0	0	0
S(4,0)Contrast	688.94427	0	0	0	0	0	0	0	0	0	0	0	0	0	0	0
S(4,0)Correlat	0.0099782764	0	0	0	0	0	0	0	0	0	0	0	0	0	0	0
S(4,0)SumOfSqs	347.94402	0	0	0	0	0	0	0	0	0	0	0	0	0	0	0
S(4,0)InvDfMom	0.047602671	0	0	0	0	0	0	0	0	0	0	0	0	0	0	0
S(4,0)SumAverg	64.144547	0	0	0	0	0	0	0	0	0	0	0	0	0	0	0
S(4,0)SumVarnc	702.8318	0	0	0	0	0	0	0	0	0	0	0	0	0	0	0
S(4,0)SumEntrp	2.02826	0	0	0	0	0	0	0	0	0	0	0	0	0	0	0
S(4,0)Entropy	3.6031465	0	0	0	0	0	0	0	0	0	0	0	0	0	0	0
S(4,0)DifVarnc	230.38287	0	0	0	0	0	0	0	0	0	0	0	0	0	0	0
S(4,0)DifEntrp	1.7286708	0	0	0	0	0	0	0	0	0	0	0	0	0	0	0
_Area_S(0,4)	129024	0	0	0	0	0	0	0	0	0	0	0	0	0	0	0
S(0,4)AngScMom	0.00025474698	0	0	0	0	0	0	0	0	0	0	0	0	0	0	0
S(0,4)Contrast	695.2363	0	0	0	0	0	0	0	0	0	0	0	0	0	0	0
S(0,4)Correlat	0.00072915955	0	0	0	0	0	0	0	0	0	0	0	0	0	0	0
S(0,4)SumOfSqs	347.8718	0	0	0	0	0	0	0	0	0	0	0	0	0	0	0
S(0,4)InvDfMom	0.047099167	0	0	0	0	0	0	0	0	0	0	0	0	0	0	0
S(0,4)SumAverg	64.162574	0	0	0	0	0	0	0	0	0	0	0	0	0	0	0
S(0,4)SumVarnc	696.25091	0	0	0	0	0	0	0	0	0	0	0	0	0	0	0
S(0,4)SumEntrp	2.0267734	0	0	0	0	0	0	0	0	0	0	0	0	0	0	0
S(0,4)Entropy	3.6029531	0	0	0	0	0	0	0	0	0	0	0	0	0	0	0
S(0,4)DifVarnc	232.60896	0	0	0	0	0	0	0	0	0	0	0	0	0	0	0
S(0,4)DifEntrp	1.730111	0	0	0	0	0	0	0	0	0	0	0	0	0	0	0
_Area_S(4,4)	127008	0	0	0	0	0	0	0	0	0	0	0	0	0	0	0
S(4,4)AngScMom	0.00025507692	0	0	0	0	0	0	0	0	0	0	0	0	0	0	0
S(4,4)Contrast	689.75	0	0	0	0	0	0	0	0	0	0	0	0	0	0	0
S(4,4)Correlat	0.0084927416	0	0	0	0	0	0	0	0	0	0	0	0	0	0	0
S(4,4)SumOfSqs	347.82902	0	0	0	0	0	0	0	0	0	0	0	0	0	0	0
S(4,4)InvDfMom	0.046948495	0	0	0	0	0	0	0	0	0	0	0	0	0	0	0
S(4,4)SumAverg	64.154667	0	0	0	0	0	0	0	0	0	0	0	0	0	0	0
S(4,4)SumVarnc	701.56609	0	0	0	0	0	0	0	0	0	0	0	0	0	0	0
S(4,4)SumEntrp	2.0277908	0	0	0	0	0	0	0	0	0	0	0	0	0	0	0
S(4,4)Entropy	3.6027325	0	0	0	0	0	0	0	0	0	0	0	0	0	0	0
S(4,4)DifVarnc	229.84663	0	0	0	0	0	0	0	0	0	0	0	0	0	0	0
S(4,4)DifEntrp	1.7288879	0	0	0	0	0	0	0	0	0	0	0	0	0	0	0
_Area_S(4,-4)	127008	0	0	0	0	0	0	0	0	0	0	0	0	0	0	0
S(4,-4)AngScMom	0.00025529699	0	0	0	0	0	0	0	0	0	0	0	0	0	0	0
S(4,-4)Contrast	697.012	0	0	0	0	0	0	0	0	0	0	0	0	0	0	0
S(4,-4)Correlat	-0.0019729119	0	0	0	0	0	0	0	0	0	0	0	0	0	0	0
S(4,-4)SumOfSqs	347.81978	0	0	0	0	0	0	0	0	0	0	0	0	0	0	0
S(4,-4)InvDfMom	0.047103318	0	0	0	0	0	0	0	0	0	0	0	0	0	0	0
S(4,-4)SumAverg	64.15725	0	0	0	0	0	0	0	0	0	0	0	0	0	0	0
S(4,-4)SumVarnc	694.26713	0	0	0	0	0	0	0	0	0	0	0	0	0	0	0
S(4,-4)SumEntrp	2.0262414	0	0	0	0	0	0	0	0	0	0	0	0	0	0	0
S(4,-4)Entropy	3.6025122	0	0	0	0	0	0	0	0	0	0	0	0	0	0	0
S(4,-4)DifVarnc	232.98081	0	0	0	0	0	0	0	0	0	0	0	0	0	0	0
S(4,-4)DifEntrp	1.7307356	0	0	0	0	0	0	0	0	0	0	0	0	0	0	0
_Area_S(5,0)	128512	0	0	0	0	0	0	0	0	0	0	0	0	0	0	0
S(5,0)AngScMom	0.00025464795	0	0	0	0	0	0	0	0	0	0	0	0	0	0	0
S(5,0)Contrast	692.00573	0	0	0	0	0	0	0	0	0	0	0	0	0	0	0
S(5,0)Correlat	0.0057621315	0	0	0	0	0	0	0	0	0	0	0	0	0	0	0
S(5,0)SumOfSqs	348.00813	0	0	0	0	0	0	0	0	0	0	0	0	0	0	0
S(5,0)InvDfMom	0.045922651	0	0	0	0	0	0	0	0	0	0	0	0	0	0	0
S(5,0)SumAverg	64.138571	0	0	0	0	0	0	0	0	0	0	0	0	0	0	0
S(5,0)SumVarnc	700.0268	0	0	0	0	0	0	0	0	0	0	0	0	0	0	0
S(5,0)SumEntrp	2.0277156	0	0	0	0	0	0	0	0	0	0	0	0	0	0	0
S(5,0)Entropy	3.6030898	0	0	0	0	0	0	0	0	0	0	0	0	0	0	0
S(5,0)DifVarnc	229.79454	0	0	0	0	0	0	0	0	0	0	0	0	0	0	0
S(5,0)DifEntrp	1.729566	0	0	0	0	0	0	0	0	0	0	0	0	0	0	0
_Area_S(0,5)	128512	0	0	0	0	0	0	0	0	0	0	0	0	0	0	0
S(0,5)AngScMom	0.00025474798	0	0	0	0	0	0	0	0	0	0	0	0	0	0	0
S(0,5)Contrast	693.48948	0	0	0	0	0	0	0	0	0	0	0	0	0	0	0
S(0,5)Correlat	0.0032052027	0	0	0	0	0	0	0	0	0	0	0	0	0	0	0
S(0,5)SumOfSqs	347.8597	0	0	0	0	0	0	0	0	0	0	0	0	0	0	0
S(0,5)InvDfMom	0.046808272	0	0	0	0	0	0	0	0	0	0	0	0	0	0	0
S(0,5)SumAverg	64.163813	0	0	0	0	0	0	0	0	0	0	0	0	0	0	0
S(0,5)SumVarnc	697.94932	0	0	0	0	0	0	0	0	0	0	0	0	0	0	0
S(0,5)SumEntrp	2.0268634	0	0	0	0	0	0	0	0	0	0	0	0	0	0	0
S(0,5)Entropy	3.6030684	0	0	0	0	0	0	0	0	0	0	0	0	0	0	0
S(0,5)DifVarnc	231.27963	0	0	0	0	0	0	0	0	0	0	0	0	0	0	0
S(0,5)DifEntrp	1.7296449	0	0	0	0	0	0	0	0	0	0	0	0	0	0	0
_Area_S(5,5)	126002	0	0	0	0	0	0	0	0	0	0	0	0	0	0	0
S(5,5)AngScMom	0.00025514307	0	0	0	0	0	0	0	0	0	0	0	0	0	0	0
S(5,5)Contrast	694.307	0	0	0	0	0	0	0	0	0	0	0	0	0	0	0
S(5,5)Correlat	0.0020973522	0	0	0	0	0	0	0	0	0	0	0	0	0	0	0
S(5,5)SumOfSqs	347.88313	0	0	0	0	0	0	0	0	0	0	0	0	0	0	0
S(5,5)InvDfMom	0.046428939	0	0	0	0	0	0	0	0	0	0	0	0	0	0	0
S(5,5)SumAverg	64.148934	0	0	0	0	0	0	0	0	0	0	0	0	0	0	0
S(5,5)SumVarnc	697.22553	0	0	0	0	0	0	0	0	0	0	0	0	0	0	0
S(5,5)SumEntrp	2.0265798	0	0	0	0	0	0	0	0	0	0	0	0	0	0	0
S(5,5)Entropy	3.6026657	0	0	0	0	0	0	0	0	0	0	0	0	0	0	0
S(5,5)DifVarnc	231.77746	0	0	0	0	0	0	0	0	0	0	0	0	0	0	0
S(5,5)DifEntrp	1.7300983	0	0	0	0	0	0	0	0	0	0	0	0	0	0	0
_Area_S(5,-5)	126002	0	0	0	0	0	0	0	0	0	0	0	0	0	0	0
S(5,-5)AngScMom	0.00025484754	0	0	0	0	0	0	0	0	0	0	0	0	0	0	0
S(5,-5)Contrast	696.86645	0	0	0	0	0	0	0	0	0	0	0	0	0	0	0
S(5,-5)Correlat	-0.0016383037	0	0	0	0	0	0	0	0	0	0	0	0	0	0	0
S(5,-5)SumOfSqs	347.86332	0	0	0	0	0	0	0	0	0	0	0	0	0	0	0
S(5,-5)InvDfMom	0.04590687	0	0	0	0	0	0	0	0	0	0	0	0	0	0	0
S(5,-5)SumAverg	64.152363	0	0	0	0	0	0	0	0	0	0	0	0	0	0	0
S(5,-5)SumVarnc	694.58682	0	0	0	0	0	0	0	0	0	0	0	0	0	0	0
S(5,-5)SumEntrp	2.0260114	0	0	0	0	0	0	0	0	0	0	0	0	0	0	0
S(5,-5)Entropy	3.6028894	0	0	0	0	0	0	0	0	0	0	0	0	0	0	0
S(5,-5)DifVarnc	232.45201	0	0	0	0	0	0	0	0	0	0	0	0	0	0	0
S(5,-5)DifEntrp	1.7305284	0	0	0	0	0	0	0	0	0	0	0	0	0	0	0
Horzl_RLNonUni	62042.274	0	0	0	0	0	0	0	0	0	0	0	0	0	0	0
Horzl_GLevNonU	1010.6257	0	0	0	0	0	0	0	0	0	0	0	0	0	0	0
Horzl_LngREmph	1.0572161	0	0	0	0	0	0	0	0	0	0	0	0	0	0	0
Horzl_ShrtREmp	0.98632805	0	0	0	0	0	0	0	0	0	0	0	0	0	0	0
Horzl_Fraction	0.98167419	0	0	0	0	0	0	0	0	0	0	0	0	0	0	0
Vertl_RLNonUni	62586.8	0	0	0	0	0	0	0	0	0	0	0	0	0	0	0
Vertl_GLevNonU	1014.2926	0	0	0	0	0	0	0	0	0	0	0	0	0	0	0
Vertl_LngREmph	1.0470922	0	0	0	0	0	0	0	0	0	0	0	0	0	0	0
Vertl_ShrtREmp	0.98848522	0	0	0	0	0	0	0	0	0	0	0	0	0	0	0
Vertl_Fraction	0.98469543	0	0	0	0	0	0	0	0	0	0	0	0	0	0	0
45dgr_RLNonUni	62564.624	0	0	0	0	0	0	0	0	0	0	0	0	0	0	0
45dgr_GLevNonU	1014.238	0	0	0	0	0	0	0	0	0	0	0	0	0	0	0
45dgr_LngREmph	1.0470169	0	0	0	0	0	0	0	0	0	0	0	0	0	0	0
45dgr_ShrtREmp	0.98838353	0	0	0	0	0	0	0	0	0	0	0	0	0	0	0
45dgr_Fraction	0.98464966	0	0	0	0	0	0	0	0	0	0	0	0	0	0	0
135dr_RLNonUni	62517.166	0	0	0	0	0	0	0	0	0	0	0	0	0	0	0
135dr_GLevNonU	1013.8881	0	0	0	0	0	0	0	0	0	0	0	0	0	0	0
135dr_LngREmph	1.0483351	0	0	0	0	0	0	0	0	0	0	0	0	0	0	0
135dr_ShrtREmp	0.98820904	0	0	0	0	0	0	0	0	0	0	0	0	0	0	0
135dr_Fraction	0.98431396	0	0	0	0	0	0	0	0	0	0	0	0	0	0	0
_AreaGr	64516	0	0	0	0	0	0	0	0	0	0	0	0	0	0	0
GrMean	8.3484496	0	0	0	0	0	0	0	0	0	0	0	0	0	0	0
GrVariance	15.74108	0	0	0	0	0	0	0	0	0	0	0	0	0	0	0
GrSkewness	0.17973779	0	0	0	0	0	0	0	0	0	0	0	0	0	0	0
GrKurtosis	-0.66194561	0	0	0	0	0	0	0	0	0	0	0	0	0	0	0
GrNonZeros	0.99607849	0	0	0	0	0	0	0	0	0	0	0	0	0	0	0
_AreaARM	64770	0	0	0	0	0	0	0	0	0	0	0	0	0	0	0
Teta1	0.04532117	0	0	0	0	0	0	0	0	0	0	0	0	0	0	0
Teta2	-0.002290064	0	0	0	0	0	0	0	0	0	0	0	0	0	0	0
Teta3	0.0038864002	0	0	0	0	0	0	0	0	0	0	0	0	0	0	0
Teta4	-0.008230845	0	0	0	0	0	0	0	0	0	0	0	0	0	0	0
Sigma	0.99857856	0	0	0	0	0	0	0	0	0	0	0	0	0	0	0
WavEnLL_s-1	17295.689	0	0	0	0	0	0	0	0	0	0	0	0	0	0	0
WavEnLH_s-1	1439.8016	0	0	0	0	0	0	0	0	0	0	0	0	0	0	0
WavEnHL_s-1	1343.9425	0	0	0	0	0	0	0	0	0	0	0	0	0	0	0
WavEnHH_s-1	1316.5458	0	0	0	0	0	0	0	0	0	0	0	0	0	0	0
WavEnLL_s-2	16200.346	0	0	0	0	0	0	0	0	0	0	0	0	0	0	0
WavEnLH_s-2	392.12178	0	0	0	0	0	0	0	0	0	0	0	0	0	0	0
WavEnHL_s-2	349.63431	0	0	0	0	0	0	0	0	0	0	0	0	0	0	0
WavEnHH_s-2	353.58662	0	0	0	0	0	0	0	0	0	0	0	0	0	0	0
WavEnLL_s-3	15921.377	0	0	0	0	0	0	0	0	0	0	0	0	0	0	0
WavEnLH_s-3	99.961096	0	0	0	0	0	0	0	0	0	0	0	0	0	0	0
WavEnHL_s-3	90.338186	0	0	0	0	0	0	0	0	0	0	0	0	0	0	0
WavEnHH_s-3	88.669764	0	0	0	0	0	0	0	0	0	0	0	0	0	0	0
WavEnLL_s-4	15847.052	0	0	0	0	0	0	0	0	0	0	0	0	0	0	0
WavEnLH_s-4	26.429002	0	0	0	0	0	0	0	0	0	0	0	0	0	0	0
WavEnHL_s-4	18.819693	0	0	0	0	0	0	0	0	0	0	0	0	0	0	0
WavEnHH_s-4	29.075865	0	0	0	0	0	0	0	0	0	0	0	0	0	0	0
