Image File: cushion1-a-p013.png 
ROI File: allred.roi 
Image size: 256 x 256
Min. lum.: 1
Max. lum.: 256
Bits/pixel: 8

Normalisation =  No
Histogram analysis = Yes
CO matrix analysis = Yes, Dimensions = 6 x 6, Distances = 1 2 3 4 5
RL matrix analysis = Yes, Dimension = 6
Gradient analysis = Yes, Max pixel value = 16
AR model analysis = Yes
Wavelet analysis = Yes

--------------- CLASS NAMES ----------------

----------------- FEATURES -----------------
_Area	65536	0	0	0	0	0	0	0	0	0	0	0	0	0	0	0
Mean	129.06036	0	0	0	0	0	0	0	0	0	0	0	0	0	0	0
Variance	5558.2393	0	0	0	0	0	0	0	0	0	0	0	0	0	0	0
Skewness	-0.0095593808	0	0	0	0	0	0	0	0	0	0	0	0	0	0	0
Kurtosis	-1.2129321	0	0	0	0	0	0	0	0	0	0	0	0	0	0	0
Perc.01%	2	0	0	0	0	0	0	0	0	0	0	0	0	0	0	0
Perc.10%	26	0	0	0	0	0	0	0	0	0	0	0	0	0	0	0
Perc.50%	129	0	0	0	0	0	0	0	0	0	0	0	0	0	0	0
Perc.90%	232	0	0	0	0	0	0	0	0	0	0	0	0	0	0	0
Perc.99%	254	0	0	0	0	0	0	0	0	0	0	0	0	0	0	0
_Area_S(1,0)	130560	0	0	0	0	0	0	0	0	0	0	0	0	0	0	0
S(1,0)AngScMom	0.000256612	0	0	0	0	0	0	0	0	0	0	0	0	0	0	0
S(1,0)Contrast	680.79262	0	0	0	0	0	0	0	0	0	0	0	0	0	0	0
S(1,0)Correlat	0.01920473	0	0	0	0	0	0	0	0	0	0	0	0	0	0	0
S(1,0)SumOfSqs	347.06153	0	0	0	0	0	0	0	0	0	0	0	0	0	0	0
S(1,0)InvDfMom	0.048259048	0	0	0	0	0	0	0	0	0	0	0	0	0	0	0
S(1,0)SumAverg	65.287531	0	0	0	0	0	0	0	0	0	0	0	0	0	0	0
S(1,0)SumVarnc	707.45351	0	0	0	0	0	0	0	0	0	0	0	0	0	0	0
S(1,0)SumEntrp	2.0300044	0	0	0	0	0	0	0	0	0	0	0	0	0	0	0
S(1,0)Entropy	3.6014031	0	0	0	0	0	0	0	0	0	0	0	0	0	0	0
S(1,0)DifVarnc	227.9623	0	0	0	0	0	0	0	0	0	0	0	0	0	0	0
S(1,0)DifEntrp	1.7258706	0	0	0	0	0	0	0	0	0	0	0	0	0	0	0
_Area_S(0,1)	130560	0	0	0	0	0	0	0	0	0	0	0	0	0	0	0
S(0,1)AngScMom	0.00025490977	0	0	0	0	0	0	0	0	0	0	0	0	0	0	0
S(0,1)Contrast	690.54583	0	0	0	0	0	0	0	0	0	0	0	0	0	0	0
S(0,1)Correlat	0.0043867815	0	0	0	0	0	0	0	0	0	0	0	0	0	0	0
S(0,1)SumOfSqs	346.79423	0	0	0	0	0	0	0	0	0	0	0	0	0	0	0
S(0,1)InvDfMom	0.046581322	0	0	0	0	0	0	0	0	0	0	0	0	0	0	0
S(0,1)SumAverg	65.283303	0	0	0	0	0	0	0	0	0	0	0	0	0	0	0
S(0,1)SumVarnc	696.63108	0	0	0	0	0	0	0	0	0	0	0	0	0	0	0
S(0,1)SumEntrp	2.0268014	0	0	0	0	0	0	0	0	0	0	0	0	0	0	0
S(0,1)Entropy	3.602743	0	0	0	0	0	0	0	0	0	0	0	0	0	0	0
S(0,1)DifVarnc	229.98714	0	0	0	0	0	0	0	0	0	0	0	0	0	0	0
S(0,1)DifEntrp	1.7289724	0	0	0	0	0	0	0	0	0	0	0	0	0	0	0
_Area_S(1,1)	130050	0	0	0	0	0	0	0	0	0	0	0	0	0	0	0
S(1,1)AngScMom	0.00025439185	0	0	0	0	0	0	0	0	0	0	0	0	0	0	0
S(1,1)Contrast	693.15057	0	0	0	0	0	0	0	0	0	0	0	0	0	0	0
S(1,1)Correlat	0.00085268443	0	0	0	0	0	0	0	0	0	0	0	0	0	0	0
S(1,1)SumOfSqs	346.87106	0	0	0	0	0	0	0	0	0	0	0	0	0	0	0
S(1,1)InvDfMom	0.046697954	0	0	0	0	0	0	0	0	0	0	0	0	0	0	0
S(1,1)SumAverg	65.292488	0	0	0	0	0	0	0	0	0	0	0	0	0	0	0
S(1,1)SumVarnc	694.33366	0	0	0	0	0	0	0	0	0	0	0	0	0	0	0
S(1,1)SumEntrp	2.0259329	0	0	0	0	0	0	0	0	0	0	0	0	0	0	0
S(1,1)Entropy	3.6031469	0	0	0	0	0	0	0	0	0	0	0	0	0	0	0
S(1,1)DifVarnc	231.05365	0	0	0	0	0	0	0	0	0	0	0	0	0	0	0
S(1,1)DifEntrp	1.7295488	0	0	0	0	0	0	0	0	0	0	0	0	0	0	0
_Area_S(1,-1)	130050	0	0	0	0	0	0	0	0	0	0	0	0	0	0	0
S(1,-1)AngScMom	0.0002542075	0	0	0	0	0	0	0	0	0	0	0	0	0	0	0
S(1,-1)Contrast	691.37733	0	0	0	0	0	0	0	0	0	0	0	0	0	0	0
S(1,-1)Correlat	0.0033973714	0	0	0	0	0	0	0	0	0	0	0	0	0	0	0
S(1,-1)SumOfSqs	346.8671	0	0	0	0	0	0	0	0	0	0	0	0	0	0	0
S(1,-1)InvDfMom	0.04735048	0	0	0	0	0	0	0	0	0	0	0	0	0	0	0
S(1,-1)SumAverg	65.291457	0	0	0	0	0	0	0	0	0	0	0	0	0	0	0
S(1,-1)SumVarnc	696.09108	0	0	0	0	0	0	0	0	0	0	0	0	0	0	0
S(1,-1)SumEntrp	2.0264617	0	0	0	0	0	0	0	0	0	0	0	0	0	0	0
S(1,-1)Entropy	3.6033428	0	0	0	0	0	0	0	0	0	0	0	0	0	0	0
S(1,-1)DifVarnc	231.24003	0	0	0	0	0	0	0	0	0	0	0	0	0	0	0
S(1,-1)DifEntrp	1.7295067	0	0	0	0	0	0	0	0	0	0	0	0	0	0	0
_Area_S(2,0)	130048	0	0	0	0	0	0	0	0	0	0	0	0	0	0	0
S(2,0)AngScMom	0.00025514268	0	0	0	0	0	0	0	0	0	0	0	0	0	0	0
S(2,0)Contrast	681.73025	0	0	0	0	0	0	0	0	0	0	0	0	0	0	0
S(2,0)Correlat	0.017896662	0	0	0	0	0	0	0	0	0	0	0	0	0	0	0
S(2,0)SumOfSqs	347.07664	0	0	0	0	0	0	0	0	0	0	0	0	0	0	0
S(2,0)InvDfMom	0.048255049	0	0	0	0	0	0	0	0	0	0	0	0	0	0	0
S(2,0)SumAverg	65.286633	0	0	0	0	0	0	0	0	0	0	0	0	0	0	0
S(2,0)SumVarnc	706.57631	0	0	0	0	0	0	0	0	0	0	0	0	0	0	0
S(2,0)SumEntrp	2.0293951	0	0	0	0	0	0	0	0	0	0	0	0	0	0	0
S(2,0)Entropy	3.6025356	0	0	0	0	0	0	0	0	0	0	0	0	0	0	0
S(2,0)DifVarnc	228.95778	0	0	0	0	0	0	0	0	0	0	0	0	0	0	0
S(2,0)DifEntrp	1.7265911	0	0	0	0	0	0	0	0	0	0	0	0	0	0	0
_Area_S(0,2)	130048	0	0	0	0	0	0	0	0	0	0	0	0	0	0	0
S(0,2)AngScMom	0.00025438844	0	0	0	0	0	0	0	0	0	0	0	0	0	0	0
S(0,2)Contrast	695.63601	0	0	0	0	0	0	0	0	0	0	0	0	0	0	0
S(0,2)Correlat	-0.0031377429	0	0	0	0	0	0	0	0	0	0	0	0	0	0	0
S(0,2)SumOfSqs	346.73006	0	0	0	0	0	0	0	0	0	0	0	0	0	0	0
S(0,2)InvDfMom	0.046984541	0	0	0	0	0	0	0	0	0	0	0	0	0	0	0
S(0,2)SumAverg	65.258212	0	0	0	0	0	0	0	0	0	0	0	0	0	0	0
S(0,2)SumVarnc	691.28421	0	0	0	0	0	0	0	0	0	0	0	0	0	0	0
S(0,2)SumEntrp	2.0251128	0	0	0	0	0	0	0	0	0	0	0	0	0	0	0
S(0,2)Entropy	3.603168	0	0	0	0	0	0	0	0	0	0	0	0	0	0	0
S(0,2)DifVarnc	232.04923	0	0	0	0	0	0	0	0	0	0	0	0	0	0	0
S(0,2)DifEntrp	1.7302656	0	0	0	0	0	0	0	0	0	0	0	0	0	0	0
_Area_S(2,2)	129032	0	0	0	0	0	0	0	0	0	0	0	0	0	0	0
S(2,2)AngScMom	0.00025455923	0	0	0	0	0	0	0	0	0	0	0	0	0	0	0
S(2,2)Contrast	694.54884	0	0	0	0	0	0	0	0	0	0	0	0	0	0	0
S(2,2)Correlat	-0.0013202206	0	0	0	0	0	0	0	0	0	0	0	0	0	0	0
S(2,2)SumOfSqs	346.81655	0	0	0	0	0	0	0	0	0	0	0	0	0	0	0
S(2,2)InvDfMom	0.045807453	0	0	0	0	0	0	0	0	0	0	0	0	0	0	0
S(2,2)SumAverg	65.266058	0	0	0	0	0	0	0	0	0	0	0	0	0	0	0
S(2,2)SumVarnc	692.71734	0	0	0	0	0	0	0	0	0	0	0	0	0	0	0
S(2,2)SumEntrp	2.0251341	0	0	0	0	0	0	0	0	0	0	0	0	0	0	0
S(2,2)Entropy	3.6030164	0	0	0	0	0	0	0	0	0	0	0	0	0	0	0
S(2,2)DifVarnc	231.96086	0	0	0	0	0	0	0	0	0	0	0	0	0	0	0
S(2,2)DifEntrp	1.7296068	0	0	0	0	0	0	0	0	0	0	0	0	0	0	0
_Area_S(2,-2)	129032	0	0	0	0	0	0	0	0	0	0	0	0	0	0	0
S(2,-2)AngScMom	0.00025468248	0	0	0	0	0	0	0	0	0	0	0	0	0	0	0
S(2,-2)Contrast	695.38077	0	0	0	0	0	0	0	0	0	0	0	0	0	0	0
S(2,-2)Correlat	-0.0025355795	0	0	0	0	0	0	0	0	0	0	0	0	0	0	0
S(2,-2)SumOfSqs	346.81102	0	0	0	0	0	0	0	0	0	0	0	0	0	0	0
S(2,-2)InvDfMom	0.045828112	0	0	0	0	0	0	0	0	0	0	0	0	0	0	0
S(2,-2)SumAverg	65.264834	0	0	0	0	0	0	0	0	0	0	0	0	0	0	0
S(2,-2)SumVarnc	691.86331	0	0	0	0	0	0	0	0	0	0	0	0	0	0	0
S(2,-2)SumEntrp	2.0250264	0	0	0	0	0	0	0	0	0	0	0	0	0	0	0
S(2,-2)Entropy	3.6029411	0	0	0	0	0	0	0	0	0	0	0	0	0	0	0
S(2,-2)DifVarnc	231.79548	0	0	0	0	0	0	0	0	0	0	0	0	0	0	0
S(2,-2)DifEntrp	1.7302144	0	0	0	0	0	0	0	0	0	0	0	0	0	0	0
_Area_S(3,0)	129536	0	0	0	0	0	0	0	0	0	0	0	0	0	0	0
S(3,0)AngScMom	0.00025513006	0	0	0	0	0	0	0	0	0	0	0	0	0	0	0
S(3,0)Contrast	685.83182	0	0	0	0	0	0	0	0	0	0	0	0	0	0	0
S(3,0)Correlat	0.012024192	0	0	0	0	0	0	0	0	0	0	0	0	0	0	0
S(3,0)SumOfSqs	347.08938	0	0	0	0	0	0	0	0	0	0	0	0	0	0	0
S(3,0)InvDfMom	0.047337101	0	0	0	0	0	0	0	0	0	0	0	0	0	0	0
S(3,0)SumAverg	65.291116	0	0	0	0	0	0	0	0	0	0	0	0	0	0	0
S(3,0)SumVarnc	702.52569	0	0	0	0	0	0	0	0	0	0	0	0	0	0	0
S(3,0)SumEntrp	2.0284492	0	0	0	0	0	0	0	0	0	0	0	0	0	0	0
S(3,0)Entropy	3.6025201	0	0	0	0	0	0	0	0	0	0	0	0	0	0	0
S(3,0)DifVarnc	228.79927	0	0	0	0	0	0	0	0	0	0	0	0	0	0	0
S(3,0)DifEntrp	1.7275224	0	0	0	0	0	0	0	0	0	0	0	0	0	0	0
_Area_S(0,3)	129536	0	0	0	0	0	0	0	0	0	0	0	0	0	0	0
S(0,3)AngScMom	0.00025475651	0	0	0	0	0	0	0	0	0	0	0	0	0	0	0
S(0,3)Contrast	691.17467	0	0	0	0	0	0	0	0	0	0	0	0	0	0	0
S(0,3)Correlat	0.0033972264	0	0	0	0	0	0	0	0	0	0	0	0	0	0	0
S(0,3)SumOfSqs	346.76538	0	0	0	0	0	0	0	0	0	0	0	0	0	0	0
S(0,3)InvDfMom	0.047341553	0	0	0	0	0	0	0	0	0	0	0	0	0	0	0
S(0,3)SumAverg	65.251745	0	0	0	0	0	0	0	0	0	0	0	0	0	0	0
S(0,3)SumVarnc	695.88683	0	0	0	0	0	0	0	0	0	0	0	0	0	0	0
S(0,3)SumEntrp	2.0264449	0	0	0	0	0	0	0	0	0	0	0	0	0	0	0
S(0,3)Entropy	3.6029286	0	0	0	0	0	0	0	0	0	0	0	0	0	0	0
S(0,3)DifVarnc	230.52529	0	0	0	0	0	0	0	0	0	0	0	0	0	0	0
S(0,3)DifEntrp	1.7290321	0	0	0	0	0	0	0	0	0	0	0	0	0	0	0
_Area_S(3,3)	128018	0	0	0	0	0	0	0	0	0	0	0	0	0	0	0
S(3,3)AngScMom	0.00025426332	0	0	0	0	0	0	0	0	0	0	0	0	0	0	0
S(3,3)Contrast	687.57842	0	0	0	0	0	0	0	0	0	0	0	0	0	0	0
S(3,3)Correlat	0.0088756523	0	0	0	0	0	0	0	0	0	0	0	0	0	0	0
S(3,3)SumOfSqs	346.86789	0	0	0	0	0	0	0	0	0	0	0	0	0	0	0
S(3,3)InvDfMom	0.046157929	0	0	0	0	0	0	0	0	0	0	0	0	0	0	0
S(3,3)SumAverg	65.263088	0	0	0	0	0	0	0	0	0	0	0	0	0	0	0
S(3,3)SumVarnc	699.89313	0	0	0	0	0	0	0	0	0	0	0	0	0	0	0
S(3,3)SumEntrp	2.0273102	0	0	0	0	0	0	0	0	0	0	0	0	0	0	0
S(3,3)Entropy	3.6033085	0	0	0	0	0	0	0	0	0	0	0	0	0	0	0
S(3,3)DifVarnc	229.74251	0	0	0	0	0	0	0	0	0	0	0	0	0	0	0
S(3,3)DifEntrp	1.7279195	0	0	0	0	0	0	0	0	0	0	0	0	0	0	0
_Area_S(3,-3)	128018	0	0	0	0	0	0	0	0	0	0	0	0	0	0	0
S(3,-3)AngScMom	0.00025469814	0	0	0	0	0	0	0	0	0	0	0	0	0	0	0
S(3,-3)Contrast	693.53335	0	0	0	0	0	0	0	0	0	0	0	0	0	0	0
S(3,-3)Correlat	0.00028559455	0	0	0	0	0	0	0	0	0	0	0	0	0	0	0
S(3,-3)SumOfSqs	346.86574	0	0	0	0	0	0	0	0	0	0	0	0	0	0	0
S(3,-3)InvDfMom	0.046616905	0	0	0	0	0	0	0	0	0	0	0	0	0	0	0
S(3,-3)SumAverg	65.262104	0	0	0	0	0	0	0	0	0	0	0	0	0	0	0
S(3,-3)SumVarnc	693.9296	0	0	0	0	0	0	0	0	0	0	0	0	0	0	0
S(3,-3)SumEntrp	2.0254858	0	0	0	0	0	0	0	0	0	0	0	0	0	0	0
S(3,-3)Entropy	3.6029213	0	0	0	0	0	0	0	0	0	0	0	0	0	0	0
S(3,-3)DifVarnc	230.42004	0	0	0	0	0	0	0	0	0	0	0	0	0	0	0
S(3,-3)DifEntrp	1.7295476	0	0	0	0	0	0	0	0	0	0	0	0	0	0	0
_Area_S(4,0)	129024	0	0	0	0	0	0	0	0	0	0	0	0	0	0	0
S(4,0)AngScMom	0.00025499411	0	0	0	0	0	0	0	0	0	0	0	0	0	0	0
S(4,0)Contrast	685.64272	0	0	0	0	0	0	0	0	0	0	0	0	0	0	0
S(4,0)Correlat	0.012242743	0	0	0	0	0	0	0	0	0	0	0	0	0	0	0
S(4,0)SumOfSqs	347.07045	0	0	0	0	0	0	0	0	0	0	0	0	0	0	0
S(4,0)InvDfMom	0.046611655	0	0	0	0	0	0	0	0	0	0	0	0	0	0	0
S(4,0)SumAverg	65.287807	0	0	0	0	0	0	0	0	0	0	0	0	0	0	0
S(4,0)SumVarnc	702.63909	0	0	0	0	0	0	0	0	0	0	0	0	0	0	0
S(4,0)SumEntrp	2.0282305	0	0	0	0	0	0	0	0	0	0	0	0	0	0	0
S(4,0)Entropy	3.6026788	0	0	0	0	0	0	0	0	0	0	0	0	0	0	0
S(4,0)DifVarnc	230.15785	0	0	0	0	0	0	0	0	0	0	0	0	0	0	0
S(4,0)DifEntrp	1.7274434	0	0	0	0	0	0	0	0	0	0	0	0	0	0	0
_Area_S(0,4)	129024	0	0	0	0	0	0	0	0	0	0	0	0	0	0	0
S(0,4)AngScMom	0.00025441791	0	0	0	0	0	0	0	0	0	0	0	0	0	0	0
S(0,4)Contrast	694.51885	0	0	0	0	0	0	0	0	0	0	0	0	0	0	0
S(0,4)Correlat	-0.00119232	0	0	0	0	0	0	0	0	0	0	0	0	0	0	0
S(0,4)SumOfSqs	346.84587	0	0	0	0	0	0	0	0	0	0	0	0	0	0	0
S(0,4)InvDfMom	0.047172438	0	0	0	0	0	0	0	0	0	0	0	0	0	0	0
S(0,4)SumAverg	65.251116	0	0	0	0	0	0	0	0	0	0	0	0	0	0	0
S(0,4)SumVarnc	692.86464	0	0	0	0	0	0	0	0	0	0	0	0	0	0	0
S(0,4)SumEntrp	2.0257165	0	0	0	0	0	0	0	0	0	0	0	0	0	0	0
S(0,4)Entropy	3.603168	0	0	0	0	0	0	0	0	0	0	0	0	0	0	0
S(0,4)DifVarnc	232.52477	0	0	0	0	0	0	0	0	0	0	0	0	0	0	0
S(0,4)DifEntrp	1.7300956	0	0	0	0	0	0	0	0	0	0	0	0	0	0	0
_Area_S(4,4)	127008	0	0	0	0	0	0	0	0	0	0	0	0	0	0	0
S(4,4)AngScMom	0.00025494525	0	0	0	0	0	0	0	0	0	0	0	0	0	0	0
S(4,4)Contrast	693.92901	0	0	0	0	0	0	0	0	0	0	0	0	0	0	0
S(4,4)Correlat	-7.3322638e-05	0	0	0	0	0	0	0	0	0	0	0	0	0	0	0
S(4,4)SumOfSqs	346.93907	0	0	0	0	0	0	0	0	0	0	0	0	0	0	0
S(4,4)InvDfMom	0.047201015	0	0	0	0	0	0	0	0	0	0	0	0	0	0	0
S(4,4)SumAverg	65.259543	0	0	0	0	0	0	0	0	0	0	0	0	0	0	0
S(4,4)SumVarnc	693.82726	0	0	0	0	0	0	0	0	0	0	0	0	0	0	0
S(4,4)SumEntrp	2.0259143	0	0	0	0	0	0	0	0	0	0	0	0	0	0	0
S(4,4)Entropy	3.6026423	0	0	0	0	0	0	0	0	0	0	0	0	0	0	0
S(4,4)DifVarnc	232.66708	0	0	0	0	0	0	0	0	0	0	0	0	0	0	0
S(4,4)DifEntrp	1.7297782	0	0	0	0	0	0	0	0	0	0	0	0	0	0	0
_Area_S(4,-4)	127008	0	0	0	0	0	0	0	0	0	0	0	0	0	0	0
S(4,-4)AngScMom	0.00025443877	0	0	0	0	0	0	0	0	0	0	0	0	0	0	0
S(4,-4)Contrast	691.23584	0	0	0	0	0	0	0	0	0	0	0	0	0	0	0
S(4,-4)Correlat	0.0037552085	0	0	0	0	0	0	0	0	0	0	0	0	0	0	0
S(4,-4)SumOfSqs	346.92068	0	0	0	0	0	0	0	0	0	0	0	0	0	0	0
S(4,-4)InvDfMom	0.046812306	0	0	0	0	0	0	0	0	0	0	0	0	0	0	0
S(4,-4)SumAverg	65.258645	0	0	0	0	0	0	0	0	0	0	0	0	0	0	0
S(4,-4)SumVarnc	696.44688	0	0	0	0	0	0	0	0	0	0	0	0	0	0	0
S(4,-4)SumEntrp	2.0265945	0	0	0	0	0	0	0	0	0	0	0	0	0	0	0
S(4,-4)Entropy	3.6031014	0	0	0	0	0	0	0	0	0	0	0	0	0	0	0
S(4,-4)DifVarnc	230.94404	0	0	0	0	0	0	0	0	0	0	0	0	0	0	0
S(4,-4)DifEntrp	1.7290736	0	0	0	0	0	0	0	0	0	0	0	0	0	0	0
_Area_S(5,0)	128512	0	0	0	0	0	0	0	0	0	0	0	0	0	0	0
S(5,0)AngScMom	0.0002546224	0	0	0	0	0	0	0	0	0	0	0	0	0	0	0
S(5,0)Contrast	698.36359	0	0	0	0	0	0	0	0	0	0	0	0	0	0	0
S(5,0)Correlat	-0.0060728634	0	0	0	0	0	0	0	0	0	0	0	0	0	0	0
S(5,0)SumOfSqs	347.07406	0	0	0	0	0	0	0	0	0	0	0	0	0	0	0
S(5,0)InvDfMom	0.046085084	0	0	0	0	0	0	0	0	0	0	0	0	0	0	0
S(5,0)SumAverg	65.276036	0	0	0	0	0	0	0	0	0	0	0	0	0	0	0
S(5,0)SumVarnc	689.93266	0	0	0	0	0	0	0	0	0	0	0	0	0	0	0
S(5,0)SumEntrp	2.0249866	0	0	0	0	0	0	0	0	0	0	0	0	0	0	0
S(5,0)Entropy	3.6029845	0	0	0	0	0	0	0	0	0	0	0	0	0	0	0
S(5,0)DifVarnc	231.41532	0	0	0	0	0	0	0	0	0	0	0	0	0	0	0
S(5,0)DifEntrp	1.7309346	0	0	0	0	0	0	0	0	0	0	0	0	0	0	0
_Area_S(0,5)	128512	0	0	0	0	0	0	0	0	0	0	0	0	0	0	0
S(0,5)AngScMom	0.00025456076	0	0	0	0	0	0	0	0	0	0	0	0	0	0	0
S(0,5)Contrast	691.10581	0	0	0	0	0	0	0	0	0	0	0	0	0	0	0
S(0,5)Correlat	0.0036037185	0	0	0	0	0	0	0	0	0	0	0	0	0	0	0
S(0,5)SumOfSqs	346.80268	0	0	0	0	0	0	0	0	0	0	0	0	0	0	0
S(0,5)InvDfMom	0.046880995	0	0	0	0	0	0	0	0	0	0	0	0	0	0	0
S(0,5)SumAverg	65.259851	0	0	0	0	0	0	0	0	0	0	0	0	0	0	0
S(0,5)SumVarnc	696.10493	0	0	0	0	0	0	0	0	0	0	0	0	0	0	0
S(0,5)SumEntrp	2.0265188	0	0	0	0	0	0	0	0	0	0	0	0	0	0	0
S(0,5)Entropy	3.6029794	0	0	0	0	0	0	0	0	0	0	0	0	0	0	0
S(0,5)DifVarnc	230.93534	0	0	0	0	0	0	0	0	0	0	0	0	0	0	0
S(0,5)DifEntrp	1.728587	0	0	0	0	0	0	0	0	0	0	0	0	0	0	0
_Area_S(5,5)	126002	0	0	0	0	0	0	0	0	0	0	0	0	0	0	0
S(5,5)AngScMom	0.00025464888	0	0	0	0	0	0	0	0	0	0	0	0	0	0	0
S(5,5)Contrast	689.30325	0	0	0	0	0	0	0	0	0	0	0	0	0	0	0
S(5,5)Correlat	0.0065180503	0	0	0	0	0	0	0	0	0	0	0	0	0	0	0
S(5,5)SumOfSqs	346.91282	0	0	0	0	0	0	0	0	0	0	0	0	0	0	0
S(5,5)InvDfMom	0.046775243	0	0	0	0	0	0	0	0	0	0	0	0	0	0	0
S(5,5)SumAverg	65.25779	0	0	0	0	0	0	0	0	0	0	0	0	0	0	0
S(5,5)SumVarnc	698.34803	0	0	0	0	0	0	0	0	0	0	0	0	0	0	0
S(5,5)SumEntrp	2.0267795	0	0	0	0	0	0	0	0	0	0	0	0	0	0	0
S(5,5)Entropy	3.6029379	0	0	0	0	0	0	0	0	0	0	0	0	0	0	0
S(5,5)DifVarnc	230.48645	0	0	0	0	0	0	0	0	0	0	0	0	0	0	0
S(5,5)DifEntrp	1.7285782	0	0	0	0	0	0	0	0	0	0	0	0	0	0	0
_Area_S(5,-5)	126002	0	0	0	0	0	0	0	0	0	0	0	0	0	0	0
S(5,-5)AngScMom	0.00025518552	0	0	0	0	0	0	0	0	0	0	0	0	0	0	0
S(5,-5)Contrast	698.77326	0	0	0	0	0	0	0	0	0	0	0	0	0	0	0
S(5,-5)Correlat	-0.0072414333	0	0	0	0	0	0	0	0	0	0	0	0	0	0	0
S(5,-5)SumOfSqs	346.87476	0	0	0	0	0	0	0	0	0	0	0	0	0	0	0
S(5,-5)InvDfMom	0.046538438	0	0	0	0	0	0	0	0	0	0	0	0	0	0	0
S(5,-5)SumAverg	65.254805	0	0	0	0	0	0	0	0	0	0	0	0	0	0	0
S(5,-5)SumVarnc	688.72578	0	0	0	0	0	0	0	0	0	0	0	0	0	0	0
S(5,-5)SumEntrp	2.0243629	0	0	0	0	0	0	0	0	0	0	0	0	0	0	0
S(5,-5)Entropy	3.6024298	0	0	0	0	0	0	0	0	0	0	0	0	0	0	0
S(5,-5)DifVarnc	232.83951	0	0	0	0	0	0	0	0	0	0	0	0	0	0	0
S(5,-5)DifEntrp	1.7308537	0	0	0	0	0	0	0	0	0	0	0	0	0	0	0
Horzl_RLNonUni	62308.644	0	0	0	0	0	0	0	0	0	0	0	0	0	0	0
Horzl_GLevNonU	1012.484	0	0	0	0	0	0	0	0	0	0	0	0	0	0	0
Horzl_LngREmph	1.0519128	0	0	0	0	0	0	0	0	0	0	0	0	0	0	0
Horzl_ShrtREmp	0.98737584	0	0	0	0	0	0	0	0	0	0	0	0	0	0	0
Horzl_Fraction	0.98320007	0	0	0	0	0	0	0	0	0	0	0	0	0	0	0
Vertl_RLNonUni	62570.809	0	0	0	0	0	0	0	0	0	0	0	0	0	0	0
Vertl_GLevNonU	1013.9504	0	0	0	0	0	0	0	0	0	0	0	0	0	0	0
Vertl_LngREmph	1.0478124	0	0	0	0	0	0	0	0	0	0	0	0	0	0	0
Vertl_ShrtREmp	0.98843489	0	0	0	0	0	0	0	0	0	0	0	0	0	0	0
Vertl_Fraction	0.98454285	0	0	0	0	0	0	0	0	0	0	0	0	0	0	0
45dgr_RLNonUni	62570.049	0	0	0	0	0	0	0	0	0	0	0	0	0	0	0
45dgr_GLevNonU	1014.075	0	0	0	0	0	0	0	0	0	0	0	0	0	0	0
45dgr_LngREmph	1.0474847	0	0	0	0	0	0	0	0	0	0	0	0	0	0	0
45dgr_ShrtREmp	0.98842155	0	0	0	0	0	0	0	0	0	0	0	0	0	0	0
45dgr_Fraction	0.98458862	0	0	0	0	0	0	0	0	0	0	0	0	0	0	0
135dr_RLNonUni	62451.374	0	0	0	0	0	0	0	0	0	0	0	0	0	0	0
135dr_GLevNonU	1013.3378	0	0	0	0	0	0	0	0	0	0	0	0	0	0	0
135dr_LngREmph	1.049641	0	0	0	0	0	0	0	0	0	0	0	0	0	0	0
135dr_ShrtREmp	0.9879516	0	0	0	0	0	0	0	0	0	0	0	0	0	0	0
135dr_Fraction	0.9839325	0	0	0	0	0	0	0	0	0	0	0	0	0	0	0
_AreaGr	64516	0	0	0	0	0	0	0	0	0	0	0	0	0	0	0
GrMean	8.3560648	0	0	0	0	0	0	0	0	0	0	0	0	0	0	0
GrVariance	15.993638	0	0	0	0	0	0	0	0	0	0	0	0	0	0	0
GrSkewness	0.17616169	0	0	0	0	0	0	0	0	0	0	0	0	0	0	0
GrKurtosis	-0.65682049	0	0	0	0	0	0	0	0	0	0	0	0	0	0	0
GrNonZeros	0.99556699	0	0	0	0	0	0	0	0	0	0	0	0	0	0	0
_AreaARM	64770	0	0	0	0	0	0	0	0	0	0	0	0	0	0	0
Teta1	0.018383368	0	0	0	0	0	0	0	0	0	0	0	0	0	0	0
Teta2	0.0031233999	0	0	0	0	0	0	0	0	0	0	0	0	0	0	0
Teta3	0.0040543887	0	0	0	0	0	0	0	0	0	0	0	0	0	0	0
Teta4	0.00055827509	0	0	0	0	0	0	0	0	0	0	0	0	0	0	0
Sigma	0.9995293	0	0	0	0	0	0	0	0	0	0	0	0	0	0	0
WavEnLL_s-1	17825.111	0	0	0	0	0	0	0	0	0	0	0	0	0	0	0
WavEnLH_s-1	1405.1564	0	0	0	0	0	0	0	0	0	0	0	0	0	0	0
WavEnHL_s-1	1361.7507	0	0	0	0	0	0	0	0	0	0	0	0	0	0	0
WavEnHH_s-1	1365.6784	0	0	0	0	0	0	0	0	0	0	0	0	0	0	0
WavEnLL_s-2	16785.119	0	0	0	0	0	0	0	0	0	0	0	0	0	0	0
WavEnLH_s-2	371.98148	0	0	0	0	0	0	0	0	0	0	0	0	0	0	0
WavEnHL_s-2	332.44236	0	0	0	0	0	0	0	0	0	0	0	0	0	0	0
WavEnHH_s-2	335.56778	0	0	0	0	0	0	0	0	0	0	0	0	0	0	0
WavEnLL_s-3	16499.476	0	0	0	0	0	0	0	0	0	0	0	0	0	0	0
WavEnLH_s-3	98.729805	0	0	0	0	0	0	0	0	0	0	0	0	0	0	0
WavEnHL_s-3	89.267731	0	0	0	0	0	0	0	0	0	0	0	0	0	0	0
WavEnHH_s-3	97.645373	0	0	0	0	0	0	0	0	0	0	0	0	0	0	0
WavEnLL_s-4	16428.416	0	0	0	0	0	0	0	0	0	0	0	0	0	0	0
WavEnLH_s-4	22.035159	0	0	0	0	0	0	0	0	0	0	0	0	0	0	0
WavEnHL_s-4	24.083946	0	0	0	0	0	0	0	0	0	0	0	0	0	0	0
WavEnHH_s-4	24.940704	0	0	0	0	0	0	0	0	0	0	0	0	0	0	0
