Image File: cushion1-a-p039.png 
ROI File: allred.roi 
Image size: 256 x 256
Min. lum.: 1
Max. lum.: 256
Bits/pixel: 8

Normalisation =  No
Histogram analysis = Yes
CO matrix analysis = Yes, Dimensions = 6 x 6, Distances = 1 2 3 4 5
RL matrix analysis = Yes, Dimension = 6
Gradient analysis = Yes, Max pixel value = 16
AR model analysis = Yes
Wavelet analysis = Yes

--------------- CLASS NAMES ----------------

----------------- FEATURES -----------------
_Area	65536	0	0	0	0	0	0	0	0	0	0	0	0	0	0	0
Mean	127.66089	0	0	0	0	0	0	0	0	0	0	0	0	0	0	0
Variance	5483.3412	0	0	0	0	0	0	0	0	0	0	0	0	0	0	0
Skewness	0.010814155	0	0	0	0	0	0	0	0	0	0	0	0	0	0	0
Kurtosis	-1.2016209	0	0	0	0	0	0	0	0	0	0	0	0	0	0	0
Perc.01%	3	0	0	0	0	0	0	0	0	0	0	0	0	0	0	0
Perc.10%	25	0	0	0	0	0	0	0	0	0	0	0	0	0	0	0
Perc.50%	128	0	0	0	0	0	0	0	0	0	0	0	0	0	0	0
Perc.90%	231	0	0	0	0	0	0	0	0	0	0	0	0	0	0	0
Perc.99%	254	0	0	0	0	0	0	0	0	0	0	0	0	0	0	0
_Area_S(1,0)	130560	0	0	0	0	0	0	0	0	0	0	0	0	0	0	0
S(1,0)AngScMom	0.0002623647	0	0	0	0	0	0	0	0	0	0	0	0	0	0	0
S(1,0)Contrast	641.61114	0	0	0	0	0	0	0	0	0	0	0	0	0	0	0
S(1,0)Correlat	0.062071711	0	0	0	0	0	0	0	0	0	0	0	0	0	0	0
S(1,0)SumOfSqs	342.03635	0	0	0	0	0	0	0	0	0	0	0	0	0	0	0
S(1,0)InvDfMom	0.052143333	0	0	0	0	0	0	0	0	0	0	0	0	0	0	0
S(1,0)SumAverg	64.588159	0	0	0	0	0	0	0	0	0	0	0	0	0	0	0
S(1,0)SumVarnc	726.53426	0	0	0	0	0	0	0	0	0	0	0	0	0	0	0
S(1,0)SumEntrp	2.0345191	0	0	0	0	0	0	0	0	0	0	0	0	0	0	0
S(1,0)Entropy	3.5966743	0	0	0	0	0	0	0	0	0	0	0	0	0	0	0
S(1,0)DifVarnc	217.42973	0	0	0	0	0	0	0	0	0	0	0	0	0	0	0
S(1,0)DifEntrp	1.7153424	0	0	0	0	0	0	0	0	0	0	0	0	0	0	0
_Area_S(0,1)	130560	0	0	0	0	0	0	0	0	0	0	0	0	0	0	0
S(0,1)AngScMom	0.00025567336	0	0	0	0	0	0	0	0	0	0	0	0	0	0	0
S(0,1)Contrast	684.00375	0	0	0	0	0	0	0	0	0	0	0	0	0	0	0
S(0,1)Correlat	-0.00022872651	0	0	0	0	0	0	0	0	0	0	0	0	0	0	0
S(0,1)SumOfSqs	341.92367	0	0	0	0	0	0	0	0	0	0	0	0	0	0	0
S(0,1)InvDfMom	0.046724449	0	0	0	0	0	0	0	0	0	0	0	0	0	0	0
S(0,1)SumAverg	64.581388	0	0	0	0	0	0	0	0	0	0	0	0	0	0	0
S(0,1)SumVarnc	683.69093	0	0	0	0	0	0	0	0	0	0	0	0	0	0	0
S(0,1)SumEntrp	2.0230804	0	0	0	0	0	0	0	0	0	0	0	0	0	0	0
S(0,1)Entropy	3.6020182	0	0	0	0	0	0	0	0	0	0	0	0	0	0	0
S(0,1)DifVarnc	227.89275	0	0	0	0	0	0	0	0	0	0	0	0	0	0	0
S(0,1)DifEntrp	1.7269909	0	0	0	0	0	0	0	0	0	0	0	0	0	0	0
_Area_S(1,1)	130050	0	0	0	0	0	0	0	0	0	0	0	0	0	0	0
S(1,1)AngScMom	0.00025603165	0	0	0	0	0	0	0	0	0	0	0	0	0	0	0
S(1,1)Contrast	685.00943	0	0	0	0	0	0	0	0	0	0	0	0	0	0	0
S(1,1)Correlat	-0.0016824895	0	0	0	0	0	0	0	0	0	0	0	0	0	0	0
S(1,1)SumOfSqs	341.92942	0	0	0	0	0	0	0	0	0	0	0	0	0	0	0
S(1,1)InvDfMom	0.047134188	0	0	0	0	0	0	0	0	0	0	0	0	0	0	0
S(1,1)SumAverg	64.585006	0	0	0	0	0	0	0	0	0	0	0	0	0	0	0
S(1,1)SumVarnc	682.70826	0	0	0	0	0	0	0	0	0	0	0	0	0	0	0
S(1,1)SumEntrp	2.0228446	0	0	0	0	0	0	0	0	0	0	0	0	0	0	0
S(1,1)Entropy	3.6016958	0	0	0	0	0	0	0	0	0	0	0	0	0	0	0
S(1,1)DifVarnc	227.73963	0	0	0	0	0	0	0	0	0	0	0	0	0	0	0
S(1,1)DifEntrp	1.727642	0	0	0	0	0	0	0	0	0	0	0	0	0	0	0
_Area_S(1,-1)	130050	0	0	0	0	0	0	0	0	0	0	0	0	0	0	0
S(1,-1)AngScMom	0.00025536743	0	0	0	0	0	0	0	0	0	0	0	0	0	0	0
S(1,-1)Contrast	684.06115	0	0	0	0	0	0	0	0	0	0	0	0	0	0	0
S(1,-1)Correlat	-0.0003053156	0	0	0	0	0	0	0	0	0	0	0	0	0	0	0
S(1,-1)SumOfSqs	341.92618	0	0	0	0	0	0	0	0	0	0	0	0	0	0	0
S(1,-1)InvDfMom	0.047558207	0	0	0	0	0	0	0	0	0	0	0	0	0	0	0
S(1,-1)SumAverg	64.58479	0	0	0	0	0	0	0	0	0	0	0	0	0	0	0
S(1,-1)SumVarnc	683.64356	0	0	0	0	0	0	0	0	0	0	0	0	0	0	0
S(1,-1)SumEntrp	2.0232069	0	0	0	0	0	0	0	0	0	0	0	0	0	0	0
S(1,-1)Entropy	3.6023618	0	0	0	0	0	0	0	0	0	0	0	0	0	0	0
S(1,-1)DifVarnc	228.79911	0	0	0	0	0	0	0	0	0	0	0	0	0	0	0
S(1,-1)DifEntrp	1.7273254	0	0	0	0	0	0	0	0	0	0	0	0	0	0	0
_Area_S(2,0)	130048	0	0	0	0	0	0	0	0	0	0	0	0	0	0	0
S(2,0)AngScMom	0.00025861112	0	0	0	0	0	0	0	0	0	0	0	0	0	0	0
S(2,0)Contrast	653.4685	0	0	0	0	0	0	0	0	0	0	0	0	0	0	0
S(2,0)Correlat	0.04473888	0	0	0	0	0	0	0	0	0	0	0	0	0	0	0
S(2,0)SumOfSqs	342.03659	0	0	0	0	0	0	0	0	0	0	0	0	0	0	0
S(2,0)InvDfMom	0.051099326	0	0	0	0	0	0	0	0	0	0	0	0	0	0	0
S(2,0)SumAverg	64.575449	0	0	0	0	0	0	0	0	0	0	0	0	0	0	0
S(2,0)SumVarnc	714.67784	0	0	0	0	0	0	0	0	0	0	0	0	0	0	0
S(2,0)SumEntrp	2.0315692	0	0	0	0	0	0	0	0	0	0	0	0	0	0	0
S(2,0)Entropy	3.599672	0	0	0	0	0	0	0	0	0	0	0	0	0	0	0
S(2,0)DifVarnc	221.82161	0	0	0	0	0	0	0	0	0	0	0	0	0	0	0
S(2,0)DifEntrp	1.7186227	0	0	0	0	0	0	0	0	0	0	0	0	0	0	0
_Area_S(0,2)	130048	0	0	0	0	0	0	0	0	0	0	0	0	0	0	0
S(0,2)AngScMom	0.0002555114	0	0	0	0	0	0	0	0	0	0	0	0	0	0	0
S(0,2)Contrast	686.73387	0	0	0	0	0	0	0	0	0	0	0	0	0	0	0
S(0,2)Correlat	-0.0046042399	0	0	0	0	0	0	0	0	0	0	0	0	0	0	0
S(0,2)SumOfSqs	341.79324	0	0	0	0	0	0	0	0	0	0	0	0	0	0	0
S(0,2)InvDfMom	0.046851987	0	0	0	0	0	0	0	0	0	0	0	0	0	0	0
S(0,2)SumAverg	64.54566	0	0	0	0	0	0	0	0	0	0	0	0	0	0	0
S(0,2)SumVarnc	680.43908	0	0	0	0	0	0	0	0	0	0	0	0	0	0	0
S(0,2)SumEntrp	2.0223338	0	0	0	0	0	0	0	0	0	0	0	0	0	0	0
S(0,2)Entropy	3.6021538	0	0	0	0	0	0	0	0	0	0	0	0	0	0	0
S(0,2)DifVarnc	228.04467	0	0	0	0	0	0	0	0	0	0	0	0	0	0	0
S(0,2)DifEntrp	1.727774	0	0	0	0	0	0	0	0	0	0	0	0	0	0	0
_Area_S(2,2)	129032	0	0	0	0	0	0	0	0	0	0	0	0	0	0	0
S(2,2)AngScMom	0.00025589166	0	0	0	0	0	0	0	0	0	0	0	0	0	0	0
S(2,2)Contrast	682.80946	0	0	0	0	0	0	0	0	0	0	0	0	0	0	0
S(2,2)Correlat	0.0011430244	0	0	0	0	0	0	0	0	0	0	0	0	0	0	0
S(2,2)SumOfSqs	341.79541	0	0	0	0	0	0	0	0	0	0	0	0	0	0	0
S(2,2)InvDfMom	0.046292615	0	0	0	0	0	0	0	0	0	0	0	0	0	0	0
S(2,2)SumAverg	64.536813	0	0	0	0	0	0	0	0	0	0	0	0	0	0	0
S(2,2)SumVarnc	684.37218	0	0	0	0	0	0	0	0	0	0	0	0	0	0	0
S(2,2)SumEntrp	2.0234103	0	0	0	0	0	0	0	0	0	0	0	0	0	0	0
S(2,2)Entropy	3.601859	0	0	0	0	0	0	0	0	0	0	0	0	0	0	0
S(2,2)DifVarnc	227.41547	0	0	0	0	0	0	0	0	0	0	0	0	0	0	0
S(2,2)DifEntrp	1.7264356	0	0	0	0	0	0	0	0	0	0	0	0	0	0	0
_Area_S(2,-2)	129032	0	0	0	0	0	0	0	0	0	0	0	0	0	0	0
S(2,-2)AngScMom	0.00025559591	0	0	0	0	0	0	0	0	0	0	0	0	0	0	0
S(2,-2)Contrast	683.72711	0	0	0	0	0	0	0	0	0	0	0	0	0	0	0
S(2,-2)Correlat	-0.00021446369	0	0	0	0	0	0	0	0	0	0	0	0	0	0	0
S(2,-2)SumOfSqs	341.79025	0	0	0	0	0	0	0	0	0	0	0	0	0	0	0
S(2,-2)InvDfMom	0.046894473	0	0	0	0	0	0	0	0	0	0	0	0	0	0	0
S(2,-2)SumAverg	64.536828	0	0	0	0	0	0	0	0	0	0	0	0	0	0	0
S(2,-2)SumVarnc	683.4339	0	0	0	0	0	0	0	0	0	0	0	0	0	0	0
S(2,-2)SumEntrp	2.0230113	0	0	0	0	0	0	0	0	0	0	0	0	0	0	0
S(2,-2)Entropy	3.6021064	0	0	0	0	0	0	0	0	0	0	0	0	0	0	0
S(2,-2)DifVarnc	228.65127	0	0	0	0	0	0	0	0	0	0	0	0	0	0	0
S(2,-2)DifEntrp	1.7267489	0	0	0	0	0	0	0	0	0	0	0	0	0	0	0
_Area_S(3,0)	129536	0	0	0	0	0	0	0	0	0	0	0	0	0	0	0
S(3,0)AngScMom	0.0002563811	0	0	0	0	0	0	0	0	0	0	0	0	0	0	0
S(3,0)Contrast	663.72266	0	0	0	0	0	0	0	0	0	0	0	0	0	0	0
S(3,0)Correlat	0.02974663	0	0	0	0	0	0	0	0	0	0	0	0	0	0	0
S(3,0)SumOfSqs	342.03574	0	0	0	0	0	0	0	0	0	0	0	0	0	0	0
S(3,0)InvDfMom	0.048355292	0	0	0	0	0	0	0	0	0	0	0	0	0	0	0
S(3,0)SumAverg	64.573941	0	0	0	0	0	0	0	0	0	0	0	0	0	0	0
S(3,0)SumVarnc	704.4203	0	0	0	0	0	0	0	0	0	0	0	0	0	0	0
S(3,0)SumEntrp	2.0288266	0	0	0	0	0	0	0	0	0	0	0	0	0	0	0
S(3,0)Entropy	3.6015309	0	0	0	0	0	0	0	0	0	0	0	0	0	0	0
S(3,0)DifVarnc	222.47296	0	0	0	0	0	0	0	0	0	0	0	0	0	0	0
S(3,0)DifEntrp	1.7213756	0	0	0	0	0	0	0	0	0	0	0	0	0	0	0
_Area_S(0,3)	129536	0	0	0	0	0	0	0	0	0	0	0	0	0	0	0
S(0,3)AngScMom	0.00025560206	0	0	0	0	0	0	0	0	0	0	0	0	0	0	0
S(0,3)Contrast	686.22641	0	0	0	0	0	0	0	0	0	0	0	0	0	0	0
S(0,3)Correlat	-0.0040112066	0	0	0	0	0	0	0	0	0	0	0	0	0	0	0
S(0,3)SumOfSqs	341.7424	0	0	0	0	0	0	0	0	0	0	0	0	0	0	0
S(0,3)InvDfMom	0.047312878	0	0	0	0	0	0	0	0	0	0	0	0	0	0	0
S(0,3)SumAverg	64.541162	0	0	0	0	0	0	0	0	0	0	0	0	0	0	0
S(0,3)SumVarnc	680.74321	0	0	0	0	0	0	0	0	0	0	0	0	0	0	0
S(0,3)SumEntrp	2.022346	0	0	0	0	0	0	0	0	0	0	0	0	0	0	0
S(0,3)Entropy	3.602064	0	0	0	0	0	0	0	0	0	0	0	0	0	0	0
S(0,3)DifVarnc	228.60019	0	0	0	0	0	0	0	0	0	0	0	0	0	0	0
S(0,3)DifEntrp	1.7280441	0	0	0	0	0	0	0	0	0	0	0	0	0	0	0
_Area_S(3,3)	128018	0	0	0	0	0	0	0	0	0	0	0	0	0	0	0
S(3,3)AngScMom	0.00025542584	0	0	0	0	0	0	0	0	0	0	0	0	0	0	0
S(3,3)Contrast	682.76961	0	0	0	0	0	0	0	0	0	0	0	0	0	0	0
S(3,3)Correlat	0.0010449858	0	0	0	0	0	0	0	0	0	0	0	0	0	0	0
S(3,3)SumOfSqs	341.74192	0	0	0	0	0	0	0	0	0	0	0	0	0	0	0
S(3,3)InvDfMom	0.04710654	0	0	0	0	0	0	0	0	0	0	0	0	0	0	0
S(3,3)SumAverg	64.531082	0	0	0	0	0	0	0	0	0	0	0	0	0	0	0
S(3,3)SumVarnc	684.19807	0	0	0	0	0	0	0	0	0	0	0	0	0	0	0
S(3,3)SumEntrp	2.0234503	0	0	0	0	0	0	0	0	0	0	0	0	0	0	0
S(3,3)Entropy	3.6022927	0	0	0	0	0	0	0	0	0	0	0	0	0	0	0
S(3,3)DifVarnc	228.55882	0	0	0	0	0	0	0	0	0	0	0	0	0	0	0
S(3,3)DifEntrp	1.726632	0	0	0	0	0	0	0	0	0	0	0	0	0	0	0
_Area_S(3,-3)	128018	0	0	0	0	0	0	0	0	0	0	0	0	0	0	0
S(3,-3)AngScMom	0.00025581171	0	0	0	0	0	0	0	0	0	0	0	0	0	0	0
S(3,-3)Contrast	683.77931	0	0	0	0	0	0	0	0	0	0	0	0	0	0	0
S(3,-3)Correlat	-0.00045407317	0	0	0	0	0	0	0	0	0	0	0	0	0	0	0
S(3,-3)SumOfSqs	341.73448	0	0	0	0	0	0	0	0	0	0	0	0	0	0	0
S(3,-3)InvDfMom	0.047403442	0	0	0	0	0	0	0	0	0	0	0	0	0	0	0
S(3,-3)SumAverg	64.530613	0	0	0	0	0	0	0	0	0	0	0	0	0	0	0
S(3,-3)SumVarnc	683.15862	0	0	0	0	0	0	0	0	0	0	0	0	0	0	0
S(3,-3)SumEntrp	2.0228406	0	0	0	0	0	0	0	0	0	0	0	0	0	0	0
S(3,-3)Entropy	3.6018921	0	0	0	0	0	0	0	0	0	0	0	0	0	0	0
S(3,-3)DifVarnc	228.71308	0	0	0	0	0	0	0	0	0	0	0	0	0	0	0
S(3,-3)DifEntrp	1.7268082	0	0	0	0	0	0	0	0	0	0	0	0	0	0	0
_Area_S(4,0)	129024	0	0	0	0	0	0	0	0	0	0	0	0	0	0	0
S(4,0)AngScMom	0.00025585828	0	0	0	0	0	0	0	0	0	0	0	0	0	0	0
S(4,0)Contrast	677.55185	0	0	0	0	0	0	0	0	0	0	0	0	0	0	0
S(4,0)Correlat	0.0097930373	0	0	0	0	0	0	0	0	0	0	0	0	0	0	0
S(4,0)SumOfSqs	342.12638	0	0	0	0	0	0	0	0	0	0	0	0	0	0	0
S(4,0)InvDfMom	0.047547419	0	0	0	0	0	0	0	0	0	0	0	0	0	0	0
S(4,0)SumAverg	64.576993	0	0	0	0	0	0	0	0	0	0	0	0	0	0	0
S(4,0)SumVarnc	690.95368	0	0	0	0	0	0	0	0	0	0	0	0	0	0	0
S(4,0)SumEntrp	2.0252009	0	0	0	0	0	0	0	0	0	0	0	0	0	0	0
S(4,0)Entropy	3.6019689	0	0	0	0	0	0	0	0	0	0	0	0	0	0	0
S(4,0)DifVarnc	227.52106	0	0	0	0	0	0	0	0	0	0	0	0	0	0	0
S(4,0)DifEntrp	1.7254719	0	0	0	0	0	0	0	0	0	0	0	0	0	0	0
_Area_S(0,4)	129024	0	0	0	0	0	0	0	0	0	0	0	0	0	0	0
S(0,4)AngScMom	0.00025510199	0	0	0	0	0	0	0	0	0	0	0	0	0	0	0
S(0,4)Contrast	687.31713	0	0	0	0	0	0	0	0	0	0	0	0	0	0	0
S(0,4)Correlat	-0.0054760216	0	0	0	0	0	0	0	0	0	0	0	0	0	0	0
S(0,4)SumOfSqs	341.78693	0	0	0	0	0	0	0	0	0	0	0	0	0	0	0
S(0,4)InvDfMom	0.047754587	0	0	0	0	0	0	0	0	0	0	0	0	0	0	0
S(0,4)SumAverg	64.527855	0	0	0	0	0	0	0	0	0	0	0	0	0	0	0
S(0,4)SumVarnc	679.8306	0	0	0	0	0	0	0	0	0	0	0	0	0	0	0
S(0,4)SumEntrp	2.0220798	0	0	0	0	0	0	0	0	0	0	0	0	0	0	0
S(0,4)Entropy	3.6025956	0	0	0	0	0	0	0	0	0	0	0	0	0	0	0
S(0,4)DifVarnc	228.96283	0	0	0	0	0	0	0	0	0	0	0	0	0	0	0
S(0,4)DifEntrp	1.7282186	0	0	0	0	0	0	0	0	0	0	0	0	0	0	0
_Area_S(4,4)	127008	0	0	0	0	0	0	0	0	0	0	0	0	0	0	0
S(4,4)AngScMom	0.00025584947	0	0	0	0	0	0	0	0	0	0	0	0	0	0	0
S(4,4)Contrast	681.25745	0	0	0	0	0	0	0	0	0	0	0	0	0	0	0
S(4,4)Correlat	0.0036497413	0	0	0	0	0	0	0	0	0	0	0	0	0	0	0
S(4,4)SumOfSqs	341.87648	0	0	0	0	0	0	0	0	0	0	0	0	0	0	0
S(4,4)InvDfMom	0.047052512	0	0	0	0	0	0	0	0	0	0	0	0	0	0	0
S(4,4)SumAverg	64.520928	0	0	0	0	0	0	0	0	0	0	0	0	0	0	0
S(4,4)SumVarnc	686.24849	0	0	0	0	0	0	0	0	0	0	0	0	0	0	0
S(4,4)SumEntrp	2.0239242	0	0	0	0	0	0	0	0	0	0	0	0	0	0	0
S(4,4)Entropy	3.6019224	0	0	0	0	0	0	0	0	0	0	0	0	0	0	0
S(4,4)DifVarnc	227.53136	0	0	0	0	0	0	0	0	0	0	0	0	0	0	0
S(4,4)DifEntrp	1.7264502	0	0	0	0	0	0	0	0	0	0	0	0	0	0	0
_Area_S(4,-4)	127008	0	0	0	0	0	0	0	0	0	0	0	0	0	0	0
S(4,-4)AngScMom	0.00025590204	0	0	0	0	0	0	0	0	0	0	0	0	0	0	0
S(4,-4)Contrast	683.10043	0	0	0	0	0	0	0	0	0	0	0	0	0	0	0
S(4,-4)Correlat	0.00094938898	0	0	0	0	0	0	0	0	0	0	0	0	0	0	0
S(4,-4)SumOfSqs	341.87479	0	0	0	0	0	0	0	0	0	0	0	0	0	0	0
S(4,-4)InvDfMom	0.046668068	0	0	0	0	0	0	0	0	0	0	0	0	0	0	0
S(4,-4)SumAverg	64.52003	0	0	0	0	0	0	0	0	0	0	0	0	0	0	0
S(4,-4)SumVarnc	684.39872	0	0	0	0	0	0	0	0	0	0	0	0	0	0	0
S(4,-4)SumEntrp	2.0234894	0	0	0	0	0	0	0	0	0	0	0	0	0	0	0
S(4,-4)Entropy	3.6018673	0	0	0	0	0	0	0	0	0	0	0	0	0	0	0
S(4,-4)DifVarnc	226.63786	0	0	0	0	0	0	0	0	0	0	0	0	0	0	0
S(4,-4)DifEntrp	1.7268518	0	0	0	0	0	0	0	0	0	0	0	0	0	0	0
_Area_S(5,0)	128512	0	0	0	0	0	0	0	0	0	0	0	0	0	0	0
S(5,0)AngScMom	0.00025569982	0	0	0	0	0	0	0	0	0	0	0	0	0	0	0
S(5,0)Contrast	683.32343	0	0	0	0	0	0	0	0	0	0	0	0	0	0	0
S(5,0)Correlat	0.0015144612	0	0	0	0	0	0	0	0	0	0	0	0	0	0	0
S(5,0)SumOfSqs	342.17993	0	0	0	0	0	0	0	0	0	0	0	0	0	0	0
S(5,0)InvDfMom	0.047365457	0	0	0	0	0	0	0	0	0	0	0	0	0	0	0
S(5,0)SumAverg	64.576849	0	0	0	0	0	0	0	0	0	0	0	0	0	0	0
S(5,0)SumVarnc	685.3963	0	0	0	0	0	0	0	0	0	0	0	0	0	0	0
S(5,0)SumEntrp	2.0236129	0	0	0	0	0	0	0	0	0	0	0	0	0	0	0
S(5,0)Entropy	3.6020062	0	0	0	0	0	0	0	0	0	0	0	0	0	0	0
S(5,0)DifVarnc	228.06666	0	0	0	0	0	0	0	0	0	0	0	0	0	0	0
S(5,0)DifEntrp	1.7270996	0	0	0	0	0	0	0	0	0	0	0	0	0	0	0
_Area_S(0,5)	128512	0	0	0	0	0	0	0	0	0	0	0	0	0	0	0
S(0,5)AngScMom	0.00025552847	0	0	0	0	0	0	0	0	0	0	0	0	0	0	0
S(0,5)Contrast	681.14045	0	0	0	0	0	0	0	0	0	0	0	0	0	0	0
S(0,5)Correlat	0.0035661197	0	0	0	0	0	0	0	0	0	0	0	0	0	0	0
S(0,5)SumOfSqs	341.78909	0	0	0	0	0	0	0	0	0	0	0	0	0	0	0
S(0,5)InvDfMom	0.045928502	0	0	0	0	0	0	0	0	0	0	0	0	0	0	0
S(0,5)SumAverg	64.526908	0	0	0	0	0	0	0	0	0	0	0	0	0	0	0
S(0,5)SumVarnc	686.0159	0	0	0	0	0	0	0	0	0	0	0	0	0	0	0
S(0,5)SumEntrp	2.0238365	0	0	0	0	0	0	0	0	0	0	0	0	0	0	0
S(0,5)Entropy	3.6022219	0	0	0	0	0	0	0	0	0	0	0	0	0	0	0
S(0,5)DifVarnc	227.9832	0	0	0	0	0	0	0	0	0	0	0	0	0	0	0
S(0,5)DifEntrp	1.7259231	0	0	0	0	0	0	0	0	0	0	0	0	0	0	0
_Area_S(5,5)	126002	0	0	0	0	0	0	0	0	0	0	0	0	0	0	0
S(5,5)AngScMom	0.00025628589	0	0	0	0	0	0	0	0	0	0	0	0	0	0	0
S(5,5)Contrast	683.30568	0	0	0	0	0	0	0	0	0	0	0	0	0	0	0
S(5,5)Correlat	0.00085228845	0	0	0	0	0	0	0	0	0	0	0	0	0	0	0
S(5,5)SumOfSqs	341.94427	0	0	0	0	0	0	0	0	0	0	0	0	0	0	0
S(5,5)InvDfMom	0.046703829	0	0	0	0	0	0	0	0	0	0	0	0	0	0	0
S(5,5)SumAverg	64.521976	0	0	0	0	0	0	0	0	0	0	0	0	0	0	0
S(5,5)SumVarnc	684.47142	0	0	0	0	0	0	0	0	0	0	0	0	0	0	0
S(5,5)SumEntrp	2.0232349	0	0	0	0	0	0	0	0	0	0	0	0	0	0	0
S(5,5)Entropy	3.6015232	0	0	0	0	0	0	0	0	0	0	0	0	0	0	0
S(5,5)DifVarnc	228.27064	0	0	0	0	0	0	0	0	0	0	0	0	0	0	0
S(5,5)DifEntrp	1.7266952	0	0	0	0	0	0	0	0	0	0	0	0	0	0	0
_Area_S(5,-5)	126002	0	0	0	0	0	0	0	0	0	0	0	0	0	0	0
S(5,-5)AngScMom	0.0002553411	0	0	0	0	0	0	0	0	0	0	0	0	0	0	0
S(5,-5)Contrast	682.65272	0	0	0	0	0	0	0	0	0	0	0	0	0	0	0
S(5,-5)Correlat	0.0017360848	0	0	0	0	0	0	0	0	0	0	0	0	0	0	0
S(5,-5)SumOfSqs	341.91996	0	0	0	0	0	0	0	0	0	0	0	0	0	0	0
S(5,-5)InvDfMom	0.046931321	0	0	0	0	0	0	0	0	0	0	0	0	0	0	0
S(5,-5)SumAverg	64.518754	0	0	0	0	0	0	0	0	0	0	0	0	0	0	0
S(5,-5)SumVarnc	685.02713	0	0	0	0	0	0	0	0	0	0	0	0	0	0	0
S(5,-5)SumEntrp	2.0234799	0	0	0	0	0	0	0	0	0	0	0	0	0	0	0
S(5,-5)Entropy	3.6023532	0	0	0	0	0	0	0	0	0	0	0	0	0	0	0
S(5,-5)DifVarnc	227.70368	0	0	0	0	0	0	0	0	0	0	0	0	0	0	0
S(5,-5)DifEntrp	1.7267468	0	0	0	0	0	0	0	0	0	0	0	0	0	0	0
Horzl_RLNonUni	61769.615	0	0	0	0	0	0	0	0	0	0	0	0	0	0	0
Horzl_GLevNonU	1011.4992	0	0	0	0	0	0	0	0	0	0	0	0	0	0	0
Horzl_LngREmph	1.0613122	0	0	0	0	0	0	0	0	0	0	0	0	0	0	0
Horzl_ShrtREmp	0.98521026	0	0	0	0	0	0	0	0	0	0	0	0	0	0	0
Horzl_Fraction	0.9803009	0	0	0	0	0	0	0	0	0	0	0	0	0	0	0
Vertl_RLNonUni	62525.856	0	0	0	0	0	0	0	0	0	0	0	0	0	0	0
Vertl_GLevNonU	1015.618	0	0	0	0	0	0	0	0	0	0	0	0	0	0	0
Vertl_LngREmph	1.0484118	0	0	0	0	0	0	0	0	0	0	0	0	0	0	0
Vertl_ShrtREmp	0.98825067	0	0	0	0	0	0	0	0	0	0	0	0	0	0	0
Vertl_Fraction	0.98432922	0	0	0	0	0	0	0	0	0	0	0	0	0	0	0
45dgr_RLNonUni	62461.059	0	0	0	0	0	0	0	0	0	0	0	0	0	0	0
45dgr_GLevNonU	1015.092	0	0	0	0	0	0	0	0	0	0	0	0	0	0	0
45dgr_LngREmph	1.0496084	0	0	0	0	0	0	0	0	0	0	0	0	0	0	0
45dgr_ShrtREmp	0.98799419	0	0	0	0	0	0	0	0	0	0	0	0	0	0	0
45dgr_Fraction	0.98396301	0	0	0	0	0	0	0	0	0	0	0	0	0	0	0
135dr_RLNonUni	62492.071	0	0	0	0	0	0	0	0	0	0	0	0	0	0	0
135dr_GLevNonU	1015.6207	0	0	0	0	0	0	0	0	0	0	0	0	0	0	0
135dr_LngREmph	1.0483071	0	0	0	0	0	0	0	0	0	0	0	0	0	0	0
135dr_ShrtREmp	0.98809548	0	0	0	0	0	0	0	0	0	0	0	0	0	0	0
135dr_Fraction	0.98425293	0	0	0	0	0	0	0	0	0	0	0	0	0	0	0
_AreaGr	64516	0	0	0	0	0	0	0	0	0	0	0	0	0	0	0
GrMean	8.2328722	0	0	0	0	0	0	0	0	0	0	0	0	0	0	0
GrVariance	15.425315	0	0	0	0	0	0	0	0	0	0	0	0	0	0	0
GrSkewness	0.17624674	0	0	0	0	0	0	0	0	0	0	0	0	0	0	0
GrKurtosis	-0.65600406	0	0	0	0	0	0	0	0	0	0	0	0	0	0	0
GrNonZeros	0.99589249	0	0	0	0	0	0	0	0	0	0	0	0	0	0	0
_AreaARM	64770	0	0	0	0	0	0	0	0	0	0	0	0	0	0	0
Teta1	0.060630644	0	0	0	0	0	0	0	0	0	0	0	0	0	0	0
Teta2	-0.0005894304	0	0	0	0	0	0	0	0	0	0	0	0	0	0	0
Teta3	0.00016071392	0	0	0	0	0	0	0	0	0	0	0	0	0	0	0
Teta4	-0.0017839559	0	0	0	0	0	0	0	0	0	0	0	0	0	0	0
Sigma	0.9977012	0	0	0	0	0	0	0	0	0	0	0	0	0	0	0
WavEnLL_s-1	17507.598	0	0	0	0	0	0	0	0	0	0	0	0	0	0	0
WavEnLH_s-1	1456.1821	0	0	0	0	0	0	0	0	0	0	0	0	0	0	0
WavEnHL_s-1	1277.5367	0	0	0	0	0	0	0	0	0	0	0	0	0	0	0
WavEnHH_s-1	1285.0051	0	0	0	0	0	0	0	0	0	0	0	0	0	0	0
WavEnLL_s-2	16426.045	0	0	0	0	0	0	0	0	0	0	0	0	0	0	0
WavEnLH_s-2	396.22742	0	0	0	0	0	0	0	0	0	0	0	0	0	0	0
WavEnHL_s-2	336.65198	0	0	0	0	0	0	0	0	0	0	0	0	0	0	0
WavEnHH_s-2	348.67364	0	0	0	0	0	0	0	0	0	0	0	0	0	0	0
WavEnLL_s-3	16147.025	0	0	0	0	0	0	0	0	0	0	0	0	0	0	0
WavEnLH_s-3	98.142969	0	0	0	0	0	0	0	0	0	0	0	0	0	0	0
WavEnHL_s-3	93.160369	0	0	0	0	0	0	0	0	0	0	0	0	0	0	0
WavEnHH_s-3	87.716728	0	0	0	0	0	0	0	0	0	0	0	0	0	0	0
WavEnLL_s-4	16072.804	0	0	0	0	0	0	0	0	0	0	0	0	0	0	0
WavEnLH_s-4	26.390362	0	0	0	0	0	0	0	0	0	0	0	0	0	0	0
WavEnHL_s-4	26.318818	0	0	0	0	0	0	0	0	0	0	0	0	0	0	0
WavEnHH_s-4	21.512009	0	0	0	0	0	0	0	0	0	0	0	0	0	0	0
