Image File: cushion1-a-p021.png 
ROI File: allred.roi 
Image size: 256 x 256
Min. lum.: 1
Max. lum.: 256
Bits/pixel: 8

Normalisation =  No
Histogram analysis = Yes
CO matrix analysis = Yes, Dimensions = 6 x 6, Distances = 1 2 3 4 5
RL matrix analysis = Yes, Dimension = 6
Gradient analysis = Yes, Max pixel value = 16
AR model analysis = Yes
Wavelet analysis = Yes

--------------- CLASS NAMES ----------------

----------------- FEATURES -----------------
_Area	65536	0	0	0	0	0	0	0	0	0	0	0	0	0	0	0
Mean	129.68759	0	0	0	0	0	0	0	0	0	0	0	0	0	0	0
Variance	5577.6068	0	0	0	0	0	0	0	0	0	0	0	0	0	0	0
Skewness	-0.021482975	0	0	0	0	0	0	0	0	0	0	0	0	0	0	0
Kurtosis	-1.2116451	0	0	0	0	0	0	0	0	0	0	0	0	0	0	0
Perc.01%	2	0	0	0	0	0	0	0	0	0	0	0	0	0	0	0
Perc.10%	26	0	0	0	0	0	0	0	0	0	0	0	0	0	0	0
Perc.50%	130	0	0	0	0	0	0	0	0	0	0	0	0	0	0	0
Perc.90%	232	0	0	0	0	0	0	0	0	0	0	0	0	0	0	0
Perc.99%	254	0	0	0	0	0	0	0	0	0	0	0	0	0	0	0
_Area_S(1,0)	130560	0	0	0	0	0	0	0	0	0	0	0	0	0	0	0
S(1,0)AngScMom	0.00025824723	0	0	0	0	0	0	0	0	0	0	0	0	0	0	0
S(1,0)Contrast	677.11189	0	0	0	0	0	0	0	0	0	0	0	0	0	0	0
S(1,0)Correlat	0.027499508	0	0	0	0	0	0	0	0	0	0	0	0	0	0	0
S(1,0)SumOfSqs	348.12933	0	0	0	0	0	0	0	0	0	0	0	0	0	0	0
S(1,0)InvDfMom	0.04883924	0	0	0	0	0	0	0	0	0	0	0	0	0	0	0
S(1,0)SumAverg	65.599142	0	0	0	0	0	0	0	0	0	0	0	0	0	0	0
S(1,0)SumVarnc	715.40543	0	0	0	0	0	0	0	0	0	0	0	0	0	0	0
S(1,0)SumEntrp	2.0319948	0	0	0	0	0	0	0	0	0	0	0	0	0	0	0
S(1,0)Entropy	3.6000689	0	0	0	0	0	0	0	0	0	0	0	0	0	0	0
S(1,0)DifVarnc	227.5069	0	0	0	0	0	0	0	0	0	0	0	0	0	0	0
S(1,0)DifEntrp	1.7250305	0	0	0	0	0	0	0	0	0	0	0	0	0	0	0
_Area_S(0,1)	130560	0	0	0	0	0	0	0	0	0	0	0	0	0	0	0
S(0,1)AngScMom	0.00025584642	0	0	0	0	0	0	0	0	0	0	0	0	0	0	0
S(0,1)Contrast	696.70309	0	0	0	0	0	0	0	0	0	0	0	0	0	0	0
S(0,1)Correlat	-0.00099703787	0	0	0	0	0	0	0	0	0	0	0	0	0	0	0
S(0,1)SumOfSqs	348.00457	0	0	0	0	0	0	0	0	0	0	0	0	0	0	0
S(0,1)InvDfMom	0.046637736	0	0	0	0	0	0	0	0	0	0	0	0	0	0	0
S(0,1)SumAverg	65.586795	0	0	0	0	0	0	0	0	0	0	0	0	0	0	0
S(0,1)SumVarnc	695.3152	0	0	0	0	0	0	0	0	0	0	0	0	0	0	0
S(0,1)SumEntrp	2.0260646	0	0	0	0	0	0	0	0	0	0	0	0	0	0	0
S(0,1)Entropy	3.6018991	0	0	0	0	0	0	0	0	0	0	0	0	0	0	0
S(0,1)DifVarnc	232.8603	0	0	0	0	0	0	0	0	0	0	0	0	0	0	0
S(0,1)DifEntrp	1.7307287	0	0	0	0	0	0	0	0	0	0	0	0	0	0	0
_Area_S(1,1)	130050	0	0	0	0	0	0	0	0	0	0	0	0	0	0	0
S(1,1)AngScMom	0.00025588644	0	0	0	0	0	0	0	0	0	0	0	0	0	0	0
S(1,1)Contrast	689.47131	0	0	0	0	0	0	0	0	0	0	0	0	0	0	0
S(1,1)Correlat	0.0092813878	0	0	0	0	0	0	0	0	0	0	0	0	0	0	0
S(1,1)SumOfSqs	347.96526	0	0	0	0	0	0	0	0	0	0	0	0	0	0	0
S(1,1)InvDfMom	0.046230266	0	0	0	0	0	0	0	0	0	0	0	0	0	0	0
S(1,1)SumAverg	65.594864	0	0	0	0	0	0	0	0	0	0	0	0	0	0	0
S(1,1)SumVarnc	702.38971	0	0	0	0	0	0	0	0	0	0	0	0	0	0	0
S(1,1)SumEntrp	2.0278926	0	0	0	0	0	0	0	0	0	0	0	0	0	0	0
S(1,1)Entropy	3.6018731	0	0	0	0	0	0	0	0	0	0	0	0	0	0	0
S(1,1)DifVarnc	229.9942	0	0	0	0	0	0	0	0	0	0	0	0	0	0	0
S(1,1)DifEntrp	1.7287779	0	0	0	0	0	0	0	0	0	0	0	0	0	0	0
_Area_S(1,-1)	130050	0	0	0	0	0	0	0	0	0	0	0	0	0	0	0
S(1,-1)AngScMom	0.00025588798	0	0	0	0	0	0	0	0	0	0	0	0	0	0	0
S(1,-1)Contrast	694.63516	0	0	0	0	0	0	0	0	0	0	0	0	0	0	0
S(1,-1)Correlat	0.001846765	0	0	0	0	0	0	0	0	0	0	0	0	0	0	0
S(1,-1)SumOfSqs	347.96018	0	0	0	0	0	0	0	0	0	0	0	0	0	0	0
S(1,-1)InvDfMom	0.048142999	0	0	0	0	0	0	0	0	0	0	0	0	0	0	0
S(1,-1)SumAverg	65.59451	0	0	0	0	0	0	0	0	0	0	0	0	0	0	0
S(1,-1)SumVarnc	697.20556	0	0	0	0	0	0	0	0	0	0	0	0	0	0	0
S(1,-1)SumEntrp	2.0267276	0	0	0	0	0	0	0	0	0	0	0	0	0	0	0
S(1,-1)Entropy	3.601922	0	0	0	0	0	0	0	0	0	0	0	0	0	0	0
S(1,-1)DifVarnc	232.68037	0	0	0	0	0	0	0	0	0	0	0	0	0	0	0
S(1,-1)DifEntrp	1.7303023	0	0	0	0	0	0	0	0	0	0	0	0	0	0	0
_Area_S(2,0)	130048	0	0	0	0	0	0	0	0	0	0	0	0	0	0	0
S(2,0)AngScMom	0.00025659947	0	0	0	0	0	0	0	0	0	0	0	0	0	0	0
S(2,0)Contrast	681.47752	0	0	0	0	0	0	0	0	0	0	0	0	0	0	0
S(2,0)Correlat	0.021171383	0	0	0	0	0	0	0	0	0	0	0	0	0	0	0
S(2,0)SumOfSqs	348.1087	0	0	0	0	0	0	0	0	0	0	0	0	0	0	0
S(2,0)InvDfMom	0.048656877	0	0	0	0	0	0	0	0	0	0	0	0	0	0	0
S(2,0)SumAverg	65.588859	0	0	0	0	0	0	0	0	0	0	0	0	0	0	0
S(2,0)SumVarnc	710.95729	0	0	0	0	0	0	0	0	0	0	0	0	0	0	0
S(2,0)SumEntrp	2.0306726	0	0	0	0	0	0	0	0	0	0	0	0	0	0	0
S(2,0)Entropy	3.6013139	0	0	0	0	0	0	0	0	0	0	0	0	0	0	0
S(2,0)DifVarnc	228.76917	0	0	0	0	0	0	0	0	0	0	0	0	0	0	0
S(2,0)DifEntrp	1.7264517	0	0	0	0	0	0	0	0	0	0	0	0	0	0	0
_Area_S(0,2)	130048	0	0	0	0	0	0	0	0	0	0	0	0	0	0	0
S(0,2)AngScMom	0.00025583022	0	0	0	0	0	0	0	0	0	0	0	0	0	0	0
S(0,2)Contrast	696.47046	0	0	0	0	0	0	0	0	0	0	0	0	0	0	0
S(0,2)Correlat	-0.00078387782	0	0	0	0	0	0	0	0	0	0	0	0	0	0	0
S(0,2)SumOfSqs	347.96247	0	0	0	0	0	0	0	0	0	0	0	0	0	0	0
S(0,2)InvDfMom	0.047344503	0	0	0	0	0	0	0	0	0	0	0	0	0	0	0
S(0,2)SumAverg	65.560854	0	0	0	0	0	0	0	0	0	0	0	0	0	0	0
S(0,2)SumVarnc	695.37942	0	0	0	0	0	0	0	0	0	0	0	0	0	0	0
S(0,2)SumEntrp	2.0263346	0	0	0	0	0	0	0	0	0	0	0	0	0	0	0
S(0,2)Entropy	3.6019173	0	0	0	0	0	0	0	0	0	0	0	0	0	0	0
S(0,2)DifVarnc	231.52839	0	0	0	0	0	0	0	0	0	0	0	0	0	0	0
S(0,2)DifEntrp	1.7306197	0	0	0	0	0	0	0	0	0	0	0	0	0	0	0
_Area_S(2,2)	129032	0	0	0	0	0	0	0	0	0	0	0	0	0	0	0
S(2,2)AngScMom	0.00025568636	0	0	0	0	0	0	0	0	0	0	0	0	0	0	0
S(2,2)Contrast	695.18812	0	0	0	0	0	0	0	0	0	0	0	0	0	0	0
S(2,2)Correlat	0.00088603966	0	0	0	0	0	0	0	0	0	0	0	0	0	0	0
S(2,2)SumOfSqs	347.90232	0	0	0	0	0	0	0	0	0	0	0	0	0	0	0
S(2,2)InvDfMom	0.046292105	0	0	0	0	0	0	0	0	0	0	0	0	0	0	0
S(2,2)SumAverg	65.558451	0	0	0	0	0	0	0	0	0	0	0	0	0	0	0
S(2,2)SumVarnc	696.42114	0	0	0	0	0	0	0	0	0	0	0	0	0	0	0
S(2,2)SumEntrp	2.0263216	0	0	0	0	0	0	0	0	0	0	0	0	0	0	0
S(2,2)Entropy	3.6020414	0	0	0	0	0	0	0	0	0	0	0	0	0	0	0
S(2,2)DifVarnc	230.76879	0	0	0	0	0	0	0	0	0	0	0	0	0	0	0
S(2,2)DifEntrp	1.7302789	0	0	0	0	0	0	0	0	0	0	0	0	0	0	0
_Area_S(2,-2)	129032	0	0	0	0	0	0	0	0	0	0	0	0	0	0	0
S(2,-2)AngScMom	0.00025548395	0	0	0	0	0	0	0	0	0	0	0	0	0	0	0
S(2,-2)Contrast	691.17331	0	0	0	0	0	0	0	0	0	0	0	0	0	0	0
S(2,-2)Correlat	0.006626742	0	0	0	0	0	0	0	0	0	0	0	0	0	0	0
S(2,-2)SumOfSqs	347.89204	0	0	0	0	0	0	0	0	0	0	0	0	0	0	0
S(2,-2)InvDfMom	0.047351994	0	0	0	0	0	0	0	0	0	0	0	0	0	0	0
S(2,-2)SumAverg	65.557273	0	0	0	0	0	0	0	0	0	0	0	0	0	0	0
S(2,-2)SumVarnc	700.39487	0	0	0	0	0	0	0	0	0	0	0	0	0	0	0
S(2,-2)SumEntrp	2.0276373	0	0	0	0	0	0	0	0	0	0	0	0	0	0	0
S(2,-2)Entropy	3.6022726	0	0	0	0	0	0	0	0	0	0	0	0	0	0	0
S(2,-2)DifVarnc	230.99181	0	0	0	0	0	0	0	0	0	0	0	0	0	0	0
S(2,-2)DifEntrp	1.7290809	0	0	0	0	0	0	0	0	0	0	0	0	0	0	0
_Area_S(3,0)	129536	0	0	0	0	0	0	0	0	0	0	0	0	0	0	0
S(3,0)AngScMom	0.00025600338	0	0	0	0	0	0	0	0	0	0	0	0	0	0	0
S(3,0)Contrast	682.46801	0	0	0	0	0	0	0	0	0	0	0	0	0	0	0
S(3,0)Correlat	0.019487924	0	0	0	0	0	0	0	0	0	0	0	0	0	0	0
S(3,0)SumOfSqs	348.01612	0	0	0	0	0	0	0	0	0	0	0	0	0	0	0
S(3,0)InvDfMom	0.048737878	0	0	0	0	0	0	0	0	0	0	0	0	0	0	0
S(3,0)SumAverg	65.606658	0	0	0	0	0	0	0	0	0	0	0	0	0	0	0
S(3,0)SumVarnc	709.59646	0	0	0	0	0	0	0	0	0	0	0	0	0	0	0
S(3,0)SumEntrp	2.0298283	0	0	0	0	0	0	0	0	0	0	0	0	0	0	0
S(3,0)Entropy	3.6018162	0	0	0	0	0	0	0	0	0	0	0	0	0	0	0
S(3,0)DifVarnc	230.04287	0	0	0	0	0	0	0	0	0	0	0	0	0	0	0
S(3,0)DifEntrp	1.7267961	0	0	0	0	0	0	0	0	0	0	0	0	0	0	0
_Area_S(0,3)	129536	0	0	0	0	0	0	0	0	0	0	0	0	0	0	0
S(0,3)AngScMom	0.0002558346	0	0	0	0	0	0	0	0	0	0	0	0	0	0	0
S(0,3)Contrast	701.5671	0	0	0	0	0	0	0	0	0	0	0	0	0	0	0
S(0,3)Correlat	-0.0082763212	0	0	0	0	0	0	0	0	0	0	0	0	0	0	0
S(0,3)SumOfSqs	347.90418	0	0	0	0	0	0	0	0	0	0	0	0	0	0	0
S(0,3)InvDfMom	0.046530138	0	0	0	0	0	0	0	0	0	0	0	0	0	0	0
S(0,3)SumAverg	65.561543	0	0	0	0	0	0	0	0	0	0	0	0	0	0	0
S(0,3)SumVarnc	690.04963	0	0	0	0	0	0	0	0	0	0	0	0	0	0	0
S(0,3)SumEntrp	2.0248806	0	0	0	0	0	0	0	0	0	0	0	0	0	0	0
S(0,3)Entropy	3.6019069	0	0	0	0	0	0	0	0	0	0	0	0	0	0	0
S(0,3)DifVarnc	233.7475	0	0	0	0	0	0	0	0	0	0	0	0	0	0	0
S(0,3)DifEntrp	1.7318504	0	0	0	0	0	0	0	0	0	0	0	0	0	0	0
_Area_S(3,3)	128018	0	0	0	0	0	0	0	0	0	0	0	0	0	0	0
S(3,3)AngScMom	0.00025591484	0	0	0	0	0	0	0	0	0	0	0	0	0	0	0
S(3,3)Contrast	694.60552	0	0	0	0	0	0	0	0	0	0	0	0	0	0	0
S(3,3)Correlat	0.0012467968	0	0	0	0	0	0	0	0	0	0	0	0	0	0	0
S(3,3)SumOfSqs	347.73632	0	0	0	0	0	0	0	0	0	0	0	0	0	0	0
S(3,3)InvDfMom	0.0479639	0	0	0	0	0	0	0	0	0	0	0	0	0	0	0
S(3,3)SumAverg	65.576763	0	0	0	0	0	0	0	0	0	0	0	0	0	0	0
S(3,3)SumVarnc	696.33975	0	0	0	0	0	0	0	0	0	0	0	0	0	0	0
S(3,3)SumEntrp	2.026682	0	0	0	0	0	0	0	0	0	0	0	0	0	0	0
S(3,3)Entropy	3.6018465	0	0	0	0	0	0	0	0	0	0	0	0	0	0	0
S(3,3)DifVarnc	232.08308	0	0	0	0	0	0	0	0	0	0	0	0	0	0	0
S(3,3)DifEntrp	1.7304309	0	0	0	0	0	0	0	0	0	0	0	0	0	0	0
_Area_S(3,-3)	128018	0	0	0	0	0	0	0	0	0	0	0	0	0	0	0
S(3,-3)AngScMom	0.00025584271	0	0	0	0	0	0	0	0	0	0	0	0	0	0	0
S(3,-3)Contrast	692.03529	0	0	0	0	0	0	0	0	0	0	0	0	0	0	0
S(3,-3)Correlat	0.0049786034	0	0	0	0	0	0	0	0	0	0	0	0	0	0	0
S(3,-3)SumOfSqs	347.74895	0	0	0	0	0	0	0	0	0	0	0	0	0	0	0
S(3,-3)InvDfMom	0.047564353	0	0	0	0	0	0	0	0	0	0	0	0	0	0	0
S(3,-3)SumAverg	65.575107	0	0	0	0	0	0	0	0	0	0	0	0	0	0	0
S(3,-3)SumVarnc	698.96051	0	0	0	0	0	0	0	0	0	0	0	0	0	0	0
S(3,-3)SumEntrp	2.0272232	0	0	0	0	0	0	0	0	0	0	0	0	0	0	0
S(3,-3)Entropy	3.6018983	0	0	0	0	0	0	0	0	0	0	0	0	0	0	0
S(3,-3)DifVarnc	231.88323	0	0	0	0	0	0	0	0	0	0	0	0	0	0	0
S(3,-3)DifEntrp	1.7295007	0	0	0	0	0	0	0	0	0	0	0	0	0	0	0
_Area_S(4,0)	129024	0	0	0	0	0	0	0	0	0	0	0	0	0	0	0
S(4,0)AngScMom	0.00025589312	0	0	0	0	0	0	0	0	0	0	0	0	0	0	0
S(4,0)Contrast	691.65709	0	0	0	0	0	0	0	0	0	0	0	0	0	0	0
S(4,0)Correlat	0.0065758156	0	0	0	0	0	0	0	0	0	0	0	0	0	0	0
S(4,0)SumOfSqs	348.1177	0	0	0	0	0	0	0	0	0	0	0	0	0	0	0
S(4,0)InvDfMom	0.047289549	0	0	0	0	0	0	0	0	0	0	0	0	0	0	0
S(4,0)SumAverg	65.613932	0	0	0	0	0	0	0	0	0	0	0	0	0	0	0
S(4,0)SumVarnc	700.81372	0	0	0	0	0	0	0	0	0	0	0	0	0	0	0
S(4,0)SumEntrp	2.0281622	0	0	0	0	0	0	0	0	0	0	0	0	0	0	0
S(4,0)Entropy	3.6018835	0	0	0	0	0	0	0	0	0	0	0	0	0	0	0
S(4,0)DifVarnc	231.34469	0	0	0	0	0	0	0	0	0	0	0	0	0	0	0
S(4,0)DifEntrp	1.7292951	0	0	0	0	0	0	0	0	0	0	0	0	0	0	0
_Area_S(0,4)	129024	0	0	0	0	0	0	0	0	0	0	0	0	0	0	0
S(0,4)AngScMom	0.00025595871	0	0	0	0	0	0	0	0	0	0	0	0	0	0	0
S(0,4)Contrast	697.4683	0	0	0	0	0	0	0	0	0	0	0	0	0	0	0
S(0,4)Correlat	-0.0022872934	0	0	0	0	0	0	0	0	0	0	0	0	0	0	0
S(0,4)SumOfSqs	347.93831	0	0	0	0	0	0	0	0	0	0	0	0	0	0	0
S(0,4)InvDfMom	0.046218253	0	0	0	0	0	0	0	0	0	0	0	0	0	0	0
S(0,4)SumAverg	65.563136	0	0	0	0	0	0	0	0	0	0	0	0	0	0	0
S(0,4)SumVarnc	694.28495	0	0	0	0	0	0	0	0	0	0	0	0	0	0	0
S(0,4)SumEntrp	2.0262158	0	0	0	0	0	0	0	0	0	0	0	0	0	0	0
S(0,4)Entropy	3.6017422	0	0	0	0	0	0	0	0	0	0	0	0	0	0	0
S(0,4)DifVarnc	232.62917	0	0	0	0	0	0	0	0	0	0	0	0	0	0	0
S(0,4)DifEntrp	1.7306233	0	0	0	0	0	0	0	0	0	0	0	0	0	0	0
_Area_S(4,4)	127008	0	0	0	0	0	0	0	0	0	0	0	0	0	0	0
S(4,4)AngScMom	0.00025592932	0	0	0	0	0	0	0	0	0	0	0	0	0	0	0
S(4,4)Contrast	690.52836	0	0	0	0	0	0	0	0	0	0	0	0	0	0	0
S(4,4)Correlat	0.0074862129	0	0	0	0	0	0	0	0	0	0	0	0	0	0	0
S(4,4)SumOfSqs	347.8684	0	0	0	0	0	0	0	0	0	0	0	0	0	0	0
S(4,4)InvDfMom	0.047506597	0	0	0	0	0	0	0	0	0	0	0	0	0	0	0
S(4,4)SumAverg	65.585869	0	0	0	0	0	0	0	0	0	0	0	0	0	0	0
S(4,4)SumVarnc	700.94523	0	0	0	0	0	0	0	0	0	0	0	0	0	0	0
S(4,4)SumEntrp	2.027826	0	0	0	0	0	0	0	0	0	0	0	0	0	0	0
S(4,4)Entropy	3.6017761	0	0	0	0	0	0	0	0	0	0	0	0	0	0	0
S(4,4)DifVarnc	232.11035	0	0	0	0	0	0	0	0	0	0	0	0	0	0	0
S(4,4)DifEntrp	1.7291915	0	0	0	0	0	0	0	0	0	0	0	0	0	0	0
_Area_S(4,-4)	127008	0	0	0	0	0	0	0	0	0	0	0	0	0	0	0
S(4,-4)AngScMom	0.0002558	0	0	0	0	0	0	0	0	0	0	0	0	0	0	0
S(4,-4)Contrast	693.67637	0	0	0	0	0	0	0	0	0	0	0	0	0	0	0
S(4,-4)Correlat	0.0029697321	0	0	0	0	0	0	0	0	0	0	0	0	0	0	0
S(4,-4)SumOfSqs	347.87127	0	0	0	0	0	0	0	0	0	0	0	0	0	0	0
S(4,-4)InvDfMom	0.047158677	0	0	0	0	0	0	0	0	0	0	0	0	0	0	0
S(4,-4)SumAverg	65.583806	0	0	0	0	0	0	0	0	0	0	0	0	0	0	0
S(4,-4)SumVarnc	697.8087	0	0	0	0	0	0	0	0	0	0	0	0	0	0	0
S(4,-4)SumEntrp	2.0270562	0	0	0	0	0	0	0	0	0	0	0	0	0	0	0
S(4,-4)Entropy	3.6019512	0	0	0	0	0	0	0	0	0	0	0	0	0	0	0
S(4,-4)DifVarnc	230.73138	0	0	0	0	0	0	0	0	0	0	0	0	0	0	0
S(4,-4)DifEntrp	1.7296066	0	0	0	0	0	0	0	0	0	0	0	0	0	0	0
_Area_S(5,0)	128512	0	0	0	0	0	0	0	0	0	0	0	0	0	0	0
S(5,0)AngScMom	0.00025606421	0	0	0	0	0	0	0	0	0	0	0	0	0	0	0
S(5,0)Contrast	690.27741	0	0	0	0	0	0	0	0	0	0	0	0	0	0	0
S(5,0)Correlat	0.0084922067	0	0	0	0	0	0	0	0	0	0	0	0	0	0	0
S(5,0)SumOfSqs	348.0948	0	0	0	0	0	0	0	0	0	0	0	0	0	0	0
S(5,0)InvDfMom	0.0459081	0	0	0	0	0	0	0	0	0	0	0	0	0	0	0
S(5,0)SumAverg	65.609764	0	0	0	0	0	0	0	0	0	0	0	0	0	0	0
S(5,0)SumVarnc	702.10178	0	0	0	0	0	0	0	0	0	0	0	0	0	0	0
S(5,0)SumEntrp	2.0278958	0	0	0	0	0	0	0	0	0	0	0	0	0	0	0
S(5,0)Entropy	3.6017585	0	0	0	0	0	0	0	0	0	0	0	0	0	0	0
S(5,0)DifVarnc	229.99877	0	0	0	0	0	0	0	0	0	0	0	0	0	0	0
S(5,0)DifEntrp	1.728678	0	0	0	0	0	0	0	0	0	0	0	0	0	0	0
_Area_S(0,5)	128512	0	0	0	0	0	0	0	0	0	0	0	0	0	0	0
S(0,5)AngScMom	0.00025566664	0	0	0	0	0	0	0	0	0	0	0	0	0	0	0
S(0,5)Contrast	688.84741	0	0	0	0	0	0	0	0	0	0	0	0	0	0	0
S(0,5)Correlat	0.009937703	0	0	0	0	0	0	0	0	0	0	0	0	0	0	0
S(0,5)SumOfSqs	347.88084	0	0	0	0	0	0	0	0	0	0	0	0	0	0	0
S(0,5)InvDfMom	0.047164469	0	0	0	0	0	0	0	0	0	0	0	0	0	0	0
S(0,5)SumAverg	65.563605	0	0	0	0	0	0	0	0	0	0	0	0	0	0	0
S(0,5)SumVarnc	702.67595	0	0	0	0	0	0	0	0	0	0	0	0	0	0	0
S(0,5)SumEntrp	2.0283237	0	0	0	0	0	0	0	0	0	0	0	0	0	0	0
S(0,5)Entropy	3.6020685	0	0	0	0	0	0	0	0	0	0	0	0	0	0	0
S(0,5)DifVarnc	230.01935	0	0	0	0	0	0	0	0	0	0	0	0	0	0	0
S(0,5)DifEntrp	1.7283252	0	0	0	0	0	0	0	0	0	0	0	0	0	0	0
_Area_S(5,5)	126002	0	0	0	0	0	0	0	0	0	0	0	0	0	0	0
S(5,5)AngScMom	0.00025587963	0	0	0	0	0	0	0	0	0	0	0	0	0	0	0
S(5,5)Contrast	696.87127	0	0	0	0	0	0	0	0	0	0	0	0	0	0	0
S(5,5)Correlat	-0.0018635442	0	0	0	0	0	0	0	0	0	0	0	0	0	0	0
S(5,5)SumOfSqs	347.78752	0	0	0	0	0	0	0	0	0	0	0	0	0	0	0
S(5,5)InvDfMom	0.046371507	0	0	0	0	0	0	0	0	0	0	0	0	0	0	0
S(5,5)SumAverg	65.583895	0	0	0	0	0	0	0	0	0	0	0	0	0	0	0
S(5,5)SumVarnc	694.2788	0	0	0	0	0	0	0	0	0	0	0	0	0	0	0
S(5,5)SumEntrp	2.0258584	0	0	0	0	0	0	0	0	0	0	0	0	0	0	0
S(5,5)Entropy	3.6019151	0	0	0	0	0	0	0	0	0	0	0	0	0	0	0
S(5,5)DifVarnc	232.53072	0	0	0	0	0	0	0	0	0	0	0	0	0	0	0
S(5,5)DifEntrp	1.7307361	0	0	0	0	0	0	0	0	0	0	0	0	0	0	0
_Area_S(5,-5)	126002	0	0	0	0	0	0	0	0	0	0	0	0	0	0	0
S(5,-5)AngScMom	0.00025593745	0	0	0	0	0	0	0	0	0	0	0	0	0	0	0
S(5,-5)Contrast	689.10859	0	0	0	0	0	0	0	0	0	0	0	0	0	0	0
S(5,-5)Correlat	0.0092621637	0	0	0	0	0	0	0	0	0	0	0	0	0	0	0
S(5,-5)SumOfSqs	347.77545	0	0	0	0	0	0	0	0	0	0	0	0	0	0	0
S(5,-5)InvDfMom	0.047201441	0	0	0	0	0	0	0	0	0	0	0	0	0	0	0
S(5,-5)SumAverg	65.578959	0	0	0	0	0	0	0	0	0	0	0	0	0	0	0
S(5,-5)SumVarnc	701.9932	0	0	0	0	0	0	0	0	0	0	0	0	0	0	0
S(5,-5)SumEntrp	2.0279114	0	0	0	0	0	0	0	0	0	0	0	0	0	0	0
S(5,-5)Entropy	3.6017413	0	0	0	0	0	0	0	0	0	0	0	0	0	0	0
S(5,-5)DifVarnc	230.32715	0	0	0	0	0	0	0	0	0	0	0	0	0	0	0
S(5,-5)DifEntrp	1.7288804	0	0	0	0	0	0	0	0	0	0	0	0	0	0	0
Horzl_RLNonUni	62332.82	0	0	0	0	0	0	0	0	0	0	0	0	0	0	0
Horzl_GLevNonU	1014.5911	0	0	0	0	0	0	0	0	0	0	0	0	0	0	0
Horzl_LngREmph	1.0518312	0	0	0	0	0	0	0	0	0	0	0	0	0	0	0
Horzl_ShrtREmp	0.98748243	0	0	0	0	0	0	0	0	0	0	0	0	0	0	0
Horzl_Fraction	0.98327637	0	0	0	0	0	0	0	0	0	0	0	0	0	0	0
Vertl_RLNonUni	62585.504	0	0	0	0	0	0	0	0	0	0	0	0	0	0	0
Vertl_GLevNonU	1016.1326	0	0	0	0	0	0	0	0	0	0	0	0	0	0	0
Vertl_LngREmph	1.0475762	0	0	0	0	0	0	0	0	0	0	0	0	0	0	0
Vertl_ShrtREmp	0.98849391	0	0	0	0	0	0	0	0	0	0	0	0	0	0	0
Vertl_Fraction	0.98461914	0	0	0	0	0	0	0	0	0	0	0	0	0	0	0
45dgr_RLNonUni	62578.864	0	0	0	0	0	0	0	0	0	0	0	0	0	0	0
45dgr_GLevNonU	1016.1728	0	0	0	0	0	0	0	0	0	0	0	0	0	0	0
45dgr_LngREmph	1.0473431	0	0	0	0	0	0	0	0	0	0	0	0	0	0	0
45dgr_ShrtREmp	0.98845696	0	0	0	0	0	0	0	0	0	0	0	0	0	0	0
45dgr_Fraction	0.9846344	0	0	0	0	0	0	0	0	0	0	0	0	0	0	0
135dr_RLNonUni	62284.315	0	0	0	0	0	0	0	0	0	0	0	0	0	0	0
135dr_GLevNonU	1014.8108	0	0	0	0	0	0	0	0	0	0	0	0	0	0	0
135dr_LngREmph	1.0521823	0	0	0	0	0	0	0	0	0	0	0	0	0	0	0
135dr_ShrtREmp	0.98727402	0	0	0	0	0	0	0	0	0	0	0	0	0	0	0
135dr_Fraction	0.98309326	0	0	0	0	0	0	0	0	0	0	0	0	0	0	0
_AreaGr	64516	0	0	0	0	0	0	0	0	0	0	0	0	0	0	0
GrMean	8.3723792	0	0	0	0	0	0	0	0	0	0	0	0	0	0	0
GrVariance	15.798812	0	0	0	0	0	0	0	0	0	0	0	0	0	0	0
GrSkewness	0.16268484	0	0	0	0	0	0	0	0	0	0	0	0	0	0	0
GrKurtosis	-0.66255339	0	0	0	0	0	0	0	0	0	0	0	0	0	0	0
GrNonZeros	0.99615599	0	0	0	0	0	0	0	0	0	0	0	0	0	0	0
_AreaARM	64770	0	0	0	0	0	0	0	0	0	0	0	0	0	0	0
Teta1	0.026553679	0	0	0	0	0	0	0	0	0	0	0	0	0	0	0
Teta2	0.001349723	0	0	0	0	0	0	0	0	0	0	0	0	0	0	0
Teta3	-0.0013821196	0	0	0	0	0	0	0	0	0	0	0	0	0	0	0
Teta4	0.0090549644	0	0	0	0	0	0	0	0	0	0	0	0	0	0	0
Sigma	0.99887103	0	0	0	0	0	0	0	0	0	0	0	0	0	0	0
WavEnLL_s-1	18006.392	0	0	0	0	0	0	0	0	0	0	0	0	0	0	0
WavEnLH_s-1	1423.4861	0	0	0	0	0	0	0	0	0	0	0	0	0	0	0
WavEnHL_s-1	1350.1322	0	0	0	0	0	0	0	0	0	0	0	0	0	0	0
WavEnHH_s-1	1358.093	0	0	0	0	0	0	0	0	0	0	0	0	0	0	0
WavEnLL_s-2	16937.364	0	0	0	0	0	0	0	0	0	0	0	0	0	0	0
WavEnLH_s-2	377.56499	0	0	0	0	0	0	0	0	0	0	0	0	0	0	0
WavEnHL_s-2	335.93522	0	0	0	0	0	0	0	0	0	0	0	0	0	0	0
WavEnHH_s-2	355.52786	0	0	0	0	0	0	0	0	0	0	0	0	0	0	0
WavEnLL_s-3	16660.18	0	0	0	0	0	0	0	0	0	0	0	0	0	0	0
WavEnLH_s-3	99.156161	0	0	0	0	0	0	0	0	0	0	0	0	0	0	0
WavEnHL_s-3	89.29039	0	0	0	0	0	0	0	0	0	0	0	0	0	0	0
WavEnHH_s-3	88.736913	0	0	0	0	0	0	0	0	0	0	0	0	0	0	0
WavEnLL_s-4	16589.216	0	0	0	0	0	0	0	0	0	0	0	0	0	0	0
WavEnLH_s-4	25.766872	0	0	0	0	0	0	0	0	0	0	0	0	0	0	0
WavEnHL_s-4	21.944591	0	0	0	0	0	0	0	0	0	0	0	0	0	0	0
WavEnHH_s-4	23.252419	0	0	0	0	0	0	0	0	0	0	0	0	0	0	0
