Image File: cushion1-a-p024.png 
ROI File: allred.roi 
Image size: 256 x 256
Min. lum.: 1
Max. lum.: 256
Bits/pixel: 8

Normalisation =  No
Histogram analysis = Yes
CO matrix analysis = Yes, Dimensions = 6 x 6, Distances = 1 2 3 4 5
RL matrix analysis = Yes, Dimension = 6
Gradient analysis = Yes, Max pixel value = 16
AR model analysis = Yes
Wavelet analysis = Yes

--------------- CLASS NAMES ----------------

----------------- FEATURES -----------------
_Area	65536	0	0	0	0	0	0	0	0	0	0	0	0	0	0	0
Mean	131.80565	0	0	0	0	0	0	0	0	0	0	0	0	0	0	0
Variance	5298.2484	0	0	0	0	0	0	0	0	0	0	0	0	0	0	0
Skewness	-0.036050707	0	0	0	0	0	0	0	0	0	0	0	0	0	0	0
Kurtosis	-1.1722644	0	0	0	0	0	0	0	0	0	0	0	0	0	0	0
Perc.01%	3	0	0	0	0	0	0	0	0	0	0	0	0	0	0	0
Perc.10%	31	0	0	0	0	0	0	0	0	0	0	0	0	0	0	0
Perc.50%	133	0	0	0	0	0	0	0	0	0	0	0	0	0	0	0
Perc.90%	232	0	0	0	0	0	0	0	0	0	0	0	0	0	0	0
Perc.99%	254	0	0	0	0	0	0	0	0	0	0	0	0	0	0	0
_Area_S(1,0)	130560	0	0	0	0	0	0	0	0	0	0	0	0	0	0	0
S(1,0)AngScMom	0.00026842187	0	0	0	0	0	0	0	0	0	0	0	0	0	0	0
S(1,0)Contrast	624.97718	0	0	0	0	0	0	0	0	0	0	0	0	0	0	0
S(1,0)Correlat	0.054342324	0	0	0	0	0	0	0	0	0	0	0	0	0	0	0
S(1,0)SumOfSqs	330.44578	0	0	0	0	0	0	0	0	0	0	0	0	0	0	0
S(1,0)InvDfMom	0.053456876	0	0	0	0	0	0	0	0	0	0	0	0	0	0	0
S(1,0)SumAverg	66.636826	0	0	0	0	0	0	0	0	0	0	0	0	0	0	0
S(1,0)SumVarnc	696.80594	0	0	0	0	0	0	0	0	0	0	0	0	0	0	0
S(1,0)SumEntrp	2.0269871	0	0	0	0	0	0	0	0	0	0	0	0	0	0	0
S(1,0)Entropy	3.5914544	0	0	0	0	0	0	0	0	0	0	0	0	0	0	0
S(1,0)DifVarnc	212.42184	0	0	0	0	0	0	0	0	0	0	0	0	0	0	0
S(1,0)DifEntrp	1.7102209	0	0	0	0	0	0	0	0	0	0	0	0	0	0	0
_Area_S(0,1)	130560	0	0	0	0	0	0	0	0	0	0	0	0	0	0	0
S(0,1)AngScMom	0.00026036011	0	0	0	0	0	0	0	0	0	0	0	0	0	0	0
S(0,1)Contrast	666.31299	0	0	0	0	0	0	0	0	0	0	0	0	0	0	0
S(0,1)Correlat	-0.0087014398	0	0	0	0	0	0	0	0	0	0	0	0	0	0	0
S(0,1)SumOfSqs	330.28256	0	0	0	0	0	0	0	0	0	0	0	0	0	0	0
S(0,1)InvDfMom	0.047481781	0	0	0	0	0	0	0	0	0	0	0	0	0	0	0
S(0,1)SumAverg	66.641422	0	0	0	0	0	0	0	0	0	0	0	0	0	0	0
S(0,1)SumVarnc	654.81725	0	0	0	0	0	0	0	0	0	0	0	0	0	0	0
S(0,1)SumEntrp	2.0150031	0	0	0	0	0	0	0	0	0	0	0	0	0	0	0
S(0,1)Entropy	3.5979259	0	0	0	0	0	0	0	0	0	0	0	0	0	0	0
S(0,1)DifVarnc	221.37187	0	0	0	0	0	0	0	0	0	0	0	0	0	0	0
S(0,1)DifEntrp	1.7220927	0	0	0	0	0	0	0	0	0	0	0	0	0	0	0
_Area_S(1,1)	130050	0	0	0	0	0	0	0	0	0	0	0	0	0	0	0
S(1,1)AngScMom	0.00026041857	0	0	0	0	0	0	0	0	0	0	0	0	0	0	0
S(1,1)Contrast	657.68249	0	0	0	0	0	0	0	0	0	0	0	0	0	0	0
S(1,1)Correlat	0.0041719838	0	0	0	0	0	0	0	0	0	0	0	0	0	0	0
S(1,1)SumOfSqs	330.21891	0	0	0	0	0	0	0	0	0	0	0	0	0	0	0
S(1,1)InvDfMom	0.047763335	0	0	0	0	0	0	0	0	0	0	0	0	0	0	0
S(1,1)SumAverg	66.642953	0	0	0	0	0	0	0	0	0	0	0	0	0	0	0
S(1,1)SumVarnc	663.19316	0	0	0	0	0	0	0	0	0	0	0	0	0	0	0
S(1,1)SumEntrp	2.0171572	0	0	0	0	0	0	0	0	0	0	0	0	0	0	0
S(1,1)Entropy	3.5978144	0	0	0	0	0	0	0	0	0	0	0	0	0	0	0
S(1,1)DifVarnc	220.20659	0	0	0	0	0	0	0	0	0	0	0	0	0	0	0
S(1,1)DifEntrp	1.7198308	0	0	0	0	0	0	0	0	0	0	0	0	0	0	0
_Area_S(1,-1)	130050	0	0	0	0	0	0	0	0	0	0	0	0	0	0	0
S(1,-1)AngScMom	0.00026066277	0	0	0	0	0	0	0	0	0	0	0	0	0	0	0
S(1,-1)Contrast	660.35708	0	0	0	0	0	0	0	0	0	0	0	0	0	0	0
S(1,-1)Correlat	0.00011843946	0	0	0	0	0	0	0	0	0	0	0	0	0	0	0
S(1,-1)SumOfSqs	330.21765	0	0	0	0	0	0	0	0	0	0	0	0	0	0	0
S(1,-1)InvDfMom	0.048178262	0	0	0	0	0	0	0	0	0	0	0	0	0	0	0
S(1,-1)SumAverg	66.642937	0	0	0	0	0	0	0	0	0	0	0	0	0	0	0
S(1,-1)SumVarnc	660.51352	0	0	0	0	0	0	0	0	0	0	0	0	0	0	0
S(1,-1)SumEntrp	2.0165859	0	0	0	0	0	0	0	0	0	0	0	0	0	0	0
S(1,-1)Entropy	3.5977897	0	0	0	0	0	0	0	0	0	0	0	0	0	0	0
S(1,-1)DifVarnc	220.95747	0	0	0	0	0	0	0	0	0	0	0	0	0	0	0
S(1,-1)DifEntrp	1.7204438	0	0	0	0	0	0	0	0	0	0	0	0	0	0	0
_Area_S(2,0)	130048	0	0	0	0	0	0	0	0	0	0	0	0	0	0	0
S(2,0)AngScMom	0.00026277917	0	0	0	0	0	0	0	0	0	0	0	0	0	0	0
S(2,0)Contrast	634.38769	0	0	0	0	0	0	0	0	0	0	0	0	0	0	0
S(2,0)Correlat	0.040469184	0	0	0	0	0	0	0	0	0	0	0	0	0	0	0
S(2,0)SumOfSqs	330.57182	0	0	0	0	0	0	0	0	0	0	0	0	0	0	0
S(2,0)InvDfMom	0.050036003	0	0	0	0	0	0	0	0	0	0	0	0	0	0	0
S(2,0)SumAverg	66.635289	0	0	0	0	0	0	0	0	0	0	0	0	0	0	0
S(2,0)SumVarnc	687.89957	0	0	0	0	0	0	0	0	0	0	0	0	0	0	0
S(2,0)SumEntrp	2.0245432	0	0	0	0	0	0	0	0	0	0	0	0	0	0	0
S(2,0)Entropy	3.5959328	0	0	0	0	0	0	0	0	0	0	0	0	0	0	0
S(2,0)DifVarnc	214.42831	0	0	0	0	0	0	0	0	0	0	0	0	0	0	0
S(2,0)DifEntrp	1.7130418	0	0	0	0	0	0	0	0	0	0	0	0	0	0	0
_Area_S(0,2)	130048	0	0	0	0	0	0	0	0	0	0	0	0	0	0	0
S(0,2)AngScMom	0.00026002014	0	0	0	0	0	0	0	0	0	0	0	0	0	0	0
S(0,2)Contrast	654.68416	0	0	0	0	0	0	0	0	0	0	0	0	0	0	0
S(0,2)Correlat	0.0084747605	0	0	0	0	0	0	0	0	0	0	0	0	0	0	0
S(0,2)SumOfSqs	330.13994	0	0	0	0	0	0	0	0	0	0	0	0	0	0	0
S(0,2)InvDfMom	0.04738858	0	0	0	0	0	0	0	0	0	0	0	0	0	0	0
S(0,2)SumAverg	66.621355	0	0	0	0	0	0	0	0	0	0	0	0	0	0	0
S(0,2)SumVarnc	665.87559	0	0	0	0	0	0	0	0	0	0	0	0	0	0	0
S(0,2)SumEntrp	2.0179482	0	0	0	0	0	0	0	0	0	0	0	0	0	0	0
S(0,2)Entropy	3.5982401	0	0	0	0	0	0	0	0	0	0	0	0	0	0	0
S(0,2)DifVarnc	218.57882	0	0	0	0	0	0	0	0	0	0	0	0	0	0	0
S(0,2)DifEntrp	1.7188331	0	0	0	0	0	0	0	0	0	0	0	0	0	0	0
_Area_S(2,2)	129032	0	0	0	0	0	0	0	0	0	0	0	0	0	0	0
S(2,2)AngScMom	0.00026007983	0	0	0	0	0	0	0	0	0	0	0	0	0	0	0
S(2,2)Contrast	663.6955	0	0	0	0	0	0	0	0	0	0	0	0	0	0	0
S(2,2)Correlat	-0.0049472392	0	0	0	0	0	0	0	0	0	0	0	0	0	0	0
S(2,2)SumOfSqs	330.2141	0	0	0	0	0	0	0	0	0	0	0	0	0	0	0
S(2,2)InvDfMom	0.047444227	0	0	0	0	0	0	0	0	0	0	0	0	0	0	0
S(2,2)SumAverg	66.62197	0	0	0	0	0	0	0	0	0	0	0	0	0	0	0
S(2,2)SumVarnc	657.16091	0	0	0	0	0	0	0	0	0	0	0	0	0	0	0
S(2,2)SumEntrp	2.0157937	0	0	0	0	0	0	0	0	0	0	0	0	0	0	0
S(2,2)Entropy	3.5981782	0	0	0	0	0	0	0	0	0	0	0	0	0	0	0
S(2,2)DifVarnc	220.89365	0	0	0	0	0	0	0	0	0	0	0	0	0	0	0
S(2,2)DifEntrp	1.7213556	0	0	0	0	0	0	0	0	0	0	0	0	0	0	0
_Area_S(2,-2)	129032	0	0	0	0	0	0	0	0	0	0	0	0	0	0	0
S(2,-2)AngScMom	0.00025994998	0	0	0	0	0	0	0	0	0	0	0	0	0	0	0
S(2,-2)Contrast	657.42723	0	0	0	0	0	0	0	0	0	0	0	0	0	0	0
S(2,-2)Correlat	0.0045005984	0	0	0	0	0	0	0	0	0	0	0	0	0	0	0
S(2,-2)SumOfSqs	330.19971	0	0	0	0	0	0	0	0	0	0	0	0	0	0	0
S(2,-2)InvDfMom	0.048198848	0	0	0	0	0	0	0	0	0	0	0	0	0	0	0
S(2,-2)SumAverg	66.62135	0	0	0	0	0	0	0	0	0	0	0	0	0	0	0
S(2,-2)SumVarnc	663.37161	0	0	0	0	0	0	0	0	0	0	0	0	0	0	0
S(2,-2)SumEntrp	2.0172486	0	0	0	0	0	0	0	0	0	0	0	0	0	0	0
S(2,-2)Entropy	3.5983559	0	0	0	0	0	0	0	0	0	0	0	0	0	0	0
S(2,-2)DifVarnc	219.56272	0	0	0	0	0	0	0	0	0	0	0	0	0	0	0
S(2,-2)DifEntrp	1.7198403	0	0	0	0	0	0	0	0	0	0	0	0	0	0	0
_Area_S(3,0)	129536	0	0	0	0	0	0	0	0	0	0	0	0	0	0	0
S(3,0)AngScMom	0.00026155918	0	0	0	0	0	0	0	0	0	0	0	0	0	0	0
S(3,0)Contrast	643.68988	0	0	0	0	0	0	0	0	0	0	0	0	0	0	0
S(3,0)Correlat	0.02613051	0	0	0	0	0	0	0	0	0	0	0	0	0	0	0
S(3,0)SumOfSqs	330.48056	0	0	0	0	0	0	0	0	0	0	0	0	0	0	0
S(3,0)InvDfMom	0.049707058	0	0	0	0	0	0	0	0	0	0	0	0	0	0	0
S(3,0)SumAverg	66.634356	0	0	0	0	0	0	0	0	0	0	0	0	0	0	0
S(3,0)SumVarnc	678.23238	0	0	0	0	0	0	0	0	0	0	0	0	0	0	0
S(3,0)SumEntrp	2.0218933	0	0	0	0	0	0	0	0	0	0	0	0	0	0	0
S(3,0)Entropy	3.5969034	0	0	0	0	0	0	0	0	0	0	0	0	0	0	0
S(3,0)DifVarnc	216.58685	0	0	0	0	0	0	0	0	0	0	0	0	0	0	0
S(3,0)DifEntrp	1.7158199	0	0	0	0	0	0	0	0	0	0	0	0	0	0	0
_Area_S(0,3)	129536	0	0	0	0	0	0	0	0	0	0	0	0	0	0	0
S(0,3)AngScMom	0.00026029121	0	0	0	0	0	0	0	0	0	0	0	0	0	0	0
S(0,3)Contrast	662.28429	0	0	0	0	0	0	0	0	0	0	0	0	0	0	0
S(0,3)Correlat	-0.0027305751	0	0	0	0	0	0	0	0	0	0	0	0	0	0	0
S(0,3)SumOfSqs	330.2404	0	0	0	0	0	0	0	0	0	0	0	0	0	0	0
S(0,3)InvDfMom	0.046250597	0	0	0	0	0	0	0	0	0	0	0	0	0	0	0
S(0,3)SumAverg	66.622391	0	0	0	0	0	0	0	0	0	0	0	0	0	0	0
S(0,3)SumVarnc	658.67731	0	0	0	0	0	0	0	0	0	0	0	0	0	0	0
S(0,3)SumEntrp	2.015856	0	0	0	0	0	0	0	0	0	0	0	0	0	0	0
S(0,3)Entropy	3.5980515	0	0	0	0	0	0	0	0	0	0	0	0	0	0	0
S(0,3)DifVarnc	220.09225	0	0	0	0	0	0	0	0	0	0	0	0	0	0	0
S(0,3)DifEntrp	1.7211357	0	0	0	0	0	0	0	0	0	0	0	0	0	0	0
_Area_S(3,3)	128018	0	0	0	0	0	0	0	0	0	0	0	0	0	0	0
S(3,3)AngScMom	0.00026044823	0	0	0	0	0	0	0	0	0	0	0	0	0	0	0
S(3,3)Contrast	663.51594	0	0	0	0	0	0	0	0	0	0	0	0	0	0	0
S(3,3)Correlat	-0.0046145882	0	0	0	0	0	0	0	0	0	0	0	0	0	0	0
S(3,3)SumOfSqs	330.23408	0	0	0	0	0	0	0	0	0	0	0	0	0	0	0
S(3,3)InvDfMom	0.04870763	0	0	0	0	0	0	0	0	0	0	0	0	0	0	0
S(3,3)SumAverg	66.621444	0	0	0	0	0	0	0	0	0	0	0	0	0	0	0
S(3,3)SumVarnc	657.42037	0	0	0	0	0	0	0	0	0	0	0	0	0	0	0
S(3,3)SumEntrp	2.0155172	0	0	0	0	0	0	0	0	0	0	0	0	0	0	0
S(3,3)Entropy	3.5978805	0	0	0	0	0	0	0	0	0	0	0	0	0	0	0
S(3,3)DifVarnc	222.34336	0	0	0	0	0	0	0	0	0	0	0	0	0	0	0
S(3,3)DifEntrp	1.7220034	0	0	0	0	0	0	0	0	0	0	0	0	0	0	0
_Area_S(3,-3)	128018	0	0	0	0	0	0	0	0	0	0	0	0	0	0	0
S(3,-3)AngScMom	0.00026067973	0	0	0	0	0	0	0	0	0	0	0	0	0	0	0
S(3,-3)Contrast	663.42936	0	0	0	0	0	0	0	0	0	0	0	0	0	0	0
S(3,-3)Correlat	-0.0045957786	0	0	0	0	0	0	0	0	0	0	0	0	0	0	0
S(3,-3)SumOfSqs	330.19717	0	0	0	0	0	0	0	0	0	0	0	0	0	0	0
S(3,-3)InvDfMom	0.045451518	0	0	0	0	0	0	0	0	0	0	0	0	0	0	0
S(3,-3)SumAverg	66.620163	0	0	0	0	0	0	0	0	0	0	0	0	0	0	0
S(3,-3)SumVarnc	657.35931	0	0	0	0	0	0	0	0	0	0	0	0	0	0	0
S(3,-3)SumEntrp	2.0157111	0	0	0	0	0	0	0	0	0	0	0	0	0	0	0
S(3,-3)Entropy	3.5976375	0	0	0	0	0	0	0	0	0	0	0	0	0	0	0
S(3,-3)DifVarnc	218.4632	0	0	0	0	0	0	0	0	0	0	0	0	0	0	0
S(3,-3)DifEntrp	1.7210885	0	0	0	0	0	0	0	0	0	0	0	0	0	0	0
_Area_S(4,0)	129024	0	0	0	0	0	0	0	0	0	0	0	0	0	0	0
S(4,0)AngScMom	0.00026116944	0	0	0	0	0	0	0	0	0	0	0	0	0	0	0
S(4,0)Contrast	648.1807	0	0	0	0	0	0	0	0	0	0	0	0	0	0	0
S(4,0)Correlat	0.019358556	0	0	0	0	0	0	0	0	0	0	0	0	0	0	0
S(4,0)SumOfSqs	330.48812	0	0	0	0	0	0	0	0	0	0	0	0	0	0	0
S(4,0)InvDfMom	0.048536553	0	0	0	0	0	0	0	0	0	0	0	0	0	0	0
S(4,0)SumAverg	66.627124	0	0	0	0	0	0	0	0	0	0	0	0	0	0	0
S(4,0)SumVarnc	673.77179	0	0	0	0	0	0	0	0	0	0	0	0	0	0	0
S(4,0)SumEntrp	2.0202622	0	0	0	0	0	0	0	0	0	0	0	0	0	0	0
S(4,0)Entropy	3.5972969	0	0	0	0	0	0	0	0	0	0	0	0	0	0	0
S(4,0)DifVarnc	216.58767	0	0	0	0	0	0	0	0	0	0	0	0	0	0	0
S(4,0)DifEntrp	1.7172316	0	0	0	0	0	0	0	0	0	0	0	0	0	0	0
_Area_S(0,4)	129024	0	0	0	0	0	0	0	0	0	0	0	0	0	0	0
S(0,4)AngScMom	0.00026085852	0	0	0	0	0	0	0	0	0	0	0	0	0	0	0
S(0,4)Contrast	660.94596	0	0	0	0	0	0	0	0	0	0	0	0	0	0	0
S(0,4)Correlat	-0.00059033002	0	0	0	0	0	0	0	0	0	0	0	0	0	0	0
S(0,4)SumOfSqs	330.27801	0	0	0	0	0	0	0	0	0	0	0	0	0	0	0
S(0,4)InvDfMom	0.046762915	0	0	0	0	0	0	0	0	0	0	0	0	0	0	0
S(0,4)SumAverg	66.619575	0	0	0	0	0	0	0	0	0	0	0	0	0	0	0
S(0,4)SumVarnc	660.16607	0	0	0	0	0	0	0	0	0	0	0	0	0	0	0
S(0,4)SumEntrp	2.0166192	0	0	0	0	0	0	0	0	0	0	0	0	0	0	0
S(0,4)Entropy	3.5974681	0	0	0	0	0	0	0	0	0	0	0	0	0	0	0
S(0,4)DifVarnc	220.27663	0	0	0	0	0	0	0	0	0	0	0	0	0	0	0
S(0,4)DifEntrp	1.7206354	0	0	0	0	0	0	0	0	0	0	0	0	0	0	0
_Area_S(4,4)	127008	0	0	0	0	0	0	0	0	0	0	0	0	0	0	0
S(4,4)AngScMom	0.0002604731	0	0	0	0	0	0	0	0	0	0	0	0	0	0	0
S(4,4)Contrast	659.60443	0	0	0	0	0	0	0	0	0	0	0	0	0	0	0
S(4,4)Correlat	0.0014777556	0	0	0	0	0	0	0	0	0	0	0	0	0	0	0
S(4,4)SumOfSqs	330.29031	0	0	0	0	0	0	0	0	0	0	0	0	0	0	0
S(4,4)InvDfMom	0.046692213	0	0	0	0	0	0	0	0	0	0	0	0	0	0	0
S(4,4)SumAverg	66.60793	0	0	0	0	0	0	0	0	0	0	0	0	0	0	0
S(4,4)SumVarnc	661.55679	0	0	0	0	0	0	0	0	0	0	0	0	0	0	0
S(4,4)SumEntrp	2.0168588	0	0	0	0	0	0	0	0	0	0	0	0	0	0	0
S(4,4)Entropy	3.5978104	0	0	0	0	0	0	0	0	0	0	0	0	0	0	0
S(4,4)DifVarnc	219.77297	0	0	0	0	0	0	0	0	0	0	0	0	0	0	0
S(4,4)DifEntrp	1.72006	0	0	0	0	0	0	0	0	0	0	0	0	0	0	0
_Area_S(4,-4)	127008	0	0	0	0	0	0	0	0	0	0	0	0	0	0	0
S(4,-4)AngScMom	0.00026022179	0	0	0	0	0	0	0	0	0	0	0	0	0	0	0
S(4,-4)Contrast	659.21589	0	0	0	0	0	0	0	0	0	0	0	0	0	0	0
S(4,-4)Correlat	0.0019132776	0	0	0	0	0	0	0	0	0	0	0	0	0	0	0
S(4,-4)SumOfSqs	330.23979	0	0	0	0	0	0	0	0	0	0	0	0	0	0	0
S(4,-4)InvDfMom	0.046276541	0	0	0	0	0	0	0	0	0	0	0	0	0	0	0
S(4,-4)SumAverg	66.609284	0	0	0	0	0	0	0	0	0	0	0	0	0	0	0
S(4,-4)SumVarnc	661.74325	0	0	0	0	0	0	0	0	0	0	0	0	0	0	0
S(4,-4)SumEntrp	2.0168505	0	0	0	0	0	0	0	0	0	0	0	0	0	0	0
S(4,-4)Entropy	3.5981261	0	0	0	0	0	0	0	0	0	0	0	0	0	0	0
S(4,-4)DifVarnc	218.58618	0	0	0	0	0	0	0	0	0	0	0	0	0	0	0
S(4,-4)DifEntrp	1.7202194	0	0	0	0	0	0	0	0	0	0	0	0	0	0	0
_Area_S(5,0)	128512	0	0	0	0	0	0	0	0	0	0	0	0	0	0	0
S(5,0)AngScMom	0.00026081555	0	0	0	0	0	0	0	0	0	0	0	0	0	0	0
S(5,0)Contrast	648.71996	0	0	0	0	0	0	0	0	0	0	0	0	0	0	0
S(5,0)Correlat	0.018386298	0	0	0	0	0	0	0	0	0	0	0	0	0	0	0
S(5,0)SumOfSqs	330.43547	0	0	0	0	0	0	0	0	0	0	0	0	0	0	0
S(5,0)InvDfMom	0.048511367	0	0	0	0	0	0	0	0	0	0	0	0	0	0	0
S(5,0)SumAverg	66.624533	0	0	0	0	0	0	0	0	0	0	0	0	0	0	0
S(5,0)SumVarnc	673.0219	0	0	0	0	0	0	0	0	0	0	0	0	0	0	0
S(5,0)SumEntrp	2.02004	0	0	0	0	0	0	0	0	0	0	0	0	0	0	0
S(5,0)Entropy	3.5975396	0	0	0	0	0	0	0	0	0	0	0	0	0	0	0
S(5,0)DifVarnc	216.23326	0	0	0	0	0	0	0	0	0	0	0	0	0	0	0
S(5,0)DifEntrp	1.7174571	0	0	0	0	0	0	0	0	0	0	0	0	0	0	0
_Area_S(0,5)	128512	0	0	0	0	0	0	0	0	0	0	0	0	0	0	0
S(0,5)AngScMom	0.00026059769	0	0	0	0	0	0	0	0	0	0	0	0	0	0	0
S(0,5)Contrast	660.87421	0	0	0	0	0	0	0	0	0	0	0	0	0	0	0
S(0,5)Correlat	-0.00041435552	0	0	0	0	0	0	0	0	0	0	0	0	0	0	0
S(0,5)SumOfSqs	330.30024	0	0	0	0	0	0	0	0	0	0	0	0	0	0	0
S(0,5)InvDfMom	0.047752576	0	0	0	0	0	0	0	0	0	0	0	0	0	0	0
S(0,5)SumAverg	66.622214	0	0	0	0	0	0	0	0	0	0	0	0	0	0	0
S(0,5)SumVarnc	660.32676	0	0	0	0	0	0	0	0	0	0	0	0	0	0	0
S(0,5)SumEntrp	2.0165024	0	0	0	0	0	0	0	0	0	0	0	0	0	0	0
S(0,5)Entropy	3.5978753	0	0	0	0	0	0	0	0	0	0	0	0	0	0	0
S(0,5)DifVarnc	221.02973	0	0	0	0	0	0	0	0	0	0	0	0	0	0	0
S(0,5)DifEntrp	1.7206703	0	0	0	0	0	0	0	0	0	0	0	0	0	0	0
_Area_S(5,5)	126002	0	0	0	0	0	0	0	0	0	0	0	0	0	0	0
S(5,5)AngScMom	0.00026039272	0	0	0	0	0	0	0	0	0	0	0	0	0	0	0
S(5,5)Contrast	657.987	0	0	0	0	0	0	0	0	0	0	0	0	0	0	0
S(5,5)Correlat	0.0037923477	0	0	0	0	0	0	0	0	0	0	0	0	0	0	0
S(5,5)SumOfSqs	330.24591	0	0	0	0	0	0	0	0	0	0	0	0	0	0	0
S(5,5)InvDfMom	0.047657589	0	0	0	0	0	0	0	0	0	0	0	0	0	0	0
S(5,5)SumAverg	66.607467	0	0	0	0	0	0	0	0	0	0	0	0	0	0	0
S(5,5)SumVarnc	662.99663	0	0	0	0	0	0	0	0	0	0	0	0	0	0	0
S(5,5)SumEntrp	2.0171065	0	0	0	0	0	0	0	0	0	0	0	0	0	0	0
S(5,5)Entropy	3.5979597	0	0	0	0	0	0	0	0	0	0	0	0	0	0	0
S(5,5)DifVarnc	219.19486	0	0	0	0	0	0	0	0	0	0	0	0	0	0	0
S(5,5)DifEntrp	1.7199629	0	0	0	0	0	0	0	0	0	0	0	0	0	0	0
_Area_S(5,-5)	126002	0	0	0	0	0	0	0	0	0	0	0	0	0	0	0
S(5,-5)AngScMom	0.00026029647	0	0	0	0	0	0	0	0	0	0	0	0	0	0	0
S(5,-5)Contrast	659.59893	0	0	0	0	0	0	0	0	0	0	0	0	0	0	0
S(5,-5)Correlat	0.0012152156	0	0	0	0	0	0	0	0	0	0	0	0	0	0	0
S(5,-5)SumOfSqs	330.20073	0	0	0	0	0	0	0	0	0	0	0	0	0	0	0
S(5,-5)InvDfMom	0.047750075	0	0	0	0	0	0	0	0	0	0	0	0	0	0	0
S(5,-5)SumAverg	66.609387	0	0	0	0	0	0	0	0	0	0	0	0	0	0	0
S(5,-5)SumVarnc	661.20399	0	0	0	0	0	0	0	0	0	0	0	0	0	0	0
S(5,-5)SumEntrp	2.0169507	0	0	0	0	0	0	0	0	0	0	0	0	0	0	0
S(5,-5)Entropy	3.597969	0	0	0	0	0	0	0	0	0	0	0	0	0	0	0
S(5,-5)DifVarnc	220.3924	0	0	0	0	0	0	0	0	0	0	0	0	0	0	0
S(5,-5)DifEntrp	1.7204041	0	0	0	0	0	0	0	0	0	0	0	0	0	0	0
Horzl_RLNonUni	61730.996	0	0	0	0	0	0	0	0	0	0	0	0	0	0	0
Horzl_GLevNonU	1020.6699	0	0	0	0	0	0	0	0	0	0	0	0	0	0	0
Horzl_LngREmph	1.0624358	0	0	0	0	0	0	0	0	0	0	0	0	0	0	0
Horzl_ShrtREmp	0.98506684	0	0	0	0	0	0	0	0	0	0	0	0	0	0	0
Horzl_Fraction	0.98001099	0	0	0	0	0	0	0	0	0	0	0	0	0	0	0
Vertl_RLNonUni	62481.952	0	0	0	0	0	0	0	0	0	0	0	0	0	0	0
Vertl_GLevNonU	1024.9557	0	0	0	0	0	0	0	0	0	0	0	0	0	0	0
Vertl_LngREmph	1.0489333	0	0	0	0	0	0	0	0	0	0	0	0	0	0	0
Vertl_ShrtREmp	0.9880687	0	0	0	0	0	0	0	0	0	0	0	0	0	0	0
Vertl_Fraction	0.98413086	0	0	0	0	0	0	0	0	0	0	0	0	0	0	0
45dgr_RLNonUni	62478.527	0	0	0	0	0	0	0	0	0	0	0	0	0	0	0
45dgr_GLevNonU	1024.8489	0	0	0	0	0	0	0	0	0	0	0	0	0	0	0
45dgr_LngREmph	1.0495123	0	0	0	0	0	0	0	0	0	0	0	0	0	0	0
45dgr_ShrtREmp	0.98806989	0	0	0	0	0	0	0	0	0	0	0	0	0	0	0
45dgr_Fraction	0.98402405	0	0	0	0	0	0	0	0	0	0	0	0	0	0	0
135dr_RLNonUni	62417.491	0	0	0	0	0	0	0	0	0	0	0	0	0	0	0
135dr_GLevNonU	1024.6722	0	0	0	0	0	0	0	0	0	0	0	0	0	0	0
135dr_LngREmph	1.0497549	0	0	0	0	0	0	0	0	0	0	0	0	0	0	0
135dr_ShrtREmp	0.98780252	0	0	0	0	0	0	0	0	0	0	0	0	0	0	0
135dr_Fraction	0.98382568	0	0	0	0	0	0	0	0	0	0	0	0	0	0	0
_AreaGr	64516	0	0	0	0	0	0	0	0	0	0	0	0	0	0	0
GrMean	8.0636065	0	0	0	0	0	0	0	0	0	0	0	0	0	0	0
GrVariance	15.021728	0	0	0	0	0	0	0	0	0	0	0	0	0	0	0
GrSkewness	0.20734793	0	0	0	0	0	0	0	0	0	0	0	0	0	0	0
GrKurtosis	-0.62500684	0	0	0	0	0	0	0	0	0	0	0	0	0	0	0
GrNonZeros	0.99550499	0	0	0	0	0	0	0	0	0	0	0	0	0	0	0
_AreaARM	64770	0	0	0	0	0	0	0	0	0	0	0	0	0	0	0
Teta1	0.05389786	0	0	0	0	0	0	0	0	0	0	0	0	0	0	0
Teta2	0.001269896	0	0	0	0	0	0	0	0	0	0	0	0	0	0	0
Teta3	-0.0091144425	0	0	0	0	0	0	0	0	0	0	0	0	0	0	0
Teta4	0.0041727724	0	0	0	0	0	0	0	0	0	0	0	0	0	0	0
Sigma	0.99774393	0	0	0	0	0	0	0	0	0	0	0	0	0	0	0
WavEnLL_s-1	18498.438	0	0	0	0	0	0	0	0	0	0	0	0	0	0	0
WavEnLH_s-1	1396.2639	0	0	0	0	0	0	0	0	0	0	0	0	0	0	0
WavEnHL_s-1	1249.4026	0	0	0	0	0	0	0	0	0	0	0	0	0	0	0
WavEnHH_s-1	1264.2618	0	0	0	0	0	0	0	0	0	0	0	0	0	0	0
WavEnLL_s-2	17490.97	0	0	0	0	0	0	0	0	0	0	0	0	0	0	0
WavEnLH_s-2	376.26905	0	0	0	0	0	0	0	0	0	0	0	0	0	0	0
WavEnHL_s-2	316.72781	0	0	0	0	0	0	0	0	0	0	0	0	0	0	0
WavEnHH_s-2	314.4711	0	0	0	0	0	0	0	0	0	0	0	0	0	0	0
WavEnLL_s-3	17210.511	0	0	0	0	0	0	0	0	0	0	0	0	0	0	0
WavEnLH_s-3	98.657001	0	0	0	0	0	0	0	0	0	0	0	0	0	0	0
WavEnHL_s-3	90.975775	0	0	0	0	0	0	0	0	0	0	0	0	0	0	0
WavEnHH_s-3	90.825792	0	0	0	0	0	0	0	0	0	0	0	0	0	0	0
WavEnLL_s-4	17138.088	0	0	0	0	0	0	0	0	0	0	0	0	0	0	0
WavEnLH_s-4	29.018489	0	0	0	0	0	0	0	0	0	0	0	0	0	0	0
WavEnHL_s-4	23.334463	0	0	0	0	0	0	0	0	0	0	0	0	0	0	0
WavEnHH_s-4	20.070888	0	0	0	0	0	0	0	0	0	0	0	0	0	0	0
