Image File: cushion1-a-p032.png 
ROI File: allred.roi 
Image size: 256 x 256
Min. lum.: 1
Max. lum.: 256
Bits/pixel: 8

Normalisation =  No
Histogram analysis = Yes
CO matrix analysis = Yes, Dimensions = 6 x 6, Distances = 1 2 3 4 5
RL matrix analysis = Yes, Dimension = 6
Gradient analysis = Yes, Max pixel value = 16
AR model analysis = Yes
Wavelet analysis = Yes

--------------- CLASS NAMES ----------------

----------------- FEATURES -----------------
_Area	65536	0	0	0	0	0	0	0	0	0	0	0	0	0	0	0
Mean	131.00829	0	0	0	0	0	0	0	0	0	0	0	0	0	0	0
Variance	5285.5428	0	0	0	0	0	0	0	0	0	0	0	0	0	0	0
Skewness	-0.022572801	0	0	0	0	0	0	0	0	0	0	0	0	0	0	0
Kurtosis	-1.1700238	0	0	0	0	0	0	0	0	0	0	0	0	0	0	0
Perc.01%	3	0	0	0	0	0	0	0	0	0	0	0	0	0	0	0
Perc.10%	30	0	0	0	0	0	0	0	0	0	0	0	0	0	0	0
Perc.50%	131	0	0	0	0	0	0	0	0	0	0	0	0	0	0	0
Perc.90%	232	0	0	0	0	0	0	0	0	0	0	0	0	0	0	0
Perc.99%	254	0	0	0	0	0	0	0	0	0	0	0	0	0	0	0
_Area_S(1,0)	130560	0	0	0	0	0	0	0	0	0	0	0	0	0	0	0
S(1,0)AngScMom	0.00027103599	0	0	0	0	0	0	0	0	0	0	0	0	0	0	0
S(1,0)Contrast	626.57809	0	0	0	0	0	0	0	0	0	0	0	0	0	0	0
S(1,0)Correlat	0.049877507	0	0	0	0	0	0	0	0	0	0	0	0	0	0	0
S(1,0)SumOfSqs	329.73543	0	0	0	0	0	0	0	0	0	0	0	0	0	0	0
S(1,0)InvDfMom	0.052976326	0	0	0	0	0	0	0	0	0	0	0	0	0	0	0
S(1,0)SumAverg	66.249786	0	0	0	0	0	0	0	0	0	0	0	0	0	0	0
S(1,0)SumVarnc	692.36362	0	0	0	0	0	0	0	0	0	0	0	0	0	0	0
S(1,0)SumEntrp	2.0257354	0	0	0	0	0	0	0	0	0	0	0	0	0	0	0
S(1,0)Entropy	3.5894414	0	0	0	0	0	0	0	0	0	0	0	0	0	0	0
S(1,0)DifVarnc	213.33795	0	0	0	0	0	0	0	0	0	0	0	0	0	0	0
S(1,0)DifEntrp	1.7106428	0	0	0	0	0	0	0	0	0	0	0	0	0	0	0
_Area_S(0,1)	130560	0	0	0	0	0	0	0	0	0	0	0	0	0	0	0
S(0,1)AngScMom	0.0002624229	0	0	0	0	0	0	0	0	0	0	0	0	0	0	0
S(0,1)Contrast	660.85291	0	0	0	0	0	0	0	0	0	0	0	0	0	0	0
S(0,1)Correlat	-0.0026212204	0	0	0	0	0	0	0	0	0	0	0	0	0	0	0
S(0,1)SumOfSqs	329.5626	0	0	0	0	0	0	0	0	0	0	0	0	0	0	0
S(0,1)InvDfMom	0.047112196	0	0	0	0	0	0	0	0	0	0	0	0	0	0	0
S(0,1)SumAverg	66.251409	0	0	0	0	0	0	0	0	0	0	0	0	0	0	0
S(0,1)SumVarnc	657.39749	0	0	0	0	0	0	0	0	0	0	0	0	0	0	0
S(0,1)SumEntrp	2.0156889	0	0	0	0	0	0	0	0	0	0	0	0	0	0	0
S(0,1)Entropy	3.5961887	0	0	0	0	0	0	0	0	0	0	0	0	0	0	0
S(0,1)DifVarnc	220.26072	0	0	0	0	0	0	0	0	0	0	0	0	0	0	0
S(0,1)DifEntrp	1.7205522	0	0	0	0	0	0	0	0	0	0	0	0	0	0	0
_Area_S(1,1)	130050	0	0	0	0	0	0	0	0	0	0	0	0	0	0	0
S(1,1)AngScMom	0.00026260896	0	0	0	0	0	0	0	0	0	0	0	0	0	0	0
S(1,1)Contrast	662.23317	0	0	0	0	0	0	0	0	0	0	0	0	0	0	0
S(1,1)Correlat	-0.0046207269	0	0	0	0	0	0	0	0	0	0	0	0	0	0	0
S(1,1)SumOfSqs	329.59362	0	0	0	0	0	0	0	0	0	0	0	0	0	0	0
S(1,1)InvDfMom	0.046492294	0	0	0	0	0	0	0	0	0	0	0	0	0	0	0
S(1,1)SumAverg	66.257347	0	0	0	0	0	0	0	0	0	0	0	0	0	0	0
S(1,1)SumVarnc	656.14132	0	0	0	0	0	0	0	0	0	0	0	0	0	0	0
S(1,1)SumEntrp	2.015177	0	0	0	0	0	0	0	0	0	0	0	0	0	0	0
S(1,1)Entropy	3.596103	0	0	0	0	0	0	0	0	0	0	0	0	0	0	0
S(1,1)DifVarnc	220.1726	0	0	0	0	0	0	0	0	0	0	0	0	0	0	0
S(1,1)DifEntrp	1.7207436	0	0	0	0	0	0	0	0	0	0	0	0	0	0	0
_Area_S(1,-1)	130050	0	0	0	0	0	0	0	0	0	0	0	0	0	0	0
S(1,-1)AngScMom	0.00026221932	0	0	0	0	0	0	0	0	0	0	0	0	0	0	0
S(1,-1)Contrast	661.38325	0	0	0	0	0	0	0	0	0	0	0	0	0	0	0
S(1,-1)Correlat	-0.00332779	0	0	0	0	0	0	0	0	0	0	0	0	0	0	0
S(1,-1)SumOfSqs	329.5948	0	0	0	0	0	0	0	0	0	0	0	0	0	0	0
S(1,-1)InvDfMom	0.048464511	0	0	0	0	0	0	0	0	0	0	0	0	0	0	0
S(1,-1)SumAverg	66.257378	0	0	0	0	0	0	0	0	0	0	0	0	0	0	0
S(1,-1)SumVarnc	656.99596	0	0	0	0	0	0	0	0	0	0	0	0	0	0	0
S(1,-1)SumEntrp	2.0156846	0	0	0	0	0	0	0	0	0	0	0	0	0	0	0
S(1,-1)Entropy	3.5964118	0	0	0	0	0	0	0	0	0	0	0	0	0	0	0
S(1,-1)DifVarnc	222.12354	0	0	0	0	0	0	0	0	0	0	0	0	0	0	0
S(1,-1)DifEntrp	1.7212863	0	0	0	0	0	0	0	0	0	0	0	0	0	0	0
_Area_S(2,0)	130048	0	0	0	0	0	0	0	0	0	0	0	0	0	0	0
S(2,0)AngScMom	0.00026476764	0	0	0	0	0	0	0	0	0	0	0	0	0	0	0
S(2,0)Contrast	639.82759	0	0	0	0	0	0	0	0	0	0	0	0	0	0	0
S(2,0)Correlat	0.029681593	0	0	0	0	0	0	0	0	0	0	0	0	0	0	0
S(2,0)SumOfSqs	329.69981	0	0	0	0	0	0	0	0	0	0	0	0	0	0	0
S(2,0)InvDfMom	0.049911444	0	0	0	0	0	0	0	0	0	0	0	0	0	0	0
S(2,0)SumAverg	66.260381	0	0	0	0	0	0	0	0	0	0	0	0	0	0	0
S(2,0)SumVarnc	678.97165	0	0	0	0	0	0	0	0	0	0	0	0	0	0	0
S(2,0)SumEntrp	2.0221615	0	0	0	0	0	0	0	0	0	0	0	0	0	0	0
S(2,0)Entropy	3.5943762	0	0	0	0	0	0	0	0	0	0	0	0	0	0	0
S(2,0)DifVarnc	215.89162	0	0	0	0	0	0	0	0	0	0	0	0	0	0	0
S(2,0)DifEntrp	1.7147041	0	0	0	0	0	0	0	0	0	0	0	0	0	0	0
_Area_S(0,2)	130048	0	0	0	0	0	0	0	0	0	0	0	0	0	0	0
S(0,2)AngScMom	0.00026256406	0	0	0	0	0	0	0	0	0	0	0	0	0	0	0
S(0,2)Contrast	659.58806	0	0	0	0	0	0	0	0	0	0	0	0	0	0	0
S(0,2)Correlat	-0.00064073097	0	0	0	0	0	0	0	0	0	0	0	0	0	0	0
S(0,2)SumOfSqs	329.58286	0	0	0	0	0	0	0	0	0	0	0	0	0	0	0
S(0,2)InvDfMom	0.0476631	0	0	0	0	0	0	0	0	0	0	0	0	0	0	0
S(0,2)SumAverg	66.240004	0	0	0	0	0	0	0	0	0	0	0	0	0	0	0
S(0,2)SumVarnc	658.74336	0	0	0	0	0	0	0	0	0	0	0	0	0	0	0
S(0,2)SumEntrp	2.0162326	0	0	0	0	0	0	0	0	0	0	0	0	0	0	0
S(0,2)Entropy	3.596012	0	0	0	0	0	0	0	0	0	0	0	0	0	0	0
S(0,2)DifVarnc	219.53575	0	0	0	0	0	0	0	0	0	0	0	0	0	0	0
S(0,2)DifEntrp	1.7204234	0	0	0	0	0	0	0	0	0	0	0	0	0	0	0
_Area_S(2,2)	129032	0	0	0	0	0	0	0	0	0	0	0	0	0	0	0
S(2,2)AngScMom	0.00026269557	0	0	0	0	0	0	0	0	0	0	0	0	0	0	0
S(2,2)Contrast	660.43895	0	0	0	0	0	0	0	0	0	0	0	0	0	0	0
S(2,2)Correlat	-0.0019406304	0	0	0	0	0	0	0	0	0	0	0	0	0	0	0
S(2,2)SumOfSqs	329.57988	0	0	0	0	0	0	0	0	0	0	0	0	0	0	0
S(2,2)InvDfMom	0.046659018	0	0	0	0	0	0	0	0	0	0	0	0	0	0	0
S(2,2)SumAverg	66.256355	0	0	0	0	0	0	0	0	0	0	0	0	0	0	0
S(2,2)SumVarnc	657.88057	0	0	0	0	0	0	0	0	0	0	0	0	0	0	0
S(2,2)SumEntrp	2.015857	0	0	0	0	0	0	0	0	0	0	0	0	0	0	0
S(2,2)Entropy	3.5959956	0	0	0	0	0	0	0	0	0	0	0	0	0	0	0
S(2,2)DifVarnc	220.36613	0	0	0	0	0	0	0	0	0	0	0	0	0	0	0
S(2,2)DifEntrp	1.7204063	0	0	0	0	0	0	0	0	0	0	0	0	0	0	0
_Area_S(2,-2)	129032	0	0	0	0	0	0	0	0	0	0	0	0	0	0	0
S(2,-2)AngScMom	0.00026287119	0	0	0	0	0	0	0	0	0	0	0	0	0	0	0
S(2,-2)Contrast	661.96791	0	0	0	0	0	0	0	0	0	0	0	0	0	0	0
S(2,-2)Correlat	-0.00425488	0	0	0	0	0	0	0	0	0	0	0	0	0	0	0
S(2,-2)SumOfSqs	329.58163	0	0	0	0	0	0	0	0	0	0	0	0	0	0	0
S(2,-2)InvDfMom	0.04682664	0	0	0	0	0	0	0	0	0	0	0	0	0	0	0
S(2,-2)SumAverg	66.257053	0	0	0	0	0	0	0	0	0	0	0	0	0	0	0
S(2,-2)SumVarnc	656.35859	0	0	0	0	0	0	0	0	0	0	0	0	0	0	0
S(2,-2)SumEntrp	2.0154639	0	0	0	0	0	0	0	0	0	0	0	0	0	0	0
S(2,-2)Entropy	3.5957701	0	0	0	0	0	0	0	0	0	0	0	0	0	0	0
S(2,-2)DifVarnc	219.85921	0	0	0	0	0	0	0	0	0	0	0	0	0	0	0
S(2,-2)DifEntrp	1.7209584	0	0	0	0	0	0	0	0	0	0	0	0	0	0	0
_Area_S(3,0)	129536	0	0	0	0	0	0	0	0	0	0	0	0	0	0	0
S(3,0)AngScMom	0.00026376675	0	0	0	0	0	0	0	0	0	0	0	0	0	0	0
S(3,0)Contrast	647.94167	0	0	0	0	0	0	0	0	0	0	0	0	0	0	0
S(3,0)Correlat	0.017483242	0	0	0	0	0	0	0	0	0	0	0	0	0	0	0
S(3,0)SumOfSqs	329.73568	0	0	0	0	0	0	0	0	0	0	0	0	0	0	0
S(3,0)InvDfMom	0.048524875	0	0	0	0	0	0	0	0	0	0	0	0	0	0	0
S(3,0)SumAverg	66.251266	0	0	0	0	0	0	0	0	0	0	0	0	0	0	0
S(3,0)SumVarnc	671.00106	0	0	0	0	0	0	0	0	0	0	0	0	0	0	0
S(3,0)SumEntrp	2.0200597	0	0	0	0	0	0	0	0	0	0	0	0	0	0	0
S(3,0)Entropy	3.595034	0	0	0	0	0	0	0	0	0	0	0	0	0	0	0
S(3,0)DifVarnc	216.0749	0	0	0	0	0	0	0	0	0	0	0	0	0	0	0
S(3,0)DifEntrp	1.7167833	0	0	0	0	0	0	0	0	0	0	0	0	0	0	0
_Area_S(0,3)	129536	0	0	0	0	0	0	0	0	0	0	0	0	0	0	0
S(0,3)AngScMom	0.00026326614	0	0	0	0	0	0	0	0	0	0	0	0	0	0	0
S(0,3)Contrast	661.51856	0	0	0	0	0	0	0	0	0	0	0	0	0	0	0
S(0,3)Correlat	-0.0032794747	0	0	0	0	0	0	0	0	0	0	0	0	0	0	0
S(0,3)SumOfSqs	329.67811	0	0	0	0	0	0	0	0	0	0	0	0	0	0	0
S(0,3)InvDfMom	0.04702819	0	0	0	0	0	0	0	0	0	0	0	0	0	0	0
S(0,3)SumAverg	66.238791	0	0	0	0	0	0	0	0	0	0	0	0	0	0	0
S(0,3)SumVarnc	657.19387	0	0	0	0	0	0	0	0	0	0	0	0	0	0	0
S(0,3)SumEntrp	2.0156639	0	0	0	0	0	0	0	0	0	0	0	0	0	0	0
S(0,3)Entropy	3.5955892	0	0	0	0	0	0	0	0	0	0	0	0	0	0	0
S(0,3)DifVarnc	219.79976	0	0	0	0	0	0	0	0	0	0	0	0	0	0	0
S(0,3)DifEntrp	1.7209174	0	0	0	0	0	0	0	0	0	0	0	0	0	0	0
_Area_S(3,3)	128018	0	0	0	0	0	0	0	0	0	0	0	0	0	0	0
S(3,3)AngScMom	0.00026280584	0	0	0	0	0	0	0	0	0	0	0	0	0	0	0
S(3,3)Contrast	663.78476	0	0	0	0	0	0	0	0	0	0	0	0	0	0	0
S(3,3)Correlat	-0.0066563509	0	0	0	0	0	0	0	0	0	0	0	0	0	0	0
S(3,3)SumOfSqs	329.6978	0	0	0	0	0	0	0	0	0	0	0	0	0	0	0
S(3,3)InvDfMom	0.046343533	0	0	0	0	0	0	0	0	0	0	0	0	0	0	0
S(3,3)SumAverg	66.246856	0	0	0	0	0	0	0	0	0	0	0	0	0	0	0
S(3,3)SumVarnc	655.00643	0	0	0	0	0	0	0	0	0	0	0	0	0	0	0
S(3,3)SumEntrp	2.0148243	0	0	0	0	0	0	0	0	0	0	0	0	0	0	0
S(3,3)Entropy	3.5959447	0	0	0	0	0	0	0	0	0	0	0	0	0	0	0
S(3,3)DifVarnc	220.57863	0	0	0	0	0	0	0	0	0	0	0	0	0	0	0
S(3,3)DifEntrp	1.72132	0	0	0	0	0	0	0	0	0	0	0	0	0	0	0
_Area_S(3,-3)	128018	0	0	0	0	0	0	0	0	0	0	0	0	0	0	0
S(3,-3)AngScMom	0.00026285649	0	0	0	0	0	0	0	0	0	0	0	0	0	0	0
S(3,-3)Contrast	658.20307	0	0	0	0	0	0	0	0	0	0	0	0	0	0	0
S(3,-3)Correlat	0.0018330206	0	0	0	0	0	0	0	0	0	0	0	0	0	0	0
S(3,-3)SumOfSqs	329.70589	0	0	0	0	0	0	0	0	0	0	0	0	0	0	0
S(3,-3)InvDfMom	0.047374911	0	0	0	0	0	0	0	0	0	0	0	0	0	0	0
S(3,-3)SumAverg	66.248059	0	0	0	0	0	0	0	0	0	0	0	0	0	0	0
S(3,-3)SumVarnc	660.6205	0	0	0	0	0	0	0	0	0	0	0	0	0	0	0
S(3,-3)SumEntrp	2.0165148	0	0	0	0	0	0	0	0	0	0	0	0	0	0	0
S(3,-3)Entropy	3.5958649	0	0	0	0	0	0	0	0	0	0	0	0	0	0	0
S(3,-3)DifVarnc	221.13841	0	0	0	0	0	0	0	0	0	0	0	0	0	0	0
S(3,-3)DifEntrp	1.7198647	0	0	0	0	0	0	0	0	0	0	0	0	0	0	0
_Area_S(4,0)	129024	0	0	0	0	0	0	0	0	0	0	0	0	0	0	0
S(4,0)AngScMom	0.0002635093	0	0	0	0	0	0	0	0	0	0	0	0	0	0	0
S(4,0)Contrast	650.25798	0	0	0	0	0	0	0	0	0	0	0	0	0	0	0
S(4,0)Correlat	0.014061044	0	0	0	0	0	0	0	0	0	0	0	0	0	0	0
S(4,0)SumOfSqs	329.76584	0	0	0	0	0	0	0	0	0	0	0	0	0	0	0
S(4,0)InvDfMom	0.048399827	0	0	0	0	0	0	0	0	0	0	0	0	0	0	0
S(4,0)SumAverg	66.254108	0	0	0	0	0	0	0	0	0	0	0	0	0	0	0
S(4,0)SumVarnc	668.80539	0	0	0	0	0	0	0	0	0	0	0	0	0	0	0
S(4,0)SumEntrp	2.0193695	0	0	0	0	0	0	0	0	0	0	0	0	0	0	0
S(4,0)Entropy	3.5953767	0	0	0	0	0	0	0	0	0	0	0	0	0	0	0
S(4,0)DifVarnc	217.30234	0	0	0	0	0	0	0	0	0	0	0	0	0	0	0
S(4,0)DifEntrp	1.7181201	0	0	0	0	0	0	0	0	0	0	0	0	0	0	0
_Area_S(0,4)	129024	0	0	0	0	0	0	0	0	0	0	0	0	0	0	0
S(0,4)AngScMom	0.00026257508	0	0	0	0	0	0	0	0	0	0	0	0	0	0	0
S(0,4)Contrast	659.03906	0	0	0	0	0	0	0	0	0	0	0	0	0	0	0
S(0,4)Correlat	0.00029703861	0	0	0	0	0	0	0	0	0	0	0	0	0	0	0
S(0,4)SumOfSqs	329.61744	0	0	0	0	0	0	0	0	0	0	0	0	0	0	0
S(0,4)InvDfMom	0.048725526	0	0	0	0	0	0	0	0	0	0	0	0	0	0	0
S(0,4)SumAverg	66.22926	0	0	0	0	0	0	0	0	0	0	0	0	0	0	0
S(0,4)SumVarnc	659.4307	0	0	0	0	0	0	0	0	0	0	0	0	0	0	0
S(0,4)SumEntrp	2.0162712	0	0	0	0	0	0	0	0	0	0	0	0	0	0	0
S(0,4)Entropy	3.5960293	0	0	0	0	0	0	0	0	0	0	0	0	0	0	0
S(0,4)DifVarnc	221.54379	0	0	0	0	0	0	0	0	0	0	0	0	0	0	0
S(0,4)DifEntrp	1.7203006	0	0	0	0	0	0	0	0	0	0	0	0	0	0	0
_Area_S(4,4)	127008	0	0	0	0	0	0	0	0	0	0	0	0	0	0	0
S(4,4)AngScMom	0.00026263366	0	0	0	0	0	0	0	0	0	0	0	0	0	0	0
S(4,4)Contrast	653.87546	0	0	0	0	0	0	0	0	0	0	0	0	0	0	0
S(4,4)Correlat	0.0083123219	0	0	0	0	0	0	0	0	0	0	0	0	0	0	0
S(4,4)SumOfSqs	329.67812	0	0	0	0	0	0	0	0	0	0	0	0	0	0	0
S(4,4)InvDfMom	0.0475308	0	0	0	0	0	0	0	0	0	0	0	0	0	0	0
S(4,4)SumAverg	66.240756	0	0	0	0	0	0	0	0	0	0	0	0	0	0	0
S(4,4)SumVarnc	664.83702	0	0	0	0	0	0	0	0	0	0	0	0	0	0	0
S(4,4)SumEntrp	2.0177611	0	0	0	0	0	0	0	0	0	0	0	0	0	0	0
S(4,4)Entropy	3.5961337	0	0	0	0	0	0	0	0	0	0	0	0	0	0	0
S(4,4)DifVarnc	218.43257	0	0	0	0	0	0	0	0	0	0	0	0	0	0	0
S(4,4)DifEntrp	1.7187918	0	0	0	0	0	0	0	0	0	0	0	0	0	0	0
_Area_S(4,-4)	127008	0	0	0	0	0	0	0	0	0	0	0	0	0	0	0
S(4,-4)AngScMom	0.00026330454	0	0	0	0	0	0	0	0	0	0	0	0	0	0	0
S(4,-4)Contrast	658.8427	0	0	0	0	0	0	0	0	0	0	0	0	0	0	0
S(4,-4)Correlat	0.00071493787	0	0	0	0	0	0	0	0	0	0	0	0	0	0	0
S(4,-4)SumOfSqs	329.65704	0	0	0	0	0	0	0	0	0	0	0	0	0	0	0
S(4,-4)InvDfMom	0.047757547	0	0	0	0	0	0	0	0	0	0	0	0	0	0	0
S(4,-4)SumAverg	66.240347	0	0	0	0	0	0	0	0	0	0	0	0	0	0	0
S(4,-4)SumVarnc	659.78544	0	0	0	0	0	0	0	0	0	0	0	0	0	0	0
S(4,-4)SumEntrp	2.016395	0	0	0	0	0	0	0	0	0	0	0	0	0	0	0
S(4,-4)Entropy	3.5955494	0	0	0	0	0	0	0	0	0	0	0	0	0	0	0
S(4,-4)DifVarnc	221.42995	0	0	0	0	0	0	0	0	0	0	0	0	0	0	0
S(4,-4)DifEntrp	1.720282	0	0	0	0	0	0	0	0	0	0	0	0	0	0	0
_Area_S(5,0)	128512	0	0	0	0	0	0	0	0	0	0	0	0	0	0	0
S(5,0)AngScMom	0.00026297258	0	0	0	0	0	0	0	0	0	0	0	0	0	0	0
S(5,0)Contrast	653.99938	0	0	0	0	0	0	0	0	0	0	0	0	0	0	0
S(5,0)Correlat	0.0083703084	0	0	0	0	0	0	0	0	0	0	0	0	0	0	0
S(5,0)SumOfSqs	329.75988	0	0	0	0	0	0	0	0	0	0	0	0	0	0	0
S(5,0)InvDfMom	0.04780491	0	0	0	0	0	0	0	0	0	0	0	0	0	0	0
S(5,0)SumAverg	66.242686	0	0	0	0	0	0	0	0	0	0	0	0	0	0	0
S(5,0)SumVarnc	665.04015	0	0	0	0	0	0	0	0	0	0	0	0	0	0	0
S(5,0)SumEntrp	2.0183034	0	0	0	0	0	0	0	0	0	0	0	0	0	0	0
S(5,0)Entropy	3.5958114	0	0	0	0	0	0	0	0	0	0	0	0	0	0	0
S(5,0)DifVarnc	217.7138	0	0	0	0	0	0	0	0	0	0	0	0	0	0	0
S(5,0)DifEntrp	1.7188251	0	0	0	0	0	0	0	0	0	0	0	0	0	0	0
_Area_S(0,5)	128512	0	0	0	0	0	0	0	0	0	0	0	0	0	0	0
S(0,5)AngScMom	0.00026273292	0	0	0	0	0	0	0	0	0	0	0	0	0	0	0
S(0,5)Contrast	653.80027	0	0	0	0	0	0	0	0	0	0	0	0	0	0	0
S(0,5)Correlat	0.0080225356	0	0	0	0	0	0	0	0	0	0	0	0	0	0	0
S(0,5)SumOfSqs	329.54391	0	0	0	0	0	0	0	0	0	0	0	0	0	0	0
S(0,5)InvDfMom	0.047204105	0	0	0	0	0	0	0	0	0	0	0	0	0	0	0
S(0,5)SumAverg	66.232507	0	0	0	0	0	0	0	0	0	0	0	0	0	0	0
S(0,5)SumVarnc	664.37538	0	0	0	0	0	0	0	0	0	0	0	0	0	0	0
S(0,5)SumEntrp	2.0177562	0	0	0	0	0	0	0	0	0	0	0	0	0	0	0
S(0,5)Entropy	3.5959597	0	0	0	0	0	0	0	0	0	0	0	0	0	0	0
S(0,5)DifVarnc	217.94497	0	0	0	0	0	0	0	0	0	0	0	0	0	0	0
S(0,5)DifEntrp	1.718775	0	0	0	0	0	0	0	0	0	0	0	0	0	0	0
_Area_S(5,5)	126002	0	0	0	0	0	0	0	0	0	0	0	0	0	0	0
S(5,5)AngScMom	0.00026325607	0	0	0	0	0	0	0	0	0	0	0	0	0	0	0
S(5,5)Contrast	656.85307	0	0	0	0	0	0	0	0	0	0	0	0	0	0	0
S(5,5)Correlat	0.003570921	0	0	0	0	0	0	0	0	0	0	0	0	0	0	0
S(5,5)SumOfSqs	329.60352	0	0	0	0	0	0	0	0	0	0	0	0	0	0	0
S(5,5)InvDfMom	0.047110307	0	0	0	0	0	0	0	0	0	0	0	0	0	0	0
S(5,5)SumAverg	66.23225	0	0	0	0	0	0	0	0	0	0	0	0	0	0	0
S(5,5)SumVarnc	661.56102	0	0	0	0	0	0	0	0	0	0	0	0	0	0	0
S(5,5)SumEntrp	2.0166467	0	0	0	0	0	0	0	0	0	0	0	0	0	0	0
S(5,5)Entropy	3.5954522	0	0	0	0	0	0	0	0	0	0	0	0	0	0	0
S(5,5)DifVarnc	219.2697	0	0	0	0	0	0	0	0	0	0	0	0	0	0	0
S(5,5)DifEntrp	1.7195492	0	0	0	0	0	0	0	0	0	0	0	0	0	0	0
_Area_S(5,-5)	126002	0	0	0	0	0	0	0	0	0	0	0	0	0	0	0
S(5,-5)AngScMom	0.00026301067	0	0	0	0	0	0	0	0	0	0	0	0	0	0	0
S(5,-5)Contrast	656.76594	0	0	0	0	0	0	0	0	0	0	0	0	0	0	0
S(5,-5)Correlat	0.0036004932	0	0	0	0	0	0	0	0	0	0	0	0	0	0	0
S(5,-5)SumOfSqs	329.56958	0	0	0	0	0	0	0	0	0	0	0	0	0	0	0
S(5,-5)InvDfMom	0.045895568	0	0	0	0	0	0	0	0	0	0	0	0	0	0	0
S(5,-5)SumAverg	66.230965	0	0	0	0	0	0	0	0	0	0	0	0	0	0	0
S(5,-5)SumVarnc	661.51239	0	0	0	0	0	0	0	0	0	0	0	0	0	0	0
S(5,-5)SumEntrp	2.0170527	0	0	0	0	0	0	0	0	0	0	0	0	0	0	0
S(5,-5)Entropy	3.5956672	0	0	0	0	0	0	0	0	0	0	0	0	0	0	0
S(5,-5)DifVarnc	217.13552	0	0	0	0	0	0	0	0	0	0	0	0	0	0	0
S(5,-5)DifEntrp	1.7192554	0	0	0	0	0	0	0	0	0	0	0	0	0	0	0
Horzl_RLNonUni	61810.998	0	0	0	0	0	0	0	0	0	0	0	0	0	0	0
Horzl_GLevNonU	1024.9482	0	0	0	0	0	0	0	0	0	0	0	0	0	0	0
Horzl_LngREmph	1.0611324	0	0	0	0	0	0	0	0	0	0	0	0	0	0	0
Horzl_ShrtREmp	0.98539347	0	0	0	0	0	0	0	0	0	0	0	0	0	0	0
Horzl_Fraction	0.98043823	0	0	0	0	0	0	0	0	0	0	0	0	0	0	0
Vertl_RLNonUni	62516.318	0	0	0	0	0	0	0	0	0	0	0	0	0	0	0
Vertl_GLevNonU	1029.5755	0	0	0	0	0	0	0	0	0	0	0	0	0	0	0
Vertl_LngREmph	1.0482568	0	0	0	0	0	0	0	0	0	0	0	0	0	0	0
Vertl_ShrtREmp	0.9882033	0	0	0	0	0	0	0	0	0	0	0	0	0	0	0
Vertl_Fraction	0.98432922	0	0	0	0	0	0	0	0	0	0	0	0	0	0	0
45dgr_RLNonUni	62599.884	0	0	0	0	0	0	0	0	0	0	0	0	0	0	0
45dgr_GLevNonU	1030.2143	0	0	0	0	0	0	0	0	0	0	0	0	0	0	0
45dgr_LngREmph	1.0464504	0	0	0	0	0	0	0	0	0	0	0	0	0	0	0
45dgr_ShrtREmp	0.98852513	0	0	0	0	0	0	0	0	0	0	0	0	0	0	0
45dgr_Fraction	0.98483276	0	0	0	0	0	0	0	0	0	0	0	0	0	0	0
135dr_RLNonUni	62330.176	0	0	0	0	0	0	0	0	0	0	0	0	0	0	0
135dr_GLevNonU	1028.6845	0	0	0	0	0	0	0	0	0	0	0	0	0	0	0
135dr_LngREmph	1.0514718	0	0	0	0	0	0	0	0	0	0	0	0	0	0	0
135dr_ShrtREmp	0.98745963	0	0	0	0	0	0	0	0	0	0	0	0	0	0	0
135dr_Fraction	0.98332214	0	0	0	0	0	0	0	0	0	0	0	0	0	0	0
_AreaGr	64516	0	0	0	0	0	0	0	0	0	0	0	0	0	0	0
GrMean	8.1035444	0	0	0	0	0	0	0	0	0	0	0	0	0	0	0
GrVariance	14.959762	0	0	0	0	0	0	0	0	0	0	0	0	0	0	0
GrSkewness	0.19637893	0	0	0	0	0	0	0	0	0	0	0	0	0	0	0
GrKurtosis	-0.63359725	0	0	0	0	0	0	0	0	0	0	0	0	0	0	0
GrNonZeros	0.99572199	0	0	0	0	0	0	0	0	0	0	0	0	0	0	0
_AreaARM	64770	0	0	0	0	0	0	0	0	0	0	0	0	0	0	0
Teta1	0.049064051	0	0	0	0	0	0	0	0	0	0	0	0	0	0	0
Teta2	-0.0028600718	0	0	0	0	0	0	0	0	0	0	0	0	0	0	0
Teta3	-0.0023464906	0	0	0	0	0	0	0	0	0	0	0	0	0	0	0
Teta4	-0.0044204119	0	0	0	0	0	0	0	0	0	0	0	0	0	0	0
Sigma	0.99830741	0	0	0	0	0	0	0	0	0	0	0	0	0	0	0
WavEnLL_s-1	18298.9	0	0	0	0	0	0	0	0	0	0	0	0	0	0	0
WavEnLH_s-1	1387.1019	0	0	0	0	0	0	0	0	0	0	0	0	0	0	0
WavEnHL_s-1	1245.6649	0	0	0	0	0	0	0	0	0	0	0	0	0	0	0
WavEnHH_s-1	1256.0299	0	0	0	0	0	0	0	0	0	0	0	0	0	0	0
WavEnLL_s-2	17259.18	0	0	0	0	0	0	0	0	0	0	0	0	0	0	0
WavEnLH_s-2	388.03768	0	0	0	0	0	0	0	0	0	0	0	0	0	0	0
WavEnHL_s-2	330.88966	0	0	0	0	0	0	0	0	0	0	0	0	0	0	0
WavEnHH_s-2	320.79338	0	0	0	0	0	0	0	0	0	0	0	0	0	0	0
WavEnLL_s-3	17000.056	0	0	0	0	0	0	0	0	0	0	0	0	0	0	0
WavEnLH_s-3	89.394261	0	0	0	0	0	0	0	0	0	0	0	0	0	0	0
WavEnHL_s-3	85.276493	0	0	0	0	0	0	0	0	0	0	0	0	0	0	0
WavEnHH_s-3	84.453456	0	0	0	0	0	0	0	0	0	0	0	0	0	0	0
WavEnLL_s-4	16926.98	0	0	0	0	0	0	0	0	0	0	0	0	0	0	0
WavEnLH_s-4	29.350785	0	0	0	0	0	0	0	0	0	0	0	0	0	0	0
WavEnHL_s-4	22.399569	0	0	0	0	0	0	0	0	0	0	0	0	0	0	0
WavEnHH_s-4	21.324914	0	0	0	0	0	0	0	0	0	0	0	0	0	0	0
