Image File: cushion1-a-p007.png 
ROI File: allred.roi 
Image size: 256 x 256
Min. lum.: 1
Max. lum.: 256
Bits/pixel: 8

Normalisation =  No
Histogram analysis = Yes
CO matrix analysis = Yes, Dimensions = 6 x 6, Distances = 1 2 3 4 5
RL matrix analysis = Yes, Dimension = 6
Gradient analysis = Yes, Max pixel value = 16
AR model analysis = Yes
Wavelet analysis = Yes

--------------- CLASS NAMES ----------------

----------------- FEATURES -----------------
_Area	65536	0	0	0	0	0	0	0	0	0	0	0	0	0	0	0
Mean	125.64009	0	0	0	0	0	0	0	0	0	0	0	0	0	0	0
Variance	5575.9827	0	0	0	0	0	0	0	0	0	0	0	0	0	0	0
Skewness	0.023346285	0	0	0	0	0	0	0	0	0	0	0	0	0	0	0
Kurtosis	-1.2079502	0	0	0	0	0	0	0	0	0	0	0	0	0	0	0
Perc.01%	2	0	0	0	0	0	0	0	0	0	0	0	0	0	0	0
Perc.10%	22	0	0	0	0	0	0	0	0	0	0	0	0	0	0	0
Perc.50%	126	0	0	0	0	0	0	0	0	0	0	0	0	0	0	0
Perc.90%	230	0	0	0	0	0	0	0	0	0	0	0	0	0	0	0
Perc.99%	254	0	0	0	0	0	0	0	0	0	0	0	0	0	0	0
_Area_S(1,0)	130560	0	0	0	0	0	0	0	0	0	0	0	0	0	0	0
S(1,0)AngScMom	0.00026082779	0	0	0	0	0	0	0	0	0	0	0	0	0	0	0
S(1,0)Contrast	661.55014	0	0	0	0	0	0	0	0	0	0	0	0	0	0	0
S(1,0)Correlat	0.049615443	0	0	0	0	0	0	0	0	0	0	0	0	0	0	0
S(1,0)SumOfSqs	348.0434	0	0	0	0	0	0	0	0	0	0	0	0	0	0	0
S(1,0)InvDfMom	0.050528549	0	0	0	0	0	0	0	0	0	0	0	0	0	0	0
S(1,0)SumAverg	63.58053	0	0	0	0	0	0	0	0	0	0	0	0	0	0	0
S(1,0)SumVarnc	730.62345	0	0	0	0	0	0	0	0	0	0	0	0	0	0	0
S(1,0)SumEntrp	2.0354905	0	0	0	0	0	0	0	0	0	0	0	0	0	0	0
S(1,0)Entropy	3.5983991	0	0	0	0	0	0	0	0	0	0	0	0	0	0	0
S(1,0)DifVarnc	224.01307	0	0	0	0	0	0	0	0	0	0	0	0	0	0	0
S(1,0)DifEntrp	1.7209448	0	0	0	0	0	0	0	0	0	0	0	0	0	0	0
_Area_S(0,1)	130560	0	0	0	0	0	0	0	0	0	0	0	0	0	0	0
S(0,1)AngScMom	0.00025619137	0	0	0	0	0	0	0	0	0	0	0	0	0	0	0
S(0,1)Contrast	694.07883	0	0	0	0	0	0	0	0	0	0	0	0	0	0	0
S(0,1)Correlat	0.0022991255	0	0	0	0	0	0	0	0	0	0	0	0	0	0	0
S(0,1)SumOfSqs	347.83914	0	0	0	0	0	0	0	0	0	0	0	0	0	0	0
S(0,1)InvDfMom	0.047994308	0	0	0	0	0	0	0	0	0	0	0	0	0	0	0
S(0,1)SumAverg	63.591085	0	0	0	0	0	0	0	0	0	0	0	0	0	0	0
S(0,1)SumVarnc	697.27773	0	0	0	0	0	0	0	0	0	0	0	0	0	0	0
S(0,1)SumEntrp	2.0267248	0	0	0	0	0	0	0	0	0	0	0	0	0	0	0
S(0,1)Entropy	3.6018862	0	0	0	0	0	0	0	0	0	0	0	0	0	0	0
S(0,1)DifVarnc	231.60089	0	0	0	0	0	0	0	0	0	0	0	0	0	0	0
S(0,1)DifEntrp	1.7300284	0	0	0	0	0	0	0	0	0	0	0	0	0	0	0
_Area_S(1,1)	130050	0	0	0	0	0	0	0	0	0	0	0	0	0	0	0
S(1,1)AngScMom	0.0002562736	0	0	0	0	0	0	0	0	0	0	0	0	0	0	0
S(1,1)Contrast	695.71237	0	0	0	0	0	0	0	0	0	0	0	0	0	0	0
S(1,1)Correlat	-4.4897784e-05	0	0	0	0	0	0	0	0	0	0	0	0	0	0	0
S(1,1)SumOfSqs	347.84057	0	0	0	0	0	0	0	0	0	0	0	0	0	0	0
S(1,1)InvDfMom	0.046731767	0	0	0	0	0	0	0	0	0	0	0	0	0	0	0
S(1,1)SumAverg	63.581253	0	0	0	0	0	0	0	0	0	0	0	0	0	0	0
S(1,1)SumVarnc	695.6499	0	0	0	0	0	0	0	0	0	0	0	0	0	0	0
S(1,1)SumEntrp	2.0263328	0	0	0	0	0	0	0	0	0	0	0	0	0	0	0
S(1,1)Entropy	3.6017554	0	0	0	0	0	0	0	0	0	0	0	0	0	0	0
S(1,1)DifVarnc	232.92823	0	0	0	0	0	0	0	0	0	0	0	0	0	0	0
S(1,1)DifEntrp	1.7305134	0	0	0	0	0	0	0	0	0	0	0	0	0	0	0
_Area_S(1,-1)	130050	0	0	0	0	0	0	0	0	0	0	0	0	0	0	0
S(1,-1)AngScMom	0.00025597655	0	0	0	0	0	0	0	0	0	0	0	0	0	0	0
S(1,-1)Contrast	694.69003	0	0	0	0	0	0	0	0	0	0	0	0	0	0	0
S(1,-1)Correlat	0.0014237424	0	0	0	0	0	0	0	0	0	0	0	0	0	0	0
S(1,-1)SumOfSqs	347.84025	0	0	0	0	0	0	0	0	0	0	0	0	0	0	0
S(1,-1)InvDfMom	0.047303025	0	0	0	0	0	0	0	0	0	0	0	0	0	0	0
S(1,-1)SumAverg	63.581192	0	0	0	0	0	0	0	0	0	0	0	0	0	0	0
S(1,-1)SumVarnc	696.67097	0	0	0	0	0	0	0	0	0	0	0	0	0	0	0
S(1,-1)SumEntrp	2.0267657	0	0	0	0	0	0	0	0	0	0	0	0	0	0	0
S(1,-1)Entropy	3.6020188	0	0	0	0	0	0	0	0	0	0	0	0	0	0	0
S(1,-1)DifVarnc	231.76428	0	0	0	0	0	0	0	0	0	0	0	0	0	0	0
S(1,-1)DifEntrp	1.7302842	0	0	0	0	0	0	0	0	0	0	0	0	0	0	0
_Area_S(2,0)	130048	0	0	0	0	0	0	0	0	0	0	0	0	0	0	0
S(2,0)AngScMom	0.00025840701	0	0	0	0	0	0	0	0	0	0	0	0	0	0	0
S(2,0)Contrast	671.03342	0	0	0	0	0	0	0	0	0	0	0	0	0	0	0
S(2,0)Correlat	0.035940119	0	0	0	0	0	0	0	0	0	0	0	0	0	0	0
S(2,0)SumOfSqs	348.02476	0	0	0	0	0	0	0	0	0	0	0	0	0	0	0
S(2,0)InvDfMom	0.050052624	0	0	0	0	0	0	0	0	0	0	0	0	0	0	0
S(2,0)SumAverg	63.585461	0	0	0	0	0	0	0	0	0	0	0	0	0	0	0
S(2,0)SumVarnc	721.06562	0	0	0	0	0	0	0	0	0	0	0	0	0	0	0
S(2,0)SumEntrp	2.0332178	0	0	0	0	0	0	0	0	0	0	0	0	0	0	0
S(2,0)Entropy	3.6002945	0	0	0	0	0	0	0	0	0	0	0	0	0	0	0
S(2,0)DifVarnc	227.22634	0	0	0	0	0	0	0	0	0	0	0	0	0	0	0
S(2,0)DifEntrp	1.7239628	0	0	0	0	0	0	0	0	0	0	0	0	0	0	0
_Area_S(0,2)	130048	0	0	0	0	0	0	0	0	0	0	0	0	0	0	0
S(0,2)AngScMom	0.00025673842	0	0	0	0	0	0	0	0	0	0	0	0	0	0	0
S(0,2)Contrast	699.56478	0	0	0	0	0	0	0	0	0	0	0	0	0	0	0
S(0,2)Correlat	-0.0057305264	0	0	0	0	0	0	0	0	0	0	0	0	0	0	0
S(0,2)SumOfSqs	347.78937	0	0	0	0	0	0	0	0	0	0	0	0	0	0	0
S(0,2)InvDfMom	0.046735806	0	0	0	0	0	0	0	0	0	0	0	0	0	0	0
S(0,2)SumAverg	63.585876	0	0	0	0	0	0	0	0	0	0	0	0	0	0	0
S(0,2)SumVarnc	691.59271	0	0	0	0	0	0	0	0	0	0	0	0	0	0	0
S(0,2)SumEntrp	2.0253116	0	0	0	0	0	0	0	0	0	0	0	0	0	0	0
S(0,2)Entropy	3.6013294	0	0	0	0	0	0	0	0	0	0	0	0	0	0	0
S(0,2)DifVarnc	233.017	0	0	0	0	0	0	0	0	0	0	0	0	0	0	0
S(0,2)DifEntrp	1.7315846	0	0	0	0	0	0	0	0	0	0	0	0	0	0	0
_Area_S(2,2)	129032	0	0	0	0	0	0	0	0	0	0	0	0	0	0	0
S(2,2)AngScMom	0.00025649265	0	0	0	0	0	0	0	0	0	0	0	0	0	0	0
S(2,2)Contrast	695.54106	0	0	0	0	0	0	0	0	0	0	0	0	0	0	0
S(2,2)Correlat	-8.8223192e-07	0	0	0	0	0	0	0	0	0	0	0	0	0	0	0
S(2,2)SumOfSqs	347.77022	0	0	0	0	0	0	0	0	0	0	0	0	0	0	0
S(2,2)InvDfMom	0.046834363	0	0	0	0	0	0	0	0	0	0	0	0	0	0	0
S(2,2)SumAverg	63.580027	0	0	0	0	0	0	0	0	0	0	0	0	0	0	0
S(2,2)SumVarnc	695.53983	0	0	0	0	0	0	0	0	0	0	0	0	0	0	0
S(2,2)SumEntrp	2.0260682	0	0	0	0	0	0	0	0	0	0	0	0	0	0	0
S(2,2)Entropy	3.6015449	0	0	0	0	0	0	0	0	0	0	0	0	0	0	0
S(2,2)DifVarnc	232.20202	0	0	0	0	0	0	0	0	0	0	0	0	0	0	0
S(2,2)DifEntrp	1.7306551	0	0	0	0	0	0	0	0	0	0	0	0	0	0	0
_Area_S(2,-2)	129032	0	0	0	0	0	0	0	0	0	0	0	0	0	0	0
S(2,-2)AngScMom	0.00025677554	0	0	0	0	0	0	0	0	0	0	0	0	0	0	0
S(2,-2)Contrast	696.22179	0	0	0	0	0	0	0	0	0	0	0	0	0	0	0
S(2,-2)Correlat	-0.0009829008	0	0	0	0	0	0	0	0	0	0	0	0	0	0	0
S(2,-2)SumOfSqs	347.76907	0	0	0	0	0	0	0	0	0	0	0	0	0	0	0
S(2,-2)InvDfMom	0.04634547	0	0	0	0	0	0	0	0	0	0	0	0	0	0	0
S(2,-2)SumAverg	63.581267	0	0	0	0	0	0	0	0	0	0	0	0	0	0	0
S(2,-2)SumVarnc	694.8545	0	0	0	0	0	0	0	0	0	0	0	0	0	0	0
S(2,-2)SumEntrp	2.0258044	0	0	0	0	0	0	0	0	0	0	0	0	0	0	0
S(2,-2)Entropy	3.6013096	0	0	0	0	0	0	0	0	0	0	0	0	0	0	0
S(2,-2)DifVarnc	232.20054	0	0	0	0	0	0	0	0	0	0	0	0	0	0	0
S(2,-2)DifEntrp	1.7305226	0	0	0	0	0	0	0	0	0	0	0	0	0	0	0
_Area_S(3,0)	129536	0	0	0	0	0	0	0	0	0	0	0	0	0	0	0
S(3,0)AngScMom	0.00025701175	0	0	0	0	0	0	0	0	0	0	0	0	0	0	0
S(3,0)Contrast	677.59838	0	0	0	0	0	0	0	0	0	0	0	0	0	0	0
S(3,0)Correlat	0.026560478	0	0	0	0	0	0	0	0	0	0	0	0	0	0	0
S(3,0)SumOfSqs	348.04339	0	0	0	0	0	0	0	0	0	0	0	0	0	0	0
S(3,0)InvDfMom	0.048408635	0	0	0	0	0	0	0	0	0	0	0	0	0	0	0
S(3,0)SumAverg	63.591218	0	0	0	0	0	0	0	0	0	0	0	0	0	0	0
S(3,0)SumVarnc	714.57518	0	0	0	0	0	0	0	0	0	0	0	0	0	0	0
S(3,0)SumEntrp	2.0312804	0	0	0	0	0	0	0	0	0	0	0	0	0	0	0
S(3,0)Entropy	3.6011905	0	0	0	0	0	0	0	0	0	0	0	0	0	0	0
S(3,0)DifVarnc	226.93179	0	0	0	0	0	0	0	0	0	0	0	0	0	0	0
S(3,0)DifEntrp	1.7256776	0	0	0	0	0	0	0	0	0	0	0	0	0	0	0
_Area_S(0,3)	129536	0	0	0	0	0	0	0	0	0	0	0	0	0	0	0
S(0,3)AngScMom	0.00025644892	0	0	0	0	0	0	0	0	0	0	0	0	0	0	0
S(0,3)Contrast	698.95495	0	0	0	0	0	0	0	0	0	0	0	0	0	0	0
S(0,3)Correlat	-0.00512764	0	0	0	0	0	0	0	0	0	0	0	0	0	0	0
S(0,3)SumOfSqs	347.69462	0	0	0	0	0	0	0	0	0	0	0	0	0	0	0
S(0,3)InvDfMom	0.046625026	0	0	0	0	0	0	0	0	0	0	0	0	0	0	0
S(0,3)SumAverg	63.584023	0	0	0	0	0	0	0	0	0	0	0	0	0	0	0
S(0,3)SumVarnc	691.82354	0	0	0	0	0	0	0	0	0	0	0	0	0	0	0
S(0,3)SumEntrp	2.0250758	0	0	0	0	0	0	0	0	0	0	0	0	0	0	0
S(0,3)Entropy	3.6014894	0	0	0	0	0	0	0	0	0	0	0	0	0	0	0
S(0,3)DifVarnc	233.68056	0	0	0	0	0	0	0	0	0	0	0	0	0	0	0
S(0,3)DifEntrp	1.731362	0	0	0	0	0	0	0	0	0	0	0	0	0	0	0
_Area_S(3,3)	128018	0	0	0	0	0	0	0	0	0	0	0	0	0	0	0
S(3,3)AngScMom	0.00025626313	0	0	0	0	0	0	0	0	0	0	0	0	0	0	0
S(3,3)Contrast	694.91737	0	0	0	0	0	0	0	0	0	0	0	0	0	0	0
S(3,3)Correlat	0.00065069687	0	0	0	0	0	0	0	0	0	0	0	0	0	0	0
S(3,3)SumOfSqs	347.68492	0	0	0	0	0	0	0	0	0	0	0	0	0	0	0
S(3,3)InvDfMom	0.046711334	0	0	0	0	0	0	0	0	0	0	0	0	0	0	0
S(3,3)SumAverg	63.58434	0	0	0	0	0	0	0	0	0	0	0	0	0	0	0
S(3,3)SumVarnc	695.82232	0	0	0	0	0	0	0	0	0	0	0	0	0	0	0
S(3,3)SumEntrp	2.0264064	0	0	0	0	0	0	0	0	0	0	0	0	0	0	0
S(3,3)Entropy	3.6017457	0	0	0	0	0	0	0	0	0	0	0	0	0	0	0
S(3,3)DifVarnc	231.95871	0	0	0	0	0	0	0	0	0	0	0	0	0	0	0
S(3,3)DifEntrp	1.7302042	0	0	0	0	0	0	0	0	0	0	0	0	0	0	0
_Area_S(3,-3)	128018	0	0	0	0	0	0	0	0	0	0	0	0	0	0	0
S(3,-3)AngScMom	0.00025632292	0	0	0	0	0	0	0	0	0	0	0	0	0	0	0
S(3,-3)Contrast	692.40297	0	0	0	0	0	0	0	0	0	0	0	0	0	0	0
S(3,-3)Correlat	0.0042677347	0	0	0	0	0	0	0	0	0	0	0	0	0	0	0
S(3,-3)SumOfSqs	347.68532	0	0	0	0	0	0	0	0	0	0	0	0	0	0	0
S(3,-3)InvDfMom	0.046635033	0	0	0	0	0	0	0	0	0	0	0	0	0	0	0
S(3,-3)SumAverg	63.584652	0	0	0	0	0	0	0	0	0	0	0	0	0	0	0
S(3,-3)SumVarnc	698.33829	0	0	0	0	0	0	0	0	0	0	0	0	0	0	0
S(3,-3)SumEntrp	2.0271837	0	0	0	0	0	0	0	0	0	0	0	0	0	0	0
S(3,-3)Entropy	3.6016468	0	0	0	0	0	0	0	0	0	0	0	0	0	0	0
S(3,-3)DifVarnc	231.05776	0	0	0	0	0	0	0	0	0	0	0	0	0	0	0
S(3,-3)DifEntrp	1.729688	0	0	0	0	0	0	0	0	0	0	0	0	0	0	0
_Area_S(4,0)	129024	0	0	0	0	0	0	0	0	0	0	0	0	0	0	0
S(4,0)AngScMom	0.00025659906	0	0	0	0	0	0	0	0	0	0	0	0	0	0	0
S(4,0)Contrast	692.71081	0	0	0	0	0	0	0	0	0	0	0	0	0	0	0
S(4,0)Correlat	0.0047224014	0	0	0	0	0	0	0	0	0	0	0	0	0	0	0
S(4,0)SumOfSqs	347.9988	0	0	0	0	0	0	0	0	0	0	0	0	0	0	0
S(4,0)InvDfMom	0.04726043	0	0	0	0	0	0	0	0	0	0	0	0	0	0	0
S(4,0)SumAverg	63.59034	0	0	0	0	0	0	0	0	0	0	0	0	0	0	0
S(4,0)SumVarnc	699.28437	0	0	0	0	0	0	0	0	0	0	0	0	0	0	0
S(4,0)SumEntrp	2.0277148	0	0	0	0	0	0	0	0	0	0	0	0	0	0	0
S(4,0)Entropy	3.6014986	0	0	0	0	0	0	0	0	0	0	0	0	0	0	0
S(4,0)DifVarnc	230.70873	0	0	0	0	0	0	0	0	0	0	0	0	0	0	0
S(4,0)DifEntrp	1.7296416	0	0	0	0	0	0	0	0	0	0	0	0	0	0	0
_Area_S(0,4)	129024	0	0	0	0	0	0	0	0	0	0	0	0	0	0	0
S(0,4)AngScMom	0.00025638617	0	0	0	0	0	0	0	0	0	0	0	0	0	0	0
S(0,4)Contrast	691.15627	0	0	0	0	0	0	0	0	0	0	0	0	0	0	0
S(0,4)Correlat	0.006028743	0	0	0	0	0	0	0	0	0	0	0	0	0	0	0
S(0,4)SumOfSqs	347.67417	0	0	0	0	0	0	0	0	0	0	0	0	0	0	0
S(0,4)InvDfMom	0.046610075	0	0	0	0	0	0	0	0	0	0	0	0	0	0	0
S(0,4)SumAverg	63.582636	0	0	0	0	0	0	0	0	0	0	0	0	0	0	0
S(0,4)SumVarnc	699.54042	0	0	0	0	0	0	0	0	0	0	0	0	0	0	0
S(0,4)SumEntrp	2.0273263	0	0	0	0	0	0	0	0	0	0	0	0	0	0	0
S(0,4)Entropy	3.60165	0	0	0	0	0	0	0	0	0	0	0	0	0	0	0
S(0,4)DifVarnc	231.14912	0	0	0	0	0	0	0	0	0	0	0	0	0	0	0
S(0,4)DifEntrp	1.7291907	0	0	0	0	0	0	0	0	0	0	0	0	0	0	0
_Area_S(4,4)	127008	0	0	0	0	0	0	0	0	0	0	0	0	0	0	0
S(4,4)AngScMom	0.00025672468	0	0	0	0	0	0	0	0	0	0	0	0	0	0	0
S(4,4)Contrast	694.30869	0	0	0	0	0	0	0	0	0	0	0	0	0	0	0
S(4,4)Correlat	0.0013499078	0	0	0	0	0	0	0	0	0	0	0	0	0	0	0
S(4,4)SumOfSqs	347.6236	0	0	0	0	0	0	0	0	0	0	0	0	0	0	0
S(4,4)InvDfMom	0.046200343	0	0	0	0	0	0	0	0	0	0	0	0	0	0	0
S(4,4)SumAverg	63.583192	0	0	0	0	0	0	0	0	0	0	0	0	0	0	0
S(4,4)SumVarnc	696.18573	0	0	0	0	0	0	0	0	0	0	0	0	0	0	0
S(4,4)SumEntrp	2.0265292	0	0	0	0	0	0	0	0	0	0	0	0	0	0	0
S(4,4)Entropy	3.6012566	0	0	0	0	0	0	0	0	0	0	0	0	0	0	0
S(4,4)DifVarnc	230.39486	0	0	0	0	0	0	0	0	0	0	0	0	0	0	0
S(4,4)DifEntrp	1.7299661	0	0	0	0	0	0	0	0	0	0	0	0	0	0	0
_Area_S(4,-4)	127008	0	0	0	0	0	0	0	0	0	0	0	0	0	0	0
S(4,-4)AngScMom	0.0002565971	0	0	0	0	0	0	0	0	0	0	0	0	0	0	0
S(4,-4)Contrast	693.66575	0	0	0	0	0	0	0	0	0	0	0	0	0	0	0
S(4,-4)Correlat	0.0022187266	0	0	0	0	0	0	0	0	0	0	0	0	0	0	0
S(4,-4)SumOfSqs	347.60412	0	0	0	0	0	0	0	0	0	0	0	0	0	0	0
S(4,-4)InvDfMom	0.045985736	0	0	0	0	0	0	0	0	0	0	0	0	0	0	0
S(4,-4)SumAverg	63.5822	0	0	0	0	0	0	0	0	0	0	0	0	0	0	0
S(4,-4)SumVarnc	696.75071	0	0	0	0	0	0	0	0	0	0	0	0	0	0	0
S(4,-4)SumEntrp	2.0266102	0	0	0	0	0	0	0	0	0	0	0	0	0	0	0
S(4,-4)Entropy	3.6014727	0	0	0	0	0	0	0	0	0	0	0	0	0	0	0
S(4,-4)DifVarnc	230.51339	0	0	0	0	0	0	0	0	0	0	0	0	0	0	0
S(4,-4)DifEntrp	1.7296554	0	0	0	0	0	0	0	0	0	0	0	0	0	0	0
_Area_S(5,0)	128512	0	0	0	0	0	0	0	0	0	0	0	0	0	0	0
S(5,0)AngScMom	0.00025631307	0	0	0	0	0	0	0	0	0	0	0	0	0	0	0
S(5,0)Contrast	693.89512	0	0	0	0	0	0	0	0	0	0	0	0	0	0	0
S(5,0)Correlat	0.0029057266	0	0	0	0	0	0	0	0	0	0	0	0	0	0	0
S(5,0)SumOfSqs	347.95863	0	0	0	0	0	0	0	0	0	0	0	0	0	0	0
S(5,0)InvDfMom	0.046333843	0	0	0	0	0	0	0	0	0	0	0	0	0	0	0
S(5,0)SumAverg	63.585984	0	0	0	0	0	0	0	0	0	0	0	0	0	0	0
S(5,0)SumVarnc	697.93941	0	0	0	0	0	0	0	0	0	0	0	0	0	0	0
S(5,0)SumEntrp	2.0268628	0	0	0	0	0	0	0	0	0	0	0	0	0	0	0
S(5,0)Entropy	3.6017331	0	0	0	0	0	0	0	0	0	0	0	0	0	0	0
S(5,0)DifVarnc	229.44017	0	0	0	0	0	0	0	0	0	0	0	0	0	0	0
S(5,0)DifEntrp	1.7294338	0	0	0	0	0	0	0	0	0	0	0	0	0	0	0
_Area_S(0,5)	128512	0	0	0	0	0	0	0	0	0	0	0	0	0	0	0
S(0,5)AngScMom	0.00025683876	0	0	0	0	0	0	0	0	0	0	0	0	0	0	0
S(0,5)Contrast	691.15099	0	0	0	0	0	0	0	0	0	0	0	0	0	0	0
S(0,5)Correlat	0.006158538	0	0	0	0	0	0	0	0	0	0	0	0	0	0	0
S(0,5)SumOfSqs	347.71692	0	0	0	0	0	0	0	0	0	0	0	0	0	0	0
S(0,5)InvDfMom	0.048116272	0	0	0	0	0	0	0	0	0	0	0	0	0	0	0
S(0,5)SumAverg	63.58158	0	0	0	0	0	0	0	0	0	0	0	0	0	0	0
S(0,5)SumVarnc	699.7167	0	0	0	0	0	0	0	0	0	0	0	0	0	0	0
S(0,5)SumEntrp	2.0275087	0	0	0	0	0	0	0	0	0	0	0	0	0	0	0
S(0,5)Entropy	3.6013066	0	0	0	0	0	0	0	0	0	0	0	0	0	0	0
S(0,5)DifVarnc	231.68467	0	0	0	0	0	0	0	0	0	0	0	0	0	0	0
S(0,5)DifEntrp	1.7295067	0	0	0	0	0	0	0	0	0	0	0	0	0	0	0
_Area_S(5,5)	126002	0	0	0	0	0	0	0	0	0	0	0	0	0	0	0
S(5,5)AngScMom	0.00025652562	0	0	0	0	0	0	0	0	0	0	0	0	0	0	0
S(5,5)Contrast	696.32687	0	0	0	0	0	0	0	0	0	0	0	0	0	0	0
S(5,5)Correlat	-0.001541505	0	0	0	0	0	0	0	0	0	0	0	0	0	0	0
S(5,5)SumOfSqs	347.62756	0	0	0	0	0	0	0	0	0	0	0	0	0	0	0
S(5,5)InvDfMom	0.047905896	0	0	0	0	0	0	0	0	0	0	0	0	0	0	0
S(5,5)SumAverg	63.577515	0	0	0	0	0	0	0	0	0	0	0	0	0	0	0
S(5,5)SumVarnc	694.18339	0	0	0	0	0	0	0	0	0	0	0	0	0	0	0
S(5,5)SumEntrp	2.0261619	0	0	0	0	0	0	0	0	0	0	0	0	0	0	0
S(5,5)Entropy	3.6014823	0	0	0	0	0	0	0	0	0	0	0	0	0	0	0
S(5,5)DifVarnc	233.09521	0	0	0	0	0	0	0	0	0	0	0	0	0	0	0
S(5,5)DifEntrp	1.7302966	0	0	0	0	0	0	0	0	0	0	0	0	0	0	0
_Area_S(5,-5)	126002	0	0	0	0	0	0	0	0	0	0	0	0	0	0	0
S(5,-5)AngScMom	0.00025670286	0	0	0	0	0	0	0	0	0	0	0	0	0	0	0
S(5,-5)Contrast	693.35509	0	0	0	0	0	0	0	0	0	0	0	0	0	0	0
S(5,-5)Correlat	0.0026777041	0	0	0	0	0	0	0	0	0	0	0	0	0	0	0
S(5,-5)SumOfSqs	347.60834	0	0	0	0	0	0	0	0	0	0	0	0	0	0	0
S(5,-5)InvDfMom	0.046562883	0	0	0	0	0	0	0	0	0	0	0	0	0	0	0
S(5,-5)SumAverg	63.577753	0	0	0	0	0	0	0	0	0	0	0	0	0	0	0
S(5,-5)SumVarnc	697.07826	0	0	0	0	0	0	0	0	0	0	0	0	0	0	0
S(5,-5)SumEntrp	2.0265821	0	0	0	0	0	0	0	0	0	0	0	0	0	0	0
S(5,-5)Entropy	3.6013974	0	0	0	0	0	0	0	0	0	0	0	0	0	0	0
S(5,-5)DifVarnc	231.02694	0	0	0	0	0	0	0	0	0	0	0	0	0	0	0
S(5,-5)DifEntrp	1.7299479	0	0	0	0	0	0	0	0	0	0	0	0	0	0	0
Horzl_RLNonUni	62104.013	0	0	0	0	0	0	0	0	0	0	0	0	0	0	0
Horzl_GLevNonU	1014.5827	0	0	0	0	0	0	0	0	0	0	0	0	0	0	0
Horzl_LngREmph	1.0557178	0	0	0	0	0	0	0	0	0	0	0	0	0	0	0
Horzl_ShrtREmp	0.9865631	0	0	0	0	0	0	0	0	0	0	0	0	0	0	0
Horzl_Fraction	0.98205566	0	0	0	0	0	0	0	0	0	0	0	0	0	0	0
Vertl_RLNonUni	62319.313	0	0	0	0	0	0	0	0	0	0	0	0	0	0	0
Vertl_GLevNonU	1016.2206	0	0	0	0	0	0	0	0	0	0	0	0	0	0	0
Vertl_LngREmph	1.0517707	0	0	0	0	0	0	0	0	0	0	0	0	0	0	0
Vertl_ShrtREmp	0.98741943	0	0	0	0	0	0	0	0	0	0	0	0	0	0	0
Vertl_Fraction	0.98324585	0	0	0	0	0	0	0	0	0	0	0	0	0	0	0
45dgr_RLNonUni	62539.94	0	0	0	0	0	0	0	0	0	0	0	0	0	0	0
45dgr_GLevNonU	1017.3726	0	0	0	0	0	0	0	0	0	0	0	0	0	0	0
45dgr_LngREmph	1.0476604	0	0	0	0	0	0	0	0	0	0	0	0	0	0	0
45dgr_ShrtREmp	0.98829156	0	0	0	0	0	0	0	0	0	0	0	0	0	0	0
45dgr_Fraction	0.98448181	0	0	0	0	0	0	0	0	0	0	0	0	0	0	0
135dr_RLNonUni	62451.685	0	0	0	0	0	0	0	0	0	0	0	0	0	0	0
135dr_GLevNonU	1017.0063	0	0	0	0	0	0	0	0	0	0	0	0	0	0	0
135dr_LngREmph	1.0492657	0	0	0	0	0	0	0	0	0	0	0	0	0	0	0
135dr_ShrtREmp	0.98794201	0	0	0	0	0	0	0	0	0	0	0	0	0	0	0
135dr_Fraction	0.98399353	0	0	0	0	0	0	0	0	0	0	0	0	0	0	0
_AreaGr	64516	0	0	0	0	0	0	0	0	0	0	0	0	0	0	0
GrMean	8.3263645	0	0	0	0	0	0	0	0	0	0	0	0	0	0	0
GrVariance	15.831165	0	0	0	0	0	0	0	0	0	0	0	0	0	0	0
GrSkewness	0.18685177	0	0	0	0	0	0	0	0	0	0	0	0	0	0	0
GrKurtosis	-0.65580743	0	0	0	0	0	0	0	0	0	0	0	0	0	0	0
GrNonZeros	0.99606299	0	0	0	0	0	0	0	0	0	0	0	0	0	0	0
_AreaARM	64770	0	0	0	0	0	0	0	0	0	0	0	0	0	0	0
Teta1	0.048585396	0	0	0	0	0	0	0	0	0	0	0	0	0	0	0
Teta2	0.0011788738	0	0	0	0	0	0	0	0	0	0	0	0	0	0	0
Teta3	0.0024494971	0	0	0	0	0	0	0	0	0	0	0	0	0	0	0
Teta4	-0.00010773472	0	0	0	0	0	0	0	0	0	0	0	0	0	0	0
Sigma	0.99822374	0	0	0	0	0	0	0	0	0	0	0	0	0	0	0
WavEnLL_s-1	16987.586	0	0	0	0	0	0	0	0	0	0	0	0	0	0	0
WavEnLH_s-1	1455.9303	0	0	0	0	0	0	0	0	0	0	0	0	0	0	0
WavEnHL_s-1	1332.7356	0	0	0	0	0	0	0	0	0	0	0	0	0	0	0
WavEnHH_s-1	1334.8835	0	0	0	0	0	0	0	0	0	0	0	0	0	0	0
WavEnLL_s-2	15925.678	0	0	0	0	0	0	0	0	0	0	0	0	0	0	0
WavEnLH_s-2	397.9448	0	0	0	0	0	0	0	0	0	0	0	0	0	0	0
WavEnHL_s-2	324.76539	0	0	0	0	0	0	0	0	0	0	0	0	0	0	0
WavEnHH_s-2	339.19707	0	0	0	0	0	0	0	0	0	0	0	0	0	0	0
WavEnLL_s-3	15646.943	0	0	0	0	0	0	0	0	0	0	0	0	0	0	0
WavEnLH_s-3	96.09109	0	0	0	0	0	0	0	0	0	0	0	0	0	0	0
WavEnHL_s-3	91.14327	0	0	0	0	0	0	0	0	0	0	0	0	0	0	0
WavEnHH_s-3	91.501307	0	0	0	0	0	0	0	0	0	0	0	0	0	0	0
WavEnLL_s-4	15563.385	0	0	0	0	0	0	0	0	0	0	0	0	0	0	0
WavEnLH_s-4	27.033934	0	0	0	0	0	0	0	0	0	0	0	0	0	0	0
WavEnHL_s-4	27.640926	0	0	0	0	0	0	0	0	0	0	0	0	0	0	0
WavEnHH_s-4	28.882959	0	0	0	0	0	0	0	0	0	0	0	0	0	0	0
