Image File: cushion1-a-p019.png 
ROI File: allred.roi 
Image size: 256 x 256
Min. lum.: 1
Max. lum.: 256
Bits/pixel: 8

Normalisation =  No
Histogram analysis = Yes
CO matrix analysis = Yes, Dimensions = 6 x 6, Distances = 1 2 3 4 5
RL matrix analysis = Yes, Dimension = 6
Gradient analysis = Yes, Max pixel value = 16
AR model analysis = Yes
Wavelet analysis = Yes

--------------- CLASS NAMES ----------------

----------------- FEATURES -----------------
_Area	65536	0	0	0	0	0	0	0	0	0	0	0	0	0	0	0
Mean	126.03308	0	0	0	0	0	0	0	0	0	0	0	0	0	0	0
Variance	5615.3995	0	0	0	0	0	0	0	0	0	0	0	0	0	0	0
Skewness	0.018166911	0	0	0	0	0	0	0	0	0	0	0	0	0	0	0
Kurtosis	-1.215728	0	0	0	0	0	0	0	0	0	0	0	0	0	0	0
Perc.01%	2	0	0	0	0	0	0	0	0	0	0	0	0	0	0	0
Perc.10%	23	0	0	0	0	0	0	0	0	0	0	0	0	0	0	0
Perc.50%	126	0	0	0	0	0	0	0	0	0	0	0	0	0	0	0
Perc.90%	230	0	0	0	0	0	0	0	0	0	0	0	0	0	0	0
Perc.99%	254	0	0	0	0	0	0	0	0	0	0	0	0	0	0	0
_Area_S(1,0)	130560	0	0	0	0	0	0	0	0	0	0	0	0	0	0	0
S(1,0)AngScMom	0.0002609111	0	0	0	0	0	0	0	0	0	0	0	0	0	0	0
S(1,0)Contrast	663.15469	0	0	0	0	0	0	0	0	0	0	0	0	0	0	0
S(1,0)Correlat	0.053801844	0	0	0	0	0	0	0	0	0	0	0	0	0	0	0
S(1,0)SumOfSqs	350.43119	0	0	0	0	0	0	0	0	0	0	0	0	0	0	0
S(1,0)InvDfMom	0.051953802	0	0	0	0	0	0	0	0	0	0	0	0	0	0	0
S(1,0)SumAverg	63.783487	0	0	0	0	0	0	0	0	0	0	0	0	0	0	0
S(1,0)SumVarnc	738.57006	0	0	0	0	0	0	0	0	0	0	0	0	0	0	0
S(1,0)SumEntrp	2.0377041	0	0	0	0	0	0	0	0	0	0	0	0	0	0	0
S(1,0)Entropy	3.5982403	0	0	0	0	0	0	0	0	0	0	0	0	0	0	0
S(1,0)DifVarnc	226.47914	0	0	0	0	0	0	0	0	0	0	0	0	0	0	0
S(1,0)DifEntrp	1.7213008	0	0	0	0	0	0	0	0	0	0	0	0	0	0	0
_Area_S(0,1)	130560	0	0	0	0	0	0	0	0	0	0	0	0	0	0	0
S(0,1)AngScMom	0.00025588667	0	0	0	0	0	0	0	0	0	0	0	0	0	0	0
S(0,1)Contrast	700.26492	0	0	0	0	0	0	0	0	0	0	0	0	0	0	0
S(0,1)Correlat	0.00039632725	0	0	0	0	0	0	0	0	0	0	0	0	0	0	0
S(0,1)SumOfSqs	350.27128	0	0	0	0	0	0	0	0	0	0	0	0	0	0	0
S(0,1)InvDfMom	0.046785108	0	0	0	0	0	0	0	0	0	0	0	0	0	0	0
S(0,1)SumAverg	63.781985	0	0	0	0	0	0	0	0	0	0	0	0	0	0	0
S(0,1)SumVarnc	700.82021	0	0	0	0	0	0	0	0	0	0	0	0	0	0	0
S(0,1)SumEntrp	2.0276789	0	0	0	0	0	0	0	0	0	0	0	0	0	0	0
S(0,1)Entropy	3.6020637	0	0	0	0	0	0	0	0	0	0	0	0	0	0	0
S(0,1)DifVarnc	233.7658	0	0	0	0	0	0	0	0	0	0	0	0	0	0	0
S(0,1)DifEntrp	1.7315547	0	0	0	0	0	0	0	0	0	0	0	0	0	0	0
_Area_S(1,1)	130050	0	0	0	0	0	0	0	0	0	0	0	0	0	0	0
S(1,1)AngScMom	0.00025525592	0	0	0	0	0	0	0	0	0	0	0	0	0	0	0
S(1,1)Contrast	701.12534	0	0	0	0	0	0	0	0	0	0	0	0	0	0	0
S(1,1)Correlat	-0.00079065782	0	0	0	0	0	0	0	0	0	0	0	0	0	0	0
S(1,1)SumOfSqs	350.28571	0	0	0	0	0	0	0	0	0	0	0	0	0	0	0
S(1,1)InvDfMom	0.046628758	0	0	0	0	0	0	0	0	0	0	0	0	0	0	0
S(1,1)SumAverg	63.782776	0	0	0	0	0	0	0	0	0	0	0	0	0	0	0
S(1,1)SumVarnc	700.01751	0	0	0	0	0	0	0	0	0	0	0	0	0	0	0
S(1,1)SumEntrp	2.027791	0	0	0	0	0	0	0	0	0	0	0	0	0	0	0
S(1,1)Entropy	3.6026097	0	0	0	0	0	0	0	0	0	0	0	0	0	0	0
S(1,1)DifVarnc	233.68863	0	0	0	0	0	0	0	0	0	0	0	0	0	0	0
S(1,1)DifEntrp	1.7317114	0	0	0	0	0	0	0	0	0	0	0	0	0	0	0
_Area_S(1,-1)	130050	0	0	0	0	0	0	0	0	0	0	0	0	0	0	0
S(1,-1)AngScMom	0.00025597217	0	0	0	0	0	0	0	0	0	0	0	0	0	0	0
S(1,-1)Contrast	699.25567	0	0	0	0	0	0	0	0	0	0	0	0	0	0	0
S(1,-1)Correlat	0.0018622414	0	0	0	0	0	0	0	0	0	0	0	0	0	0	0
S(1,-1)SumOfSqs	350.28014	0	0	0	0	0	0	0	0	0	0	0	0	0	0	0
S(1,-1)InvDfMom	0.046629235	0	0	0	0	0	0	0	0	0	0	0	0	0	0	0
S(1,-1)SumAverg	63.782391	0	0	0	0	0	0	0	0	0	0	0	0	0	0	0
S(1,-1)SumVarnc	701.8649	0	0	0	0	0	0	0	0	0	0	0	0	0	0	0
S(1,-1)SumEntrp	2.0279389	0	0	0	0	0	0	0	0	0	0	0	0	0	0	0
S(1,-1)Entropy	3.6019855	0	0	0	0	0	0	0	0	0	0	0	0	0	0	0
S(1,-1)DifVarnc	233.7952	0	0	0	0	0	0	0	0	0	0	0	0	0	0	0
S(1,-1)DifEntrp	1.7313302	0	0	0	0	0	0	0	0	0	0	0	0	0	0	0
_Area_S(2,0)	130048	0	0	0	0	0	0	0	0	0	0	0	0	0	0	0
S(2,0)AngScMom	0.00025772006	0	0	0	0	0	0	0	0	0	0	0	0	0	0	0
S(2,0)Contrast	683.04341	0	0	0	0	0	0	0	0	0	0	0	0	0	0	0
S(2,0)Correlat	0.025704233	0	0	0	0	0	0	0	0	0	0	0	0	0	0	0
S(2,0)SumOfSqs	350.53186	0	0	0	0	0	0	0	0	0	0	0	0	0	0	0
S(2,0)InvDfMom	0.049609067	0	0	0	0	0	0	0	0	0	0	0	0	0	0	0
S(2,0)SumAverg	63.78957	0	0	0	0	0	0	0	0	0	0	0	0	0	0	0
S(2,0)SumVarnc	719.08403	0	0	0	0	0	0	0	0	0	0	0	0	0	0	0
S(2,0)SumEntrp	2.0327366	0	0	0	0	0	0	0	0	0	0	0	0	0	0	0
S(2,0)Entropy	3.6006832	0	0	0	0	0	0	0	0	0	0	0	0	0	0	0
S(2,0)DifVarnc	229.83822	0	0	0	0	0	0	0	0	0	0	0	0	0	0	0
S(2,0)DifEntrp	1.7271118	0	0	0	0	0	0	0	0	0	0	0	0	0	0	0
_Area_S(0,2)	130048	0	0	0	0	0	0	0	0	0	0	0	0	0	0	0
S(0,2)AngScMom	0.00025560115	0	0	0	0	0	0	0	0	0	0	0	0	0	0	0
S(0,2)Contrast	701.82946	0	0	0	0	0	0	0	0	0	0	0	0	0	0	0
S(0,2)Correlat	-0.0018535842	0	0	0	0	0	0	0	0	0	0	0	0	0	0	0
S(0,2)SumOfSqs	350.26548	0	0	0	0	0	0	0	0	0	0	0	0	0	0	0
S(0,2)InvDfMom	0.04675972	0	0	0	0	0	0	0	0	0	0	0	0	0	0	0
S(0,2)SumAverg	63.764102	0	0	0	0	0	0	0	0	0	0	0	0	0	0	0
S(0,2)SumVarnc	699.23248	0	0	0	0	0	0	0	0	0	0	0	0	0	0	0
S(0,2)SumEntrp	2.0276875	0	0	0	0	0	0	0	0	0	0	0	0	0	0	0
S(0,2)Entropy	3.6023647	0	0	0	0	0	0	0	0	0	0	0	0	0	0	0
S(0,2)DifVarnc	233.61598	0	0	0	0	0	0	0	0	0	0	0	0	0	0	0
S(0,2)DifEntrp	1.7318162	0	0	0	0	0	0	0	0	0	0	0	0	0	0	0
_Area_S(2,2)	129032	0	0	0	0	0	0	0	0	0	0	0	0	0	0	0
S(2,2)AngScMom	0.00025602115	0	0	0	0	0	0	0	0	0	0	0	0	0	0	0
S(2,2)Contrast	699.27289	0	0	0	0	0	0	0	0	0	0	0	0	0	0	0
S(2,2)Correlat	0.0021129165	0	0	0	0	0	0	0	0	0	0	0	0	0	0	0
S(2,2)SumOfSqs	350.37676	0	0	0	0	0	0	0	0	0	0	0	0	0	0	0
S(2,2)InvDfMom	0.047458021	0	0	0	0	0	0	0	0	0	0	0	0	0	0	0
S(2,2)SumAverg	63.771964	0	0	0	0	0	0	0	0	0	0	0	0	0	0	0
S(2,2)SumVarnc	702.23416	0	0	0	0	0	0	0	0	0	0	0	0	0	0	0
S(2,2)SumEntrp	2.0280602	0	0	0	0	0	0	0	0	0	0	0	0	0	0	0
S(2,2)Entropy	3.6019522	0	0	0	0	0	0	0	0	0	0	0	0	0	0	0
S(2,2)DifVarnc	232.75414	0	0	0	0	0	0	0	0	0	0	0	0	0	0	0
S(2,2)DifEntrp	1.7314522	0	0	0	0	0	0	0	0	0	0	0	0	0	0	0
_Area_S(2,-2)	129032	0	0	0	0	0	0	0	0	0	0	0	0	0	0	0
S(2,-2)AngScMom	0.00025562582	0	0	0	0	0	0	0	0	0	0	0	0	0	0	0
S(2,-2)Contrast	701.79408	0	0	0	0	0	0	0	0	0	0	0	0	0	0	0
S(2,-2)Correlat	-0.001494862	0	0	0	0	0	0	0	0	0	0	0	0	0	0	0
S(2,-2)SumOfSqs	350.37328	0	0	0	0	0	0	0	0	0	0	0	0	0	0	0
S(2,-2)InvDfMom	0.04717728	0	0	0	0	0	0	0	0	0	0	0	0	0	0	0
S(2,-2)SumAverg	63.770181	0	0	0	0	0	0	0	0	0	0	0	0	0	0	0
S(2,-2)SumVarnc	699.69904	0	0	0	0	0	0	0	0	0	0	0	0	0	0	0
S(2,-2)SumEntrp	2.0275203	0	0	0	0	0	0	0	0	0	0	0	0	0	0	0
S(2,-2)Entropy	3.6023219	0	0	0	0	0	0	0	0	0	0	0	0	0	0	0
S(2,-2)DifVarnc	235.18225	0	0	0	0	0	0	0	0	0	0	0	0	0	0	0
S(2,-2)DifEntrp	1.7321303	0	0	0	0	0	0	0	0	0	0	0	0	0	0	0
_Area_S(3,0)	129536	0	0	0	0	0	0	0	0	0	0	0	0	0	0	0
S(3,0)AngScMom	0.00025675334	0	0	0	0	0	0	0	0	0	0	0	0	0	0	0
S(3,0)Contrast	686.9597	0	0	0	0	0	0	0	0	0	0	0	0	0	0	0
S(3,0)Correlat	0.020358038	0	0	0	0	0	0	0	0	0	0	0	0	0	0	0
S(3,0)SumOfSqs	350.61774	0	0	0	0	0	0	0	0	0	0	0	0	0	0	0
S(3,0)InvDfMom	0.047901954	0	0	0	0	0	0	0	0	0	0	0	0	0	0	0
S(3,0)SumAverg	63.787642	0	0	0	0	0	0	0	0	0	0	0	0	0	0	0
S(3,0)SumVarnc	715.51126	0	0	0	0	0	0	0	0	0	0	0	0	0	0	0
S(3,0)SumEntrp	2.0317193	0	0	0	0	0	0	0	0	0	0	0	0	0	0	0
S(3,0)Entropy	3.6015405	0	0	0	0	0	0	0	0	0	0	0	0	0	0	0
S(3,0)DifVarnc	230.39112	0	0	0	0	0	0	0	0	0	0	0	0	0	0	0
S(3,0)DifEntrp	1.7278601	0	0	0	0	0	0	0	0	0	0	0	0	0	0	0
_Area_S(0,3)	129536	0	0	0	0	0	0	0	0	0	0	0	0	0	0	0
S(0,3)AngScMom	0.00025587632	0	0	0	0	0	0	0	0	0	0	0	0	0	0	0
S(0,3)Contrast	704.54051	0	0	0	0	0	0	0	0	0	0	0	0	0	0	0
S(0,3)Correlat	-0.0054940015	0	0	0	0	0	0	0	0	0	0	0	0	0	0	0
S(0,3)SumOfSqs	350.34546	0	0	0	0	0	0	0	0	0	0	0	0	0	0	0
S(0,3)InvDfMom	0.046554007	0	0	0	0	0	0	0	0	0	0	0	0	0	0	0
S(0,3)SumAverg	63.770566	0	0	0	0	0	0	0	0	0	0	0	0	0	0	0
S(0,3)SumVarnc	696.84132	0	0	0	0	0	0	0	0	0	0	0	0	0	0	0
S(0,3)SumEntrp	2.0267074	0	0	0	0	0	0	0	0	0	0	0	0	0	0	0
S(0,3)Entropy	3.6020895	0	0	0	0	0	0	0	0	0	0	0	0	0	0	0
S(0,3)DifVarnc	234.62806	0	0	0	0	0	0	0	0	0	0	0	0	0	0	0
S(0,3)DifEntrp	1.7328018	0	0	0	0	0	0	0	0	0	0	0	0	0	0	0
_Area_S(3,3)	128018	0	0	0	0	0	0	0	0	0	0	0	0	0	0	0
S(3,3)AngScMom	0.00025606604	0	0	0	0	0	0	0	0	0	0	0	0	0	0	0
S(3,3)Contrast	696.27087	0	0	0	0	0	0	0	0	0	0	0	0	0	0	0
S(3,3)Correlat	0.0068755501	0	0	0	0	0	0	0	0	0	0	0	0	0	0	0
S(3,3)SumOfSqs	350.54563	0	0	0	0	0	0	0	0	0	0	0	0	0	0	0
S(3,3)InvDfMom	0.046703712	0	0	0	0	0	0	0	0	0	0	0	0	0	0	0
S(3,3)SumAverg	63.776844	0	0	0	0	0	0	0	0	0	0	0	0	0	0	0
S(3,3)SumVarnc	705.91164	0	0	0	0	0	0	0	0	0	0	0	0	0	0	0
S(3,3)SumEntrp	2.0288496	0	0	0	0	0	0	0	0	0	0	0	0	0	0	0
S(3,3)Entropy	3.6019742	0	0	0	0	0	0	0	0	0	0	0	0	0	0	0
S(3,3)DifVarnc	233.02038	0	0	0	0	0	0	0	0	0	0	0	0	0	0	0
S(3,3)DifEntrp	1.7306502	0	0	0	0	0	0	0	0	0	0	0	0	0	0	0
_Area_S(3,-3)	128018	0	0	0	0	0	0	0	0	0	0	0	0	0	0	0
S(3,-3)AngScMom	0.00025591288	0	0	0	0	0	0	0	0	0	0	0	0	0	0	0
S(3,-3)Contrast	699.26531	0	0	0	0	0	0	0	0	0	0	0	0	0	0	0
S(3,-3)Correlat	0.0025669017	0	0	0	0	0	0	0	0	0	0	0	0	0	0	0
S(3,-3)SumOfSqs	350.53244	0	0	0	0	0	0	0	0	0	0	0	0	0	0	0
S(3,-3)InvDfMom	0.047567318	0	0	0	0	0	0	0	0	0	0	0	0	0	0	0
S(3,-3)SumAverg	63.773516	0	0	0	0	0	0	0	0	0	0	0	0	0	0	0
S(3,-3)SumVarnc	702.86444	0	0	0	0	0	0	0	0	0	0	0	0	0	0	0
S(3,-3)SumEntrp	2.0282121	0	0	0	0	0	0	0	0	0	0	0	0	0	0	0
S(3,-3)Entropy	3.6020511	0	0	0	0	0	0	0	0	0	0	0	0	0	0	0
S(3,-3)DifVarnc	234.37986	0	0	0	0	0	0	0	0	0	0	0	0	0	0	0
S(3,-3)DifEntrp	1.7311713	0	0	0	0	0	0	0	0	0	0	0	0	0	0	0
_Area_S(4,0)	129024	0	0	0	0	0	0	0	0	0	0	0	0	0	0	0
S(4,0)AngScMom	0.00025570209	0	0	0	0	0	0	0	0	0	0	0	0	0	0	0
S(4,0)Contrast	688.70063	0	0	0	0	0	0	0	0	0	0	0	0	0	0	0
S(4,0)Correlat	0.018037126	0	0	0	0	0	0	0	0	0	0	0	0	0	0	0
S(4,0)SumOfSqs	350.67549	0	0	0	0	0	0	0	0	0	0	0	0	0	0	0
S(4,0)InvDfMom	0.047325	0	0	0	0	0	0	0	0	0	0	0	0	0	0	0
S(4,0)SumAverg	63.777545	0	0	0	0	0	0	0	0	0	0	0	0	0	0	0
S(4,0)SumVarnc	714.00134	0	0	0	0	0	0	0	0	0	0	0	0	0	0	0
S(4,0)SumEntrp	2.0312959	0	0	0	0	0	0	0	0	0	0	0	0	0	0	0
S(4,0)Entropy	3.6023407	0	0	0	0	0	0	0	0	0	0	0	0	0	0	0
S(4,0)DifVarnc	230.52419	0	0	0	0	0	0	0	0	0	0	0	0	0	0	0
S(4,0)DifEntrp	1.72883	0	0	0	0	0	0	0	0	0	0	0	0	0	0	0
_Area_S(0,4)	129024	0	0	0	0	0	0	0	0	0	0	0	0	0	0	0
S(0,4)AngScMom	0.00025564491	0	0	0	0	0	0	0	0	0	0	0	0	0	0	0
S(0,4)Contrast	703.32361	0	0	0	0	0	0	0	0	0	0	0	0	0	0	0
S(0,4)Correlat	-0.0035458594	0	0	0	0	0	0	0	0	0	0	0	0	0	0	0
S(0,4)SumOfSqs	350.41927	0	0	0	0	0	0	0	0	0	0	0	0	0	0	0
S(0,4)InvDfMom	0.04666973	0	0	0	0	0	0	0	0	0	0	0	0	0	0	0
S(0,4)SumAverg	63.758634	0	0	0	0	0	0	0	0	0	0	0	0	0	0	0
S(0,4)SumVarnc	698.35346	0	0	0	0	0	0	0	0	0	0	0	0	0	0	0
S(0,4)SumEntrp	2.0271669	0	0	0	0	0	0	0	0	0	0	0	0	0	0	0
S(0,4)Entropy	3.6023228	0	0	0	0	0	0	0	0	0	0	0	0	0	0	0
S(0,4)DifVarnc	232.58255	0	0	0	0	0	0	0	0	0	0	0	0	0	0	0
S(0,4)DifEntrp	1.7321101	0	0	0	0	0	0	0	0	0	0	0	0	0	0	0
_Area_S(4,4)	127008	0	0	0	0	0	0	0	0	0	0	0	0	0	0	0
S(4,4)AngScMom	0.00025617691	0	0	0	0	0	0	0	0	0	0	0	0	0	0	0
S(4,4)Contrast	698.14379	0	0	0	0	0	0	0	0	0	0	0	0	0	0	0
S(4,4)Correlat	0.0045736908	0	0	0	0	0	0	0	0	0	0	0	0	0	0	0
S(4,4)SumOfSqs	350.67578	0	0	0	0	0	0	0	0	0	0	0	0	0	0	0
S(4,4)InvDfMom	0.047027566	0	0	0	0	0	0	0	0	0	0	0	0	0	0	0
S(4,4)SumAverg	63.755118	0	0	0	0	0	0	0	0	0	0	0	0	0	0	0
S(4,4)SumVarnc	704.55932	0	0	0	0	0	0	0	0	0	0	0	0	0	0	0
S(4,4)SumEntrp	2.0287733	0	0	0	0	0	0	0	0	0	0	0	0	0	0	0
S(4,4)Entropy	3.6019242	0	0	0	0	0	0	0	0	0	0	0	0	0	0	0
S(4,4)DifVarnc	233.17522	0	0	0	0	0	0	0	0	0	0	0	0	0	0	0
S(4,4)DifEntrp	1.7310535	0	0	0	0	0	0	0	0	0	0	0	0	0	0	0
_Area_S(4,-4)	127008	0	0	0	0	0	0	0	0	0	0	0	0	0	0	0
S(4,-4)AngScMom	0.00025656523	0	0	0	0	0	0	0	0	0	0	0	0	0	0	0
S(4,-4)Contrast	697.33385	0	0	0	0	0	0	0	0	0	0	0	0	0	0	0
S(4,-4)Correlat	0.0056764976	0	0	0	0	0	0	0	0	0	0	0	0	0	0	0
S(4,-4)SumOfSqs	350.65743	0	0	0	0	0	0	0	0	0	0	0	0	0	0	0
S(4,-4)InvDfMom	0.047353721	0	0	0	0	0	0	0	0	0	0	0	0	0	0	0
S(4,-4)SumAverg	63.751307	0	0	0	0	0	0	0	0	0	0	0	0	0	0	0
S(4,-4)SumVarnc	705.29588	0	0	0	0	0	0	0	0	0	0	0	0	0	0	0
S(4,-4)SumEntrp	2.0287899	0	0	0	0	0	0	0	0	0	0	0	0	0	0	0
S(4,-4)Entropy	3.601482	0	0	0	0	0	0	0	0	0	0	0	0	0	0	0
S(4,-4)DifVarnc	232.70885	0	0	0	0	0	0	0	0	0	0	0	0	0	0	0
S(4,-4)DifEntrp	1.7311693	0	0	0	0	0	0	0	0	0	0	0	0	0	0	0
_Area_S(5,0)	128512	0	0	0	0	0	0	0	0	0	0	0	0	0	0	0
S(5,0)AngScMom	0.00025598513	0	0	0	0	0	0	0	0	0	0	0	0	0	0	0
S(5,0)Contrast	700.43448	0	0	0	0	0	0	0	0	0	0	0	0	0	0	0
S(5,0)Correlat	0.0013538762	0	0	0	0	0	0	0	0	0	0	0	0	0	0	0
S(5,0)SumOfSqs	350.69203	0	0	0	0	0	0	0	0	0	0	0	0	0	0	0
S(5,0)InvDfMom	0.04801758	0	0	0	0	0	0	0	0	0	0	0	0	0	0	0
S(5,0)SumAverg	63.788782	0	0	0	0	0	0	0	0	0	0	0	0	0	0	0
S(5,0)SumVarnc	702.33366	0	0	0	0	0	0	0	0	0	0	0	0	0	0	0
S(5,0)SumEntrp	2.0282885	0	0	0	0	0	0	0	0	0	0	0	0	0	0	0
S(5,0)Entropy	3.6021106	0	0	0	0	0	0	0	0	0	0	0	0	0	0	0
S(5,0)DifVarnc	233.70612	0	0	0	0	0	0	0	0	0	0	0	0	0	0	0
S(5,0)DifEntrp	1.7317247	0	0	0	0	0	0	0	0	0	0	0	0	0	0	0
_Area_S(0,5)	128512	0	0	0	0	0	0	0	0	0	0	0	0	0	0	0
S(0,5)AngScMom	0.00025549117	0	0	0	0	0	0	0	0	0	0	0	0	0	0	0
S(0,5)Contrast	700.69606	0	0	0	0	0	0	0	0	0	0	0	0	0	0	0
S(0,5)Correlat	0.00019185489	0	0	0	0	0	0	0	0	0	0	0	0	0	0	0
S(0,5)SumOfSqs	350.41526	0	0	0	0	0	0	0	0	0	0	0	0	0	0	0
S(0,5)InvDfMom	0.046047554	0	0	0	0	0	0	0	0	0	0	0	0	0	0	0
S(0,5)SumAverg	63.763415	0	0	0	0	0	0	0	0	0	0	0	0	0	0	0
S(0,5)SumVarnc	700.96498	0	0	0	0	0	0	0	0	0	0	0	0	0	0	0
S(0,5)SumEntrp	2.0276888	0	0	0	0	0	0	0	0	0	0	0	0	0	0	0
S(0,5)Entropy	3.6024513	0	0	0	0	0	0	0	0	0	0	0	0	0	0	0
S(0,5)DifVarnc	233.61259	0	0	0	0	0	0	0	0	0	0	0	0	0	0	0
S(0,5)DifEntrp	1.7318341	0	0	0	0	0	0	0	0	0	0	0	0	0	0	0
_Area_S(5,5)	126002	0	0	0	0	0	0	0	0	0	0	0	0	0	0	0
S(5,5)AngScMom	0.00025625931	0	0	0	0	0	0	0	0	0	0	0	0	0	0	0
S(5,5)Contrast	706.87449	0	0	0	0	0	0	0	0	0	0	0	0	0	0	0
S(5,5)Correlat	-0.0078309571	0	0	0	0	0	0	0	0	0	0	0	0	0	0	0
S(5,5)SumOfSqs	350.691	0	0	0	0	0	0	0	0	0	0	0	0	0	0	0
S(5,5)InvDfMom	0.046210302	0	0	0	0	0	0	0	0	0	0	0	0	0	0	0
S(5,5)SumAverg	63.770543	0	0	0	0	0	0	0	0	0	0	0	0	0	0	0
S(5,5)SumVarnc	695.88951	0	0	0	0	0	0	0	0	0	0	0	0	0	0	0
S(5,5)SumEntrp	2.0264464	0	0	0	0	0	0	0	0	0	0	0	0	0	0	0
S(5,5)Entropy	3.6017851	0	0	0	0	0	0	0	0	0	0	0	0	0	0	0
S(5,5)DifVarnc	234.07554	0	0	0	0	0	0	0	0	0	0	0	0	0	0	0
S(5,5)DifEntrp	1.7330904	0	0	0	0	0	0	0	0	0	0	0	0	0	0	0
_Area_S(5,-5)	126002	0	0	0	0	0	0	0	0	0	0	0	0	0	0	0
S(5,-5)AngScMom	0.00025593317	0	0	0	0	0	0	0	0	0	0	0	0	0	0	0
S(5,-5)Contrast	701.04998	0	0	0	0	0	0	0	0	0	0	0	0	0	0	0
S(5,-5)Correlat	0.0004132475	0	0	0	0	0	0	0	0	0	0	0	0	0	0	0
S(5,-5)SumOfSqs	350.66991	0	0	0	0	0	0	0	0	0	0	0	0	0	0	0
S(5,-5)InvDfMom	0.046847475	0	0	0	0	0	0	0	0	0	0	0	0	0	0	0
S(5,-5)SumAverg	63.76902	0	0	0	0	0	0	0	0	0	0	0	0	0	0	0
S(5,-5)SumVarnc	701.62964	0	0	0	0	0	0	0	0	0	0	0	0	0	0	0
S(5,-5)SumEntrp	2.0282299	0	0	0	0	0	0	0	0	0	0	0	0	0	0	0
S(5,-5)Entropy	3.601994	0	0	0	0	0	0	0	0	0	0	0	0	0	0	0
S(5,-5)DifVarnc	233.85453	0	0	0	0	0	0	0	0	0	0	0	0	0	0	0
S(5,-5)DifEntrp	1.7317308	0	0	0	0	0	0	0	0	0	0	0	0	0	0	0
Horzl_RLNonUni	61974.674	0	0	0	0	0	0	0	0	0	0	0	0	0	0	0
Horzl_GLevNonU	1012.6413	0	0	0	0	0	0	0	0	0	0	0	0	0	0	0
Horzl_LngREmph	1.0583735	0	0	0	0	0	0	0	0	0	0	0	0	0	0	0
Horzl_ShrtREmp	0.98605507	0	0	0	0	0	0	0	0	0	0	0	0	0	0	0
Horzl_Fraction	0.98129272	0	0	0	0	0	0	0	0	0	0	0	0	0	0	0
Vertl_RLNonUni	62508.384	0	0	0	0	0	0	0	0	0	0	0	0	0	0	0
Vertl_GLevNonU	1016.2402	0	0	0	0	0	0	0	0	0	0	0	0	0	0	0
Vertl_LngREmph	1.0485079	0	0	0	0	0	0	0	0	0	0	0	0	0	0	0
Vertl_ShrtREmp	0.98817501	0	0	0	0	0	0	0	0	0	0	0	0	0	0	0
Vertl_Fraction	0.98426819	0	0	0	0	0	0	0	0	0	0	0	0	0	0	0
45dgr_RLNonUni	62479.295	0	0	0	0	0	0	0	0	0	0	0	0	0	0	0
45dgr_GLevNonU	1016.0774	0	0	0	0	0	0	0	0	0	0	0	0	0	0	0
45dgr_LngREmph	1.0485744	0	0	0	0	0	0	0	0	0	0	0	0	0	0	0
45dgr_ShrtREmp	0.9880459	0	0	0	0	0	0	0	0	0	0	0	0	0	0	0
45dgr_Fraction	0.98417664	0	0	0	0	0	0	0	0	0	0	0	0	0	0	0
135dr_RLNonUni	62546.543	0	0	0	0	0	0	0	0	0	0	0	0	0	0	0
135dr_GLevNonU	1016.2937	0	0	0	0	0	0	0	0	0	0	0	0	0	0	0
135dr_LngREmph	1.0478626	0	0	0	0	0	0	0	0	0	0	0	0	0	0	0
135dr_ShrtREmp	0.98832712	0	0	0	0	0	0	0	0	0	0	0	0	0	0	0
135dr_Fraction	0.98446655	0	0	0	0	0	0	0	0	0	0	0	0	0	0	0
_AreaGr	64516	0	0	0	0	0	0	0	0	0	0	0	0	0	0	0
GrMean	8.3799165	0	0	0	0	0	0	0	0	0	0	0	0	0	0	0
GrVariance	15.905044	0	0	0	0	0	0	0	0	0	0	0	0	0	0	0
GrSkewness	0.17513925	0	0	0	0	0	0	0	0	0	0	0	0	0	0	0
GrKurtosis	-0.65713584	0	0	0	0	0	0	0	0	0	0	0	0	0	0	0
GrNonZeros	0.99578399	0	0	0	0	0	0	0	0	0	0	0	0	0	0	0
_AreaARM	64770	0	0	0	0	0	0	0	0	0	0	0	0	0	0	0
Teta1	0.053396735	0	0	0	0	0	0	0	0	0	0	0	0	0	0	0
Teta2	0.0019219771	0	0	0	0	0	0	0	0	0	0	0	0	0	0	0
Teta3	0.00029893854	0	0	0	0	0	0	0	0	0	0	0	0	0	0	0
Teta4	-0.00065318597	0	0	0	0	0	0	0	0	0	0	0	0	0	0	0
Sigma	0.9981312	0	0	0	0	0	0	0	0	0	0	0	0	0	0	0
WavEnLL_s-1	17111.495	0	0	0	0	0	0	0	0	0	0	0	0	0	0	0
WavEnLH_s-1	1466.6903	0	0	0	0	0	0	0	0	0	0	0	0	0	0	0
WavEnHL_s-1	1333.4703	0	0	0	0	0	0	0	0	0	0	0	0	0	0	0
WavEnHH_s-1	1337.0157	0	0	0	0	0	0	0	0	0	0	0	0	0	0	0
WavEnLL_s-2	16015.769	0	0	0	0	0	0	0	0	0	0	0	0	0	0	0
WavEnLH_s-2	418.83184	0	0	0	0	0	0	0	0	0	0	0	0	0	0	0
WavEnHL_s-2	337.13346	0	0	0	0	0	0	0	0	0	0	0	0	0	0	0
WavEnHH_s-2	339.76069	0	0	0	0	0	0	0	0	0	0	0	0	0	0	0
WavEnLL_s-3	15729.438	0	0	0	0	0	0	0	0	0	0	0	0	0	0	0
WavEnLH_s-3	100.70898	0	0	0	0	0	0	0	0	0	0	0	0	0	0	0
WavEnHL_s-3	90.3729	0	0	0	0	0	0	0	0	0	0	0	0	0	0	0
WavEnHH_s-3	95.248925	0	0	0	0	0	0	0	0	0	0	0	0	0	0	0
WavEnLL_s-4	15657.495	0	0	0	0	0	0	0	0	0	0	0	0	0	0	0
WavEnLH_s-4	22.995777	0	0	0	0	0	0	0	0	0	0	0	0	0	0	0
WavEnHL_s-4	24.732768	0	0	0	0	0	0	0	0	0	0	0	0	0	0	0
WavEnHH_s-4	24.21441	0	0	0	0	0	0	0	0	0	0	0	0	0	0	0
