Image File: cushion1-a-p009.png 
ROI File: allred.roi 
Image size: 256 x 256
Min. lum.: 1
Max. lum.: 256
Bits/pixel: 8

Normalisation =  No
Histogram analysis = Yes
CO matrix analysis = Yes, Dimensions = 6 x 6, Distances = 1 2 3 4 5
RL matrix analysis = Yes, Dimension = 6
Gradient analysis = Yes, Max pixel value = 16
AR model analysis = Yes
Wavelet analysis = Yes

--------------- CLASS NAMES ----------------

----------------- FEATURES -----------------
_Area	65536	0	0	0	0	0	0	0	0	0	0	0	0	0	0	0
Mean	131.17101	0	0	0	0	0	0	0	0	0	0	0	0	0	0	0
Variance	5397.1379	0	0	0	0	0	0	0	0	0	0	0	0	0	0	0
Skewness	-0.018572774	0	0	0	0	0	0	0	0	0	0	0	0	0	0	0
Kurtosis	-1.1998202	0	0	0	0	0	0	0	0	0	0	0	0	0	0	0
Perc.01%	4	0	0	0	0	0	0	0	0	0	0	0	0	0	0	0
Perc.10%	30	0	0	0	0	0	0	0	0	0	0	0	0	0	0	0
Perc.50%	132	0	0	0	0	0	0	0	0	0	0	0	0	0	0	0
Perc.90%	233	0	0	0	0	0	0	0	0	0	0	0	0	0	0	0
Perc.99%	254	0	0	0	0	0	0	0	0	0	0	0	0	0	0	0
_Area_S(1,0)	130560	0	0	0	0	0	0	0	0	0	0	0	0	0	0	0
S(1,0)AngScMom	0.00026089279	0	0	0	0	0	0	0	0	0	0	0	0	0	0	0
S(1,0)Contrast	643.35797	0	0	0	0	0	0	0	0	0	0	0	0	0	0	0
S(1,0)Correlat	0.045056537	0	0	0	0	0	0	0	0	0	0	0	0	0	0	0
S(1,0)SumOfSqs	336.85657	0	0	0	0	0	0	0	0	0	0	0	0	0	0	0
S(1,0)InvDfMom	0.052814579	0	0	0	0	0	0	0	0	0	0	0	0	0	0	0
S(1,0)SumAverg	66.313297	0	0	0	0	0	0	0	0	0	0	0	0	0	0	0
S(1,0)SumVarnc	704.06833	0	0	0	0	0	0	0	0	0	0	0	0	0	0	0
S(1,0)SumEntrp	2.0285516	0	0	0	0	0	0	0	0	0	0	0	0	0	0	0
S(1,0)Entropy	3.5976943	0	0	0	0	0	0	0	0	0	0	0	0	0	0	0
S(1,0)DifVarnc	218.74548	0	0	0	0	0	0	0	0	0	0	0	0	0	0	0
S(1,0)DifEntrp	1.7155186	0	0	0	0	0	0	0	0	0	0	0	0	0	0	0
_Area_S(0,1)	130560	0	0	0	0	0	0	0	0	0	0	0	0	0	0	0
S(0,1)AngScMom	0.00025700013	0	0	0	0	0	0	0	0	0	0	0	0	0	0	0
S(0,1)Contrast	670.908	0	0	0	0	0	0	0	0	0	0	0	0	0	0	0
S(0,1)Correlat	0.0035426827	0	0	0	0	0	0	0	0	0	0	0	0	0	0	0
S(0,1)SumOfSqs	336.64663	0	0	0	0	0	0	0	0	0	0	0	0	0	0	0
S(0,1)InvDfMom	0.047249866	0	0	0	0	0	0	0	0	0	0	0	0	0	0	0
S(0,1)SumAverg	66.317096	0	0	0	0	0	0	0	0	0	0	0	0	0	0	0
S(0,1)SumVarnc	675.67853	0	0	0	0	0	0	0	0	0	0	0	0	0	0	0
S(0,1)SumEntrp	2.0204431	0	0	0	0	0	0	0	0	0	0	0	0	0	0	0
S(0,1)Entropy	3.6008662	0	0	0	0	0	0	0	0	0	0	0	0	0	0	0
S(0,1)DifVarnc	224.04674	0	0	0	0	0	0	0	0	0	0	0	0	0	0	0
S(0,1)DifEntrp	1.7234523	0	0	0	0	0	0	0	0	0	0	0	0	0	0	0
_Area_S(1,1)	130050	0	0	0	0	0	0	0	0	0	0	0	0	0	0	0
S(1,1)AngScMom	0.00025664822	0	0	0	0	0	0	0	0	0	0	0	0	0	0	0
S(1,1)Contrast	672.4484	0	0	0	0	0	0	0	0	0	0	0	0	0	0	0
S(1,1)Correlat	0.0012063623	0	0	0	0	0	0	0	0	0	0	0	0	0	0	0
S(1,1)SumOfSqs	336.6303	0	0	0	0	0	0	0	0	0	0	0	0	0	0	0
S(1,1)InvDfMom	0.048035158	0	0	0	0	0	0	0	0	0	0	0	0	0	0	0
S(1,1)SumAverg	66.314848	0	0	0	0	0	0	0	0	0	0	0	0	0	0	0
S(1,1)SumVarnc	674.07279	0	0	0	0	0	0	0	0	0	0	0	0	0	0	0
S(1,1)SumEntrp	2.0203255	0	0	0	0	0	0	0	0	0	0	0	0	0	0	0
S(1,1)Entropy	3.6011799	0	0	0	0	0	0	0	0	0	0	0	0	0	0	0
S(1,1)DifVarnc	225.19859	0	0	0	0	0	0	0	0	0	0	0	0	0	0	0
S(1,1)DifEntrp	1.7236292	0	0	0	0	0	0	0	0	0	0	0	0	0	0	0
_Area_S(1,-1)	130050	0	0	0	0	0	0	0	0	0	0	0	0	0	0	0
S(1,-1)AngScMom	0.00025737228	0	0	0	0	0	0	0	0	0	0	0	0	0	0	0
S(1,-1)Contrast	673.25109	0	0	0	0	0	0	0	0	0	0	0	0	0	0	0
S(1,-1)Correlat	2.2765981e-06	0	0	0	0	0	0	0	0	0	0	0	0	0	0	0
S(1,-1)SumOfSqs	336.62631	0	0	0	0	0	0	0	0	0	0	0	0	0	0	0
S(1,-1)InvDfMom	0.047180769	0	0	0	0	0	0	0	0	0	0	0	0	0	0	0
S(1,-1)SumAverg	66.314525	0	0	0	0	0	0	0	0	0	0	0	0	0	0	0
S(1,-1)SumVarnc	673.25415	0	0	0	0	0	0	0	0	0	0	0	0	0	0	0
S(1,-1)SumEntrp	2.0199956	0	0	0	0	0	0	0	0	0	0	0	0	0	0	0
S(1,-1)Entropy	3.6005552	0	0	0	0	0	0	0	0	0	0	0	0	0	0	0
S(1,-1)DifVarnc	225.20801	0	0	0	0	0	0	0	0	0	0	0	0	0	0	0
S(1,-1)DifEntrp	1.723514	0	0	0	0	0	0	0	0	0	0	0	0	0	0	0
_Area_S(2,0)	130048	0	0	0	0	0	0	0	0	0	0	0	0	0	0	0
S(2,0)AngScMom	0.00025882374	0	0	0	0	0	0	0	0	0	0	0	0	0	0	0
S(2,0)Contrast	660.1805	0	0	0	0	0	0	0	0	0	0	0	0	0	0	0
S(2,0)Correlat	0.020161689	0	0	0	0	0	0	0	0	0	0	0	0	0	0	0
S(2,0)SumOfSqs	336.88237	0	0	0	0	0	0	0	0	0	0	0	0	0	0	0
S(2,0)InvDfMom	0.04988374	0	0	0	0	0	0	0	0	0	0	0	0	0	0	0
S(2,0)SumAverg	66.328325	0	0	0	0	0	0	0	0	0	0	0	0	0	0	0
S(2,0)SumVarnc	687.34897	0	0	0	0	0	0	0	0	0	0	0	0	0	0	0
S(2,0)SumEntrp	2.0242891	0	0	0	0	0	0	0	0	0	0	0	0	0	0	0
S(2,0)Entropy	3.5993252	0	0	0	0	0	0	0	0	0	0	0	0	0	0	0
S(2,0)DifVarnc	221.76746	0	0	0	0	0	0	0	0	0	0	0	0	0	0	0
S(2,0)DifEntrp	1.7206248	0	0	0	0	0	0	0	0	0	0	0	0	0	0	0
_Area_S(0,2)	130048	0	0	0	0	0	0	0	0	0	0	0	0	0	0	0
S(0,2)AngScMom	0.00025732166	0	0	0	0	0	0	0	0	0	0	0	0	0	0	0
S(0,2)Contrast	670.42563	0	0	0	0	0	0	0	0	0	0	0	0	0	0	0
S(0,2)Correlat	0.0037694202	0	0	0	0	0	0	0	0	0	0	0	0	0	0	0
S(0,2)SumOfSqs	336.48115	0	0	0	0	0	0	0	0	0	0	0	0	0	0	0
S(0,2)InvDfMom	0.048335783	0	0	0	0	0	0	0	0	0	0	0	0	0	0	0
S(0,2)SumAverg	66.306441	0	0	0	0	0	0	0	0	0	0	0	0	0	0	0
S(0,2)SumVarnc	675.49898	0	0	0	0	0	0	0	0	0	0	0	0	0	0	0
S(0,2)SumEntrp	2.0204125	0	0	0	0	0	0	0	0	0	0	0	0	0	0	0
S(0,2)Entropy	3.6005989	0	0	0	0	0	0	0	0	0	0	0	0	0	0	0
S(0,2)DifVarnc	225.0705	0	0	0	0	0	0	0	0	0	0	0	0	0	0	0
S(0,2)DifEntrp	1.7231741	0	0	0	0	0	0	0	0	0	0	0	0	0	0	0
_Area_S(2,2)	129032	0	0	0	0	0	0	0	0	0	0	0	0	0	0	0
S(2,2)AngScMom	0.00025713268	0	0	0	0	0	0	0	0	0	0	0	0	0	0	0
S(2,2)Contrast	671.3758	0	0	0	0	0	0	0	0	0	0	0	0	0	0	0
S(2,2)Correlat	0.0023729893	0	0	0	0	0	0	0	0	0	0	0	0	0	0	0
S(2,2)SumOfSqs	336.48638	0	0	0	0	0	0	0	0	0	0	0	0	0	0	0
S(2,2)InvDfMom	0.046115829	0	0	0	0	0	0	0	0	0	0	0	0	0	0	0
S(2,2)SumAverg	66.320556	0	0	0	0	0	0	0	0	0	0	0	0	0	0	0
S(2,2)SumVarnc	674.56971	0	0	0	0	0	0	0	0	0	0	0	0	0	0	0
S(2,2)SumEntrp	2.0201195	0	0	0	0	0	0	0	0	0	0	0	0	0	0	0
S(2,2)Entropy	3.600727	0	0	0	0	0	0	0	0	0	0	0	0	0	0	0
S(2,2)DifVarnc	224.1283	0	0	0	0	0	0	0	0	0	0	0	0	0	0	0
S(2,2)DifEntrp	1.7235834	0	0	0	0	0	0	0	0	0	0	0	0	0	0	0
_Area_S(2,-2)	129032	0	0	0	0	0	0	0	0	0	0	0	0	0	0	0
S(2,-2)AngScMom	0.000257026	0	0	0	0	0	0	0	0	0	0	0	0	0	0	0
S(2,-2)Contrast	670.18561	0	0	0	0	0	0	0	0	0	0	0	0	0	0	0
S(2,-2)Correlat	0.0041364651	0	0	0	0	0	0	0	0	0	0	0	0	0	0	0
S(2,-2)SumOfSqs	336.48466	0	0	0	0	0	0	0	0	0	0	0	0	0	0	0
S(2,-2)InvDfMom	0.04686874	0	0	0	0	0	0	0	0	0	0	0	0	0	0	0
S(2,-2)SumAverg	66.317797	0	0	0	0	0	0	0	0	0	0	0	0	0	0	0
S(2,-2)SumVarnc	675.75304	0	0	0	0	0	0	0	0	0	0	0	0	0	0	0
S(2,-2)SumEntrp	2.0206397	0	0	0	0	0	0	0	0	0	0	0	0	0	0	0
S(2,-2)Entropy	3.6008344	0	0	0	0	0	0	0	0	0	0	0	0	0	0	0
S(2,-2)DifVarnc	224.13182	0	0	0	0	0	0	0	0	0	0	0	0	0	0	0
S(2,-2)DifEntrp	1.7229975	0	0	0	0	0	0	0	0	0	0	0	0	0	0	0
_Area_S(3,0)	129536	0	0	0	0	0	0	0	0	0	0	0	0	0	0	0
S(3,0)AngScMom	0.00025758614	0	0	0	0	0	0	0	0	0	0	0	0	0	0	0
S(3,0)Contrast	666.64469	0	0	0	0	0	0	0	0	0	0	0	0	0	0	0
S(3,0)Correlat	0.010444422	0	0	0	0	0	0	0	0	0	0	0	0	0	0	0
S(3,0)SumOfSqs	336.84045	0	0	0	0	0	0	0	0	0	0	0	0	0	0	0
S(3,0)InvDfMom	0.048946467	0	0	0	0	0	0	0	0	0	0	0	0	0	0	0
S(3,0)SumAverg	66.325207	0	0	0	0	0	0	0	0	0	0	0	0	0	0	0
S(3,0)SumVarnc	680.7171	0	0	0	0	0	0	0	0	0	0	0	0	0	0	0
S(3,0)SumEntrp	2.0220159	0	0	0	0	0	0	0	0	0	0	0	0	0	0	0
S(3,0)Entropy	3.6003569	0	0	0	0	0	0	0	0	0	0	0	0	0	0	0
S(3,0)DifVarnc	225.11343	0	0	0	0	0	0	0	0	0	0	0	0	0	0	0
S(3,0)DifEntrp	1.7223468	0	0	0	0	0	0	0	0	0	0	0	0	0	0	0
_Area_S(0,3)	129536	0	0	0	0	0	0	0	0	0	0	0	0	0	0	0
S(0,3)AngScMom	0.00025700412	0	0	0	0	0	0	0	0	0	0	0	0	0	0	0
S(0,3)Contrast	676.74992	0	0	0	0	0	0	0	0	0	0	0	0	0	0	0
S(0,3)Correlat	-0.0052860846	0	0	0	0	0	0	0	0	0	0	0	0	0	0	0
S(0,3)SumOfSqs	336.59569	0	0	0	0	0	0	0	0	0	0	0	0	0	0	0
S(0,3)InvDfMom	0.047835338	0	0	0	0	0	0	0	0	0	0	0	0	0	0	0
S(0,3)SumAverg	66.315325	0	0	0	0	0	0	0	0	0	0	0	0	0	0	0
S(0,3)SumVarnc	669.63283	0	0	0	0	0	0	0	0	0	0	0	0	0	0	0
S(0,3)SumEntrp	2.0191109	0	0	0	0	0	0	0	0	0	0	0	0	0	0	0
S(0,3)Entropy	3.6008505	0	0	0	0	0	0	0	0	0	0	0	0	0	0	0
S(0,3)DifVarnc	225.297	0	0	0	0	0	0	0	0	0	0	0	0	0	0	0
S(0,3)DifEntrp	1.7249367	0	0	0	0	0	0	0	0	0	0	0	0	0	0	0
_Area_S(3,3)	128018	0	0	0	0	0	0	0	0	0	0	0	0	0	0	0
S(3,3)AngScMom	0.00025724381	0	0	0	0	0	0	0	0	0	0	0	0	0	0	0
S(3,3)Contrast	674.2043	0	0	0	0	0	0	0	0	0	0	0	0	0	0	0
S(3,3)Correlat	-0.001662221	0	0	0	0	0	0	0	0	0	0	0	0	0	0	0
S(3,3)SumOfSqs	336.54274	0	0	0	0	0	0	0	0	0	0	0	0	0	0	0
S(3,3)InvDfMom	0.047443271	0	0	0	0	0	0	0	0	0	0	0	0	0	0	0
S(3,3)SumAverg	66.32672	0	0	0	0	0	0	0	0	0	0	0	0	0	0	0
S(3,3)SumVarnc	671.96667	0	0	0	0	0	0	0	0	0	0	0	0	0	0	0
S(3,3)SumEntrp	2.0194568	0	0	0	0	0	0	0	0	0	0	0	0	0	0	0
S(3,3)Entropy	3.6006464	0	0	0	0	0	0	0	0	0	0	0	0	0	0	0
S(3,3)DifVarnc	225.90146	0	0	0	0	0	0	0	0	0	0	0	0	0	0	0
S(3,3)DifEntrp	1.7244167	0	0	0	0	0	0	0	0	0	0	0	0	0	0	0
_Area_S(3,-3)	128018	0	0	0	0	0	0	0	0	0	0	0	0	0	0	0
S(3,-3)AngScMom	0.00025692041	0	0	0	0	0	0	0	0	0	0	0	0	0	0	0
S(3,-3)Contrast	681.46895	0	0	0	0	0	0	0	0	0	0	0	0	0	0	0
S(3,-3)Correlat	-0.012441197	0	0	0	0	0	0	0	0	0	0	0	0	0	0	0
S(3,-3)SumOfSqs	336.54742	0	0	0	0	0	0	0	0	0	0	0	0	0	0	0
S(3,-3)InvDfMom	0.047078782	0	0	0	0	0	0	0	0	0	0	0	0	0	0	0
S(3,-3)SumAverg	66.323923	0	0	0	0	0	0	0	0	0	0	0	0	0	0	0
S(3,-3)SumVarnc	664.72074	0	0	0	0	0	0	0	0	0	0	0	0	0	0	0
S(3,-3)SumEntrp	2.0174162	0	0	0	0	0	0	0	0	0	0	0	0	0	0	0
S(3,-3)Entropy	3.6008122	0	0	0	0	0	0	0	0	0	0	0	0	0	0	0
S(3,-3)DifVarnc	226.85852	0	0	0	0	0	0	0	0	0	0	0	0	0	0	0
S(3,-3)DifEntrp	1.7261958	0	0	0	0	0	0	0	0	0	0	0	0	0	0	0
_Area_S(4,0)	129024	0	0	0	0	0	0	0	0	0	0	0	0	0	0	0
S(4,0)AngScMom	0.00025688848	0	0	0	0	0	0	0	0	0	0	0	0	0	0	0
S(4,0)Contrast	673.94296	0	0	0	0	0	0	0	0	0	0	0	0	0	0	0
S(4,0)Correlat	-0.0005428752	0	0	0	0	0	0	0	0	0	0	0	0	0	0	0
S(4,0)SumOfSqs	336.78864	0	0	0	0	0	0	0	0	0	0	0	0	0	0	0
S(4,0)InvDfMom	0.047703333	0	0	0	0	0	0	0	0	0	0	0	0	0	0	0
S(4,0)SumAverg	66.33324	0	0	0	0	0	0	0	0	0	0	0	0	0	0	0
S(4,0)SumVarnc	673.21162	0	0	0	0	0	0	0	0	0	0	0	0	0	0	0
S(4,0)SumEntrp	2.0201575	0	0	0	0	0	0	0	0	0	0	0	0	0	0	0
S(4,0)Entropy	3.601001	0	0	0	0	0	0	0	0	0	0	0	0	0	0	0
S(4,0)DifVarnc	224.22056	0	0	0	0	0	0	0	0	0	0	0	0	0	0	0
S(4,0)DifEntrp	1.7242554	0	0	0	0	0	0	0	0	0	0	0	0	0	0	0
_Area_S(0,4)	129024	0	0	0	0	0	0	0	0	0	0	0	0	0	0	0
S(0,4)AngScMom	0.00025735727	0	0	0	0	0	0	0	0	0	0	0	0	0	0	0
S(0,4)Contrast	671.59735	0	0	0	0	0	0	0	0	0	0	0	0	0	0	0
S(0,4)Correlat	0.0023045342	0	0	0	0	0	0	0	0	0	0	0	0	0	0	0
S(0,4)SumOfSqs	336.57432	0	0	0	0	0	0	0	0	0	0	0	0	0	0	0
S(0,4)InvDfMom	0.046681222	0	0	0	0	0	0	0	0	0	0	0	0	0	0	0
S(0,4)SumAverg	66.319413	0	0	0	0	0	0	0	0	0	0	0	0	0	0	0
S(0,4)SumVarnc	674.69993	0	0	0	0	0	0	0	0	0	0	0	0	0	0	0
S(0,4)SumEntrp	2.0202856	0	0	0	0	0	0	0	0	0	0	0	0	0	0	0
S(0,4)Entropy	3.6004809	0	0	0	0	0	0	0	0	0	0	0	0	0	0	0
S(0,4)DifVarnc	223.89236	0	0	0	0	0	0	0	0	0	0	0	0	0	0	0
S(0,4)DifEntrp	1.7234189	0	0	0	0	0	0	0	0	0	0	0	0	0	0	0
_Area_S(4,4)	127008	0	0	0	0	0	0	0	0	0	0	0	0	0	0	0
S(4,4)AngScMom	0.00025736481	0	0	0	0	0	0	0	0	0	0	0	0	0	0	0
S(4,4)Contrast	670.73035	0	0	0	0	0	0	0	0	0	0	0	0	0	0	0
S(4,4)Correlat	0.0032951291	0	0	0	0	0	0	0	0	0	0	0	0	0	0	0
S(4,4)SumOfSqs	336.4739	0	0	0	0	0	0	0	0	0	0	0	0	0	0	0
S(4,4)InvDfMom	0.04745106	0	0	0	0	0	0	0	0	0	0	0	0	0	0	0
S(4,4)SumAverg	66.336861	0	0	0	0	0	0	0	0	0	0	0	0	0	0	0
S(4,4)SumVarnc	675.16525	0	0	0	0	0	0	0	0	0	0	0	0	0	0	0
S(4,4)SumEntrp	2.0202886	0	0	0	0	0	0	0	0	0	0	0	0	0	0	0
S(4,4)Entropy	3.6004934	0	0	0	0	0	0	0	0	0	0	0	0	0	0	0
S(4,4)DifVarnc	224.50597	0	0	0	0	0	0	0	0	0	0	0	0	0	0	0
S(4,4)DifEntrp	1.7231232	0	0	0	0	0	0	0	0	0	0	0	0	0	0	0
_Area_S(4,-4)	127008	0	0	0	0	0	0	0	0	0	0	0	0	0	0	0
S(4,-4)AngScMom	0.00025710891	0	0	0	0	0	0	0	0	0	0	0	0	0	0	0
S(4,-4)Contrast	677.20292	0	0	0	0	0	0	0	0	0	0	0	0	0	0	0
S(4,-4)Correlat	-0.0063114201	0	0	0	0	0	0	0	0	0	0	0	0	0	0	0
S(4,-4)SumOfSqs	336.47781	0	0	0	0	0	0	0	0	0	0	0	0	0	0	0
S(4,-4)InvDfMom	0.047087547	0	0	0	0	0	0	0	0	0	0	0	0	0	0	0
S(4,-4)SumAverg	66.33601	0	0	0	0	0	0	0	0	0	0	0	0	0	0	0
S(4,-4)SumVarnc	668.70831	0	0	0	0	0	0	0	0	0	0	0	0	0	0	0
S(4,-4)SumEntrp	2.0186525	0	0	0	0	0	0	0	0	0	0	0	0	0	0	0
S(4,-4)Entropy	3.6007545	0	0	0	0	0	0	0	0	0	0	0	0	0	0	0
S(4,-4)DifVarnc	224.1186	0	0	0	0	0	0	0	0	0	0	0	0	0	0	0
S(4,-4)DifEntrp	1.7250119	0	0	0	0	0	0	0	0	0	0	0	0	0	0	0
_Area_S(5,0)	128512	0	0	0	0	0	0	0	0	0	0	0	0	0	0	0
S(5,0)AngScMom	0.00025689895	0	0	0	0	0	0	0	0	0	0	0	0	0	0	0
S(5,0)Contrast	674.88564	0	0	0	0	0	0	0	0	0	0	0	0	0	0	0
S(5,0)Correlat	-0.002060657	0	0	0	0	0	0	0	0	0	0	0	0	0	0	0
S(5,0)SumOfSqs	336.7489	0	0	0	0	0	0	0	0	0	0	0	0	0	0	0
S(5,0)InvDfMom	0.047133868	0	0	0	0	0	0	0	0	0	0	0	0	0	0	0
S(5,0)SumAverg	66.33351	0	0	0	0	0	0	0	0	0	0	0	0	0	0	0
S(5,0)SumVarnc	672.10995	0	0	0	0	0	0	0	0	0	0	0	0	0	0	0
S(5,0)SumEntrp	2.0196014	0	0	0	0	0	0	0	0	0	0	0	0	0	0	0
S(5,0)Entropy	3.6008937	0	0	0	0	0	0	0	0	0	0	0	0	0	0	0
S(5,0)DifVarnc	225.09796	0	0	0	0	0	0	0	0	0	0	0	0	0	0	0
S(5,0)DifEntrp	1.724422	0	0	0	0	0	0	0	0	0	0	0	0	0	0	0
_Area_S(0,5)	128512	0	0	0	0	0	0	0	0	0	0	0	0	0	0	0
S(0,5)AngScMom	0.00025659681	0	0	0	0	0	0	0	0	0	0	0	0	0	0	0
S(0,5)Contrast	671.516	0	0	0	0	0	0	0	0	0	0	0	0	0	0	0
S(0,5)Correlat	0.0024334433	0	0	0	0	0	0	0	0	0	0	0	0	0	0	0
S(0,5)SumOfSqs	336.57704	0	0	0	0	0	0	0	0	0	0	0	0	0	0	0
S(0,5)InvDfMom	0.047903811	0	0	0	0	0	0	0	0	0	0	0	0	0	0	0
S(0,5)SumAverg	66.320655	0	0	0	0	0	0	0	0	0	0	0	0	0	0	0
S(0,5)SumVarnc	674.79216	0	0	0	0	0	0	0	0	0	0	0	0	0	0	0
S(0,5)SumEntrp	2.0208551	0	0	0	0	0	0	0	0	0	0	0	0	0	0	0
S(0,5)Entropy	3.6012234	0	0	0	0	0	0	0	0	0	0	0	0	0	0	0
S(0,5)DifVarnc	224.27407	0	0	0	0	0	0	0	0	0	0	0	0	0	0	0
S(0,5)DifEntrp	1.7234876	0	0	0	0	0	0	0	0	0	0	0	0	0	0	0
_Area_S(5,5)	126002	0	0	0	0	0	0	0	0	0	0	0	0	0	0	0
S(5,5)AngScMom	0.0002567564	0	0	0	0	0	0	0	0	0	0	0	0	0	0	0
S(5,5)Contrast	672.54369	0	0	0	0	0	0	0	0	0	0	0	0	0	0	0
S(5,5)Correlat	0.00047773954	0	0	0	0	0	0	0	0	0	0	0	0	0	0	0
S(5,5)SumOfSqs	336.43257	0	0	0	0	0	0	0	0	0	0	0	0	0	0	0
S(5,5)InvDfMom	0.047964519	0	0	0	0	0	0	0	0	0	0	0	0	0	0	0
S(5,5)SumAverg	66.33928	0	0	0	0	0	0	0	0	0	0	0	0	0	0	0
S(5,5)SumVarnc	673.1866	0	0	0	0	0	0	0	0	0	0	0	0	0	0	0
S(5,5)SumEntrp	2.0198975	0	0	0	0	0	0	0	0	0	0	0	0	0	0	0
S(5,5)Entropy	3.6010264	0	0	0	0	0	0	0	0	0	0	0	0	0	0	0
S(5,5)DifVarnc	225.53546	0	0	0	0	0	0	0	0	0	0	0	0	0	0	0
S(5,5)DifEntrp	1.723959	0	0	0	0	0	0	0	0	0	0	0	0	0	0	0
_Area_S(5,-5)	126002	0	0	0	0	0	0	0	0	0	0	0	0	0	0	0
S(5,-5)AngScMom	0.00025708141	0	0	0	0	0	0	0	0	0	0	0	0	0	0	0
S(5,-5)Contrast	672.21808	0	0	0	0	0	0	0	0	0	0	0	0	0	0	0
S(5,-5)Correlat	0.0010280558	0	0	0	0	0	0	0	0	0	0	0	0	0	0	0
S(5,-5)SumOfSqs	336.45493	0	0	0	0	0	0	0	0	0	0	0	0	0	0	0
S(5,-5)InvDfMom	0.047425169	0	0	0	0	0	0	0	0	0	0	0	0	0	0	0
S(5,-5)SumAverg	66.336582	0	0	0	0	0	0	0	0	0	0	0	0	0	0	0
S(5,-5)SumVarnc	673.60165	0	0	0	0	0	0	0	0	0	0	0	0	0	0	0
S(5,-5)SumEntrp	2.020219	0	0	0	0	0	0	0	0	0	0	0	0	0	0	0
S(5,-5)Entropy	3.6007739	0	0	0	0	0	0	0	0	0	0	0	0	0	0	0
S(5,-5)DifVarnc	224.12187	0	0	0	0	0	0	0	0	0	0	0	0	0	0	0
S(5,-5)DifEntrp	1.7236489	0	0	0	0	0	0	0	0	0	0	0	0	0	0	0
Horzl_RLNonUni	61768.389	0	0	0	0	0	0	0	0	0	0	0	0	0	0	0
Horzl_GLevNonU	1014.1957	0	0	0	0	0	0	0	0	0	0	0	0	0	0	0
Horzl_LngREmph	1.0615797	0	0	0	0	0	0	0	0	0	0	0	0	0	0	0
Horzl_ShrtREmp	0.9852126	0	0	0	0	0	0	0	0	0	0	0	0	0	0	0
Horzl_Fraction	0.98025513	0	0	0	0	0	0	0	0	0	0	0	0	0	0	0
Vertl_RLNonUni	62569.169	0	0	0	0	0	0	0	0	0	0	0	0	0	0	0
Vertl_GLevNonU	1018.9745	0	0	0	0	0	0	0	0	0	0	0	0	0	0	0
Vertl_LngREmph	1.0473755	0	0	0	0	0	0	0	0	0	0	0	0	0	0	0
Vertl_ShrtREmp	0.98841441	0	0	0	0	0	0	0	0	0	0	0	0	0	0	0
Vertl_Fraction	0.98460388	0	0	0	0	0	0	0	0	0	0	0	0	0	0	0
45dgr_RLNonUni	62465.056	0	0	0	0	0	0	0	0	0	0	0	0	0	0	0
45dgr_GLevNonU	1018.1436	0	0	0	0	0	0	0	0	0	0	0	0	0	0	0
45dgr_LngREmph	1.0495139	0	0	0	0	0	0	0	0	0	0	0	0	0	0	0
45dgr_ShrtREmp	0.98800975	0	0	0	0	0	0	0	0	0	0	0	0	0	0	0
45dgr_Fraction	0.98399353	0	0	0	0	0	0	0	0	0	0	0	0	0	0	0
135dr_RLNonUni	62572.257	0	0	0	0	0	0	0	0	0	0	0	0	0	0	0
135dr_GLevNonU	1018.7455	0	0	0	0	0	0	0	0	0	0	0	0	0	0	0
135dr_LngREmph	1.0471409	0	0	0	0	0	0	0	0	0	0	0	0	0	0	0
135dr_ShrtREmp	0.98842141	0	0	0	0	0	0	0	0	0	0	0	0	0	0	0
135dr_Fraction	0.98464966	0	0	0	0	0	0	0	0	0	0	0	0	0	0	0
_AreaGr	64516	0	0	0	0	0	0	0	0	0	0	0	0	0	0	0
GrMean	8.2034495	0	0	0	0	0	0	0	0	0	0	0	0	0	0	0
GrVariance	15.441947	0	0	0	0	0	0	0	0	0	0	0	0	0	0	0
GrSkewness	0.18539158	0	0	0	0	0	0	0	0	0	0	0	0	0	0	0
GrKurtosis	-0.66029673	0	0	0	0	0	0	0	0	0	0	0	0	0	0	0
GrNonZeros	0.99572199	0	0	0	0	0	0	0	0	0	0	0	0	0	0	0
_AreaARM	64770	0	0	0	0	0	0	0	0	0	0	0	0	0	0	0
Teta1	0.043821441	0	0	0	0	0	0	0	0	0	0	0	0	0	0	0
Teta2	-0.00026513682	0	0	0	0	0	0	0	0	0	0	0	0	0	0	0
Teta3	0.0037641513	0	0	0	0	0	0	0	0	0	0	0	0	0	0	0
Teta4	0.0014343597	0	0	0	0	0	0	0	0	0	0	0	0	0	0	0
Sigma	0.99832239	0	0	0	0	0	0	0	0	0	0	0	0	0	0	0
WavEnLL_s-1	18368.469	0	0	0	0	0	0	0	0	0	0	0	0	0	0	0
WavEnLH_s-1	1405.6849	0	0	0	0	0	0	0	0	0	0	0	0	0	0	0
WavEnHL_s-1	1282.096	0	0	0	0	0	0	0	0	0	0	0	0	0	0	0
WavEnHH_s-1	1285.3783	0	0	0	0	0	0	0	0	0	0	0	0	0	0	0
WavEnLL_s-2	17306.743	0	0	0	0	0	0	0	0	0	0	0	0	0	0	0
WavEnLH_s-2	371.61746	0	0	0	0	0	0	0	0	0	0	0	0	0	0	0
WavEnHL_s-2	354.34628	0	0	0	0	0	0	0	0	0	0	0	0	0	0	0
WavEnHH_s-2	335.76286	0	0	0	0	0	0	0	0	0	0	0	0	0	0	0
WavEnLL_s-3	17046.182	0	0	0	0	0	0	0	0	0	0	0	0	0	0	0
WavEnLH_s-3	91.590919	0	0	0	0	0	0	0	0	0	0	0	0	0	0	0
WavEnHL_s-3	86.837427	0	0	0	0	0	0	0	0	0	0	0	0	0	0	0
WavEnHH_s-3	82.132052	0	0	0	0	0	0	0	0	0	0	0	0	0	0	0
WavEnLL_s-4	16968.812	0	0	0	0	0	0	0	0	0	0	0	0	0	0	0
WavEnLH_s-4	28.134453	0	0	0	0	0	0	0	0	0	0	0	0	0	0	0
WavEnHL_s-4	24.364854	0	0	0	0	0	0	0	0	0	0	0	0	0	0	0
WavEnHH_s-4	24.870482	0	0	0	0	0	0	0	0	0	0	0	0	0	0	0
