Image File: cushion1-a-p038.png 
ROI File: allred.roi 
Image size: 256 x 256
Min. lum.: 1
Max. lum.: 256
Bits/pixel: 8

Normalisation =  No
Histogram analysis = Yes
CO matrix analysis = Yes, Dimensions = 6 x 6, Distances = 1 2 3 4 5
RL matrix analysis = Yes, Dimension = 6
Gradient analysis = Yes, Max pixel value = 16
AR model analysis = Yes
Wavelet analysis = Yes

--------------- CLASS NAMES ----------------

----------------- FEATURES -----------------
_Area	65536	0	0	0	0	0	0	0	0	0	0	0	0	0	0	0
Mean	125.89375	0	0	0	0	0	0	0	0	0	0	0	0	0	0	0
Variance	5586.8719	0	0	0	0	0	0	0	0	0	0	0	0	0	0	0
Skewness	0.029231305	0	0	0	0	0	0	0	0	0	0	0	0	0	0	0
Kurtosis	-1.2073589	0	0	0	0	0	0	0	0	0	0	0	0	0	0	0
Perc.01%	2	0	0	0	0	0	0	0	0	0	0	0	0	0	0	0
Perc.10%	23	0	0	0	0	0	0	0	0	0	0	0	0	0	0	0
Perc.50%	126	0	0	0	0	0	0	0	0	0	0	0	0	0	0	0
Perc.90%	230	0	0	0	0	0	0	0	0	0	0	0	0	0	0	0
Perc.99%	254	0	0	0	0	0	0	0	0	0	0	0	0	0	0	0
_Area_S(1,0)	130560	0	0	0	0	0	0	0	0	0	0	0	0	0	0	0
S(1,0)AngScMom	0.00026125828	0	0	0	0	0	0	0	0	0	0	0	0	0	0	0
S(1,0)Contrast	658.90274	0	0	0	0	0	0	0	0	0	0	0	0	0	0	0
S(1,0)Correlat	0.054990731	0	0	0	0	0	0	0	0	0	0	0	0	0	0	0
S(1,0)SumOfSqs	348.62237	0	0	0	0	0	0	0	0	0	0	0	0	0	0	0
S(1,0)InvDfMom	0.051293281	0	0	0	0	0	0	0	0	0	0	0	0	0	0	0
S(1,0)SumAverg	63.711412	0	0	0	0	0	0	0	0	0	0	0	0	0	0	0
S(1,0)SumVarnc	735.58674	0	0	0	0	0	0	0	0	0	0	0	0	0	0	0
S(1,0)SumEntrp	2.036892	0	0	0	0	0	0	0	0	0	0	0	0	0	0	0
S(1,0)Entropy	3.5981913	0	0	0	0	0	0	0	0	0	0	0	0	0	0	0
S(1,0)DifVarnc	223.83842	0	0	0	0	0	0	0	0	0	0	0	0	0	0	0
S(1,0)DifEntrp	1.7203208	0	0	0	0	0	0	0	0	0	0	0	0	0	0	0
_Area_S(0,1)	130560	0	0	0	0	0	0	0	0	0	0	0	0	0	0	0
S(0,1)AngScMom	0.00025606043	0	0	0	0	0	0	0	0	0	0	0	0	0	0	0
S(0,1)Contrast	695.02699	0	0	0	0	0	0	0	0	0	0	0	0	0	0	0
S(0,1)Correlat	0.002492157	0	0	0	0	0	0	0	0	0	0	0	0	0	0	0
S(0,1)SumOfSqs	348.38172	0	0	0	0	0	0	0	0	0	0	0	0	0	0	0
S(0,1)InvDfMom	0.046825376	0	0	0	0	0	0	0	0	0	0	0	0	0	0	0
S(0,1)SumAverg	63.71394	0	0	0	0	0	0	0	0	0	0	0	0	0	0	0
S(0,1)SumVarnc	698.49988	0	0	0	0	0	0	0	0	0	0	0	0	0	0	0
S(0,1)SumEntrp	2.0272598	0	0	0	0	0	0	0	0	0	0	0	0	0	0	0
S(0,1)Entropy	3.6018751	0	0	0	0	0	0	0	0	0	0	0	0	0	0	0
S(0,1)DifVarnc	232.08773	0	0	0	0	0	0	0	0	0	0	0	0	0	0	0
S(0,1)DifEntrp	1.7302298	0	0	0	0	0	0	0	0	0	0	0	0	0	0	0
_Area_S(1,1)	130050	0	0	0	0	0	0	0	0	0	0	0	0	0	0	0
S(1,1)AngScMom	0.00025655421	0	0	0	0	0	0	0	0	0	0	0	0	0	0	0
S(1,1)Contrast	702.86165	0	0	0	0	0	0	0	0	0	0	0	0	0	0	0
S(1,1)Correlat	-0.0086375965	0	0	0	0	0	0	0	0	0	0	0	0	0	0	0
S(1,1)SumOfSqs	348.4213	0	0	0	0	0	0	0	0	0	0	0	0	0	0	0
S(1,1)InvDfMom	0.046364239	0	0	0	0	0	0	0	0	0	0	0	0	0	0	0
S(1,1)SumAverg	63.716863	0	0	0	0	0	0	0	0	0	0	0	0	0	0	0
S(1,1)SumVarnc	690.82356	0	0	0	0	0	0	0	0	0	0	0	0	0	0	0
S(1,1)SumEntrp	2.0251469	0	0	0	0	0	0	0	0	0	0	0	0	0	0	0
S(1,1)Entropy	3.6013856	0	0	0	0	0	0	0	0	0	0	0	0	0	0	0
S(1,1)DifVarnc	234.92741	0	0	0	0	0	0	0	0	0	0	0	0	0	0	0
S(1,1)DifEntrp	1.7320898	0	0	0	0	0	0	0	0	0	0	0	0	0	0	0
_Area_S(1,-1)	130050	0	0	0	0	0	0	0	0	0	0	0	0	0	0	0
S(1,-1)AngScMom	0.00025646824	0	0	0	0	0	0	0	0	0	0	0	0	0	0	0
S(1,-1)Contrast	693.27891	0	0	0	0	0	0	0	0	0	0	0	0	0	0	0
S(1,-1)Correlat	0.0051114886	0	0	0	0	0	0	0	0	0	0	0	0	0	0	0
S(1,-1)SumOfSqs	348.4204	0	0	0	0	0	0	0	0	0	0	0	0	0	0	0
S(1,-1)InvDfMom	0.046549211	0	0	0	0	0	0	0	0	0	0	0	0	0	0	0
S(1,-1)SumAverg	63.716894	0	0	0	0	0	0	0	0	0	0	0	0	0	0	0
S(1,-1)SumVarnc	700.4027	0	0	0	0	0	0	0	0	0	0	0	0	0	0	0
S(1,-1)SumEntrp	2.0277116	0	0	0	0	0	0	0	0	0	0	0	0	0	0	0
S(1,-1)Entropy	3.6015334	0	0	0	0	0	0	0	0	0	0	0	0	0	0	0
S(1,-1)DifVarnc	232.42217	0	0	0	0	0	0	0	0	0	0	0	0	0	0	0
S(1,-1)DifEntrp	1.7299374	0	0	0	0	0	0	0	0	0	0	0	0	0	0	0
_Area_S(2,0)	130048	0	0	0	0	0	0	0	0	0	0	0	0	0	0	0
S(2,0)AngScMom	0.0002581394	0	0	0	0	0	0	0	0	0	0	0	0	0	0	0
S(2,0)Contrast	672.78019	0	0	0	0	0	0	0	0	0	0	0	0	0	0	0
S(2,0)Correlat	0.035038066	0	0	0	0	0	0	0	0	0	0	0	0	0	0	0
S(2,0)SumOfSqs	348.60452	0	0	0	0	0	0	0	0	0	0	0	0	0	0	0
S(2,0)InvDfMom	0.049378507	0	0	0	0	0	0	0	0	0	0	0	0	0	0	0
S(2,0)SumAverg	63.717535	0	0	0	0	0	0	0	0	0	0	0	0	0	0	0
S(2,0)SumVarnc	721.6379	0	0	0	0	0	0	0	0	0	0	0	0	0	0	0
S(2,0)SumEntrp	2.0335315	0	0	0	0	0	0	0	0	0	0	0	0	0	0	0
S(2,0)Entropy	3.6004131	0	0	0	0	0	0	0	0	0	0	0	0	0	0	0
S(2,0)DifVarnc	226.06417	0	0	0	0	0	0	0	0	0	0	0	0	0	0	0
S(2,0)DifEntrp	1.7242595	0	0	0	0	0	0	0	0	0	0	0	0	0	0	0
_Area_S(0,2)	130048	0	0	0	0	0	0	0	0	0	0	0	0	0	0	0
S(0,2)AngScMom	0.00025605857	0	0	0	0	0	0	0	0	0	0	0	0	0	0	0
S(0,2)Contrast	695.41372	0	0	0	0	0	0	0	0	0	0	0	0	0	0	0
S(0,2)Correlat	0.0017192814	0	0	0	0	0	0	0	0	0	0	0	0	0	0	0
S(0,2)SumOfSqs	348.3057	0	0	0	0	0	0	0	0	0	0	0	0	0	0	0
S(0,2)InvDfMom	0.047154203	0	0	0	0	0	0	0	0	0	0	0	0	0	0	0
S(0,2)SumAverg	63.708077	0	0	0	0	0	0	0	0	0	0	0	0	0	0	0
S(0,2)SumVarnc	697.80907	0	0	0	0	0	0	0	0	0	0	0	0	0	0	0
S(0,2)SumEntrp	2.0270113	0	0	0	0	0	0	0	0	0	0	0	0	0	0	0
S(0,2)Entropy	3.6019313	0	0	0	0	0	0	0	0	0	0	0	0	0	0	0
S(0,2)DifVarnc	232.90711	0	0	0	0	0	0	0	0	0	0	0	0	0	0	0
S(0,2)DifEntrp	1.7305229	0	0	0	0	0	0	0	0	0	0	0	0	0	0	0
_Area_S(2,2)	129032	0	0	0	0	0	0	0	0	0	0	0	0	0	0	0
S(2,2)AngScMom	0.00025594764	0	0	0	0	0	0	0	0	0	0	0	0	0	0	0
S(2,2)Contrast	693.73121	0	0	0	0	0	0	0	0	0	0	0	0	0	0	0
S(2,2)Correlat	0.0041579239	0	0	0	0	0	0	0	0	0	0	0	0	0	0	0
S(2,2)SumOfSqs	348.31387	0	0	0	0	0	0	0	0	0	0	0	0	0	0	0
S(2,2)InvDfMom	0.045990153	0	0	0	0	0	0	0	0	0	0	0	0	0	0	0
S(2,2)SumAverg	63.716985	0	0	0	0	0	0	0	0	0	0	0	0	0	0	0
S(2,2)SumVarnc	699.52426	0	0	0	0	0	0	0	0	0	0	0	0	0	0	0
S(2,2)SumEntrp	2.027315	0	0	0	0	0	0	0	0	0	0	0	0	0	0	0
S(2,2)Entropy	3.6019271	0	0	0	0	0	0	0	0	0	0	0	0	0	0	0
S(2,2)DifVarnc	231.8164	0	0	0	0	0	0	0	0	0	0	0	0	0	0	0
S(2,2)DifEntrp	1.7298503	0	0	0	0	0	0	0	0	0	0	0	0	0	0	0
_Area_S(2,-2)	129032	0	0	0	0	0	0	0	0	0	0	0	0	0	0	0
S(2,-2)AngScMom	0.00025636952	0	0	0	0	0	0	0	0	0	0	0	0	0	0	0
S(2,-2)Contrast	694.66765	0	0	0	0	0	0	0	0	0	0	0	0	0	0	0
S(2,-2)Correlat	0.0028323686	0	0	0	0	0	0	0	0	0	0	0	0	0	0	0
S(2,-2)SumOfSqs	348.3204	0	0	0	0	0	0	0	0	0	0	0	0	0	0	0
S(2,-2)InvDfMom	0.046999615	0	0	0	0	0	0	0	0	0	0	0	0	0	0	0
S(2,-2)SumAverg	63.717155	0	0	0	0	0	0	0	0	0	0	0	0	0	0	0
S(2,-2)SumVarnc	698.61394	0	0	0	0	0	0	0	0	0	0	0	0	0	0	0
S(2,-2)SumEntrp	2.0272785	0	0	0	0	0	0	0	0	0	0	0	0	0	0	0
S(2,-2)Entropy	3.6016227	0	0	0	0	0	0	0	0	0	0	0	0	0	0	0
S(2,-2)DifVarnc	232.88541	0	0	0	0	0	0	0	0	0	0	0	0	0	0	0
S(2,-2)DifEntrp	1.7302451	0	0	0	0	0	0	0	0	0	0	0	0	0	0	0
_Area_S(3,0)	129536	0	0	0	0	0	0	0	0	0	0	0	0	0	0	0
S(3,0)AngScMom	0.00025692033	0	0	0	0	0	0	0	0	0	0	0	0	0	0	0
S(3,0)Contrast	682.69689	0	0	0	0	0	0	0	0	0	0	0	0	0	0	0
S(3,0)Correlat	0.020872795	0	0	0	0	0	0	0	0	0	0	0	0	0	0	0
S(3,0)SumOfSqs	348.62523	0	0	0	0	0	0	0	0	0	0	0	0	0	0	0
S(3,0)InvDfMom	0.048872212	0	0	0	0	0	0	0	0	0	0	0	0	0	0	0
S(3,0)SumAverg	63.719244	0	0	0	0	0	0	0	0	0	0	0	0	0	0	0
S(3,0)SumVarnc	711.80402	0	0	0	0	0	0	0	0	0	0	0	0	0	0	0
S(3,0)SumEntrp	2.0305841	0	0	0	0	0	0	0	0	0	0	0	0	0	0	0
S(3,0)Entropy	3.601192	0	0	0	0	0	0	0	0	0	0	0	0	0	0	0
S(3,0)DifVarnc	228.42421	0	0	0	0	0	0	0	0	0	0	0	0	0	0	0
S(3,0)DifEntrp	1.7275044	0	0	0	0	0	0	0	0	0	0	0	0	0	0	0
_Area_S(0,3)	129536	0	0	0	0	0	0	0	0	0	0	0	0	0	0	0
S(0,3)AngScMom	0.00025609599	0	0	0	0	0	0	0	0	0	0	0	0	0	0	0
S(0,3)Contrast	696.19862	0	0	0	0	0	0	0	0	0	0	0	0	0	0	0
S(0,3)Correlat	0.0005147345	0	0	0	0	0	0	0	0	0	0	0	0	0	0	0
S(0,3)SumOfSqs	348.27858	0	0	0	0	0	0	0	0	0	0	0	0	0	0	0
S(0,3)InvDfMom	0.045664172	0	0	0	0	0	0	0	0	0	0	0	0	0	0	0
S(0,3)SumAverg	63.708807	0	0	0	0	0	0	0	0	0	0	0	0	0	0	0
S(0,3)SumVarnc	696.9157	0	0	0	0	0	0	0	0	0	0	0	0	0	0	0
S(0,3)SumEntrp	2.0267559	0	0	0	0	0	0	0	0	0	0	0	0	0	0	0
S(0,3)Entropy	3.6017735	0	0	0	0	0	0	0	0	0	0	0	0	0	0	0
S(0,3)DifVarnc	231.52484	0	0	0	0	0	0	0	0	0	0	0	0	0	0	0
S(0,3)DifEntrp	1.7303278	0	0	0	0	0	0	0	0	0	0	0	0	0	0	0
_Area_S(3,3)	128018	0	0	0	0	0	0	0	0	0	0	0	0	0	0	0
S(3,3)AngScMom	0.00025609862	0	0	0	0	0	0	0	0	0	0	0	0	0	0	0
S(3,3)Contrast	698.58215	0	0	0	0	0	0	0	0	0	0	0	0	0	0	0
S(3,3)Correlat	-0.0028261309	0	0	0	0	0	0	0	0	0	0	0	0	0	0	0
S(3,3)SumOfSqs	348.30672	0	0	0	0	0	0	0	0	0	0	0	0	0	0	0
S(3,3)InvDfMom	0.047296217	0	0	0	0	0	0	0	0	0	0	0	0	0	0	0
S(3,3)SumAverg	63.719961	0	0	0	0	0	0	0	0	0	0	0	0	0	0	0
S(3,3)SumVarnc	694.64471	0	0	0	0	0	0	0	0	0	0	0	0	0	0	0
S(3,3)SumEntrp	2.0262065	0	0	0	0	0	0	0	0	0	0	0	0	0	0	0
S(3,3)Entropy	3.6018663	0	0	0	0	0	0	0	0	0	0	0	0	0	0	0
S(3,3)DifVarnc	234.03753	0	0	0	0	0	0	0	0	0	0	0	0	0	0	0
S(3,3)DifEntrp	1.7311922	0	0	0	0	0	0	0	0	0	0	0	0	0	0	0
_Area_S(3,-3)	128018	0	0	0	0	0	0	0	0	0	0	0	0	0	0	0
S(3,-3)AngScMom	0.00025596109	0	0	0	0	0	0	0	0	0	0	0	0	0	0	0
S(3,-3)Contrast	695.69809	0	0	0	0	0	0	0	0	0	0	0	0	0	0	0
S(3,-3)Correlat	0.0013108874	0	0	0	0	0	0	0	0	0	0	0	0	0	0	0
S(3,-3)SumOfSqs	348.30563	0	0	0	0	0	0	0	0	0	0	0	0	0	0	0
S(3,-3)InvDfMom	0.046875993	0	0	0	0	0	0	0	0	0	0	0	0	0	0	0
S(3,-3)SumAverg	63.719711	0	0	0	0	0	0	0	0	0	0	0	0	0	0	0
S(3,-3)SumVarnc	697.52445	0	0	0	0	0	0	0	0	0	0	0	0	0	0	0
S(3,-3)SumEntrp	2.0268408	0	0	0	0	0	0	0	0	0	0	0	0	0	0	0
S(3,-3)Entropy	3.6019278	0	0	0	0	0	0	0	0	0	0	0	0	0	0	0
S(3,-3)DifVarnc	233.74799	0	0	0	0	0	0	0	0	0	0	0	0	0	0	0
S(3,-3)DifEntrp	1.7306877	0	0	0	0	0	0	0	0	0	0	0	0	0	0	0
_Area_S(4,0)	129024	0	0	0	0	0	0	0	0	0	0	0	0	0	0	0
S(4,0)AngScMom	0.00025682733	0	0	0	0	0	0	0	0	0	0	0	0	0	0	0
S(4,0)Contrast	684.79481	0	0	0	0	0	0	0	0	0	0	0	0	0	0	0
S(4,0)Correlat	0.017947887	0	0	0	0	0	0	0	0	0	0	0	0	0	0	0
S(4,0)SumOfSqs	348.65503	0	0	0	0	0	0	0	0	0	0	0	0	0	0	0
S(4,0)InvDfMom	0.047159785	0	0	0	0	0	0	0	0	0	0	0	0	0	0	0
S(4,0)SumAverg	63.722455	0	0	0	0	0	0	0	0	0	0	0	0	0	0	0
S(4,0)SumVarnc	709.8253	0	0	0	0	0	0	0	0	0	0	0	0	0	0	0
S(4,0)SumEntrp	2.0301702	0	0	0	0	0	0	0	0	0	0	0	0	0	0	0
S(4,0)Entropy	3.6013067	0	0	0	0	0	0	0	0	0	0	0	0	0	0	0
S(4,0)DifVarnc	229.43168	0	0	0	0	0	0	0	0	0	0	0	0	0	0	0
S(4,0)DifEntrp	1.7275159	0	0	0	0	0	0	0	0	0	0	0	0	0	0	0
_Area_S(0,4)	129024	0	0	0	0	0	0	0	0	0	0	0	0	0	0	0
S(0,4)AngScMom	0.00025569885	0	0	0	0	0	0	0	0	0	0	0	0	0	0	0
S(0,4)Contrast	698.25729	0	0	0	0	0	0	0	0	0	0	0	0	0	0	0
S(0,4)Correlat	-0.0025195468	0	0	0	0	0	0	0	0	0	0	0	0	0	0	0
S(0,4)SumOfSqs	348.25121	0	0	0	0	0	0	0	0	0	0	0	0	0	0	0
S(0,4)InvDfMom	0.046490178	0	0	0	0	0	0	0	0	0	0	0	0	0	0	0
S(0,4)SumAverg	63.709387	0	0	0	0	0	0	0	0	0	0	0	0	0	0	0
S(0,4)SumVarnc	694.74754	0	0	0	0	0	0	0	0	0	0	0	0	0	0	0
S(0,4)SumEntrp	2.026378	0	0	0	0	0	0	0	0	0	0	0	0	0	0	0
S(0,4)Entropy	3.6021938	0	0	0	0	0	0	0	0	0	0	0	0	0	0	0
S(0,4)DifVarnc	233.22362	0	0	0	0	0	0	0	0	0	0	0	0	0	0	0
S(0,4)DifEntrp	1.7311327	0	0	0	0	0	0	0	0	0	0	0	0	0	0	0
_Area_S(4,4)	127008	0	0	0	0	0	0	0	0	0	0	0	0	0	0	0
S(4,4)AngScMom	0.00025657032	0	0	0	0	0	0	0	0	0	0	0	0	0	0	0
S(4,4)Contrast	692.31631	0	0	0	0	0	0	0	0	0	0	0	0	0	0	0
S(4,4)Correlat	0.0061924426	0	0	0	0	0	0	0	0	0	0	0	0	0	0	0
S(4,4)SumOfSqs	348.31508	0	0	0	0	0	0	0	0	0	0	0	0	0	0	0
S(4,4)InvDfMom	0.047516921	0	0	0	0	0	0	0	0	0	0	0	0	0	0	0
S(4,4)SumAverg	63.723372	0	0	0	0	0	0	0	0	0	0	0	0	0	0	0
S(4,4)SumVarnc	700.944	0	0	0	0	0	0	0	0	0	0	0	0	0	0	0
S(4,4)SumEntrp	2.0278742	0	0	0	0	0	0	0	0	0	0	0	0	0	0	0
S(4,4)Entropy	3.6014899	0	0	0	0	0	0	0	0	0	0	0	0	0	0	0
S(4,4)DifVarnc	232.40416	0	0	0	0	0	0	0	0	0	0	0	0	0	0	0
S(4,4)DifEntrp	1.7295526	0	0	0	0	0	0	0	0	0	0	0	0	0	0	0
_Area_S(4,-4)	127008	0	0	0	0	0	0	0	0	0	0	0	0	0	0	0
S(4,-4)AngScMom	0.00025649059	0	0	0	0	0	0	0	0	0	0	0	0	0	0	0
S(4,-4)Contrast	696.34284	0	0	0	0	0	0	0	0	0	0	0	0	0	0	0
S(4,-4)Correlat	0.00036606512	0	0	0	0	0	0	0	0	0	0	0	0	0	0	0
S(4,-4)SumOfSqs	348.29892	0	0	0	0	0	0	0	0	0	0	0	0	0	0	0
S(4,-4)InvDfMom	0.047242371	0	0	0	0	0	0	0	0	0	0	0	0	0	0	0
S(4,-4)SumAverg	63.723104	0	0	0	0	0	0	0	0	0	0	0	0	0	0	0
S(4,-4)SumVarnc	696.85284	0	0	0	0	0	0	0	0	0	0	0	0	0	0	0
S(4,-4)SumEntrp	2.0264121	0	0	0	0	0	0	0	0	0	0	0	0	0	0	0
S(4,-4)Entropy	3.6015142	0	0	0	0	0	0	0	0	0	0	0	0	0	0	0
S(4,-4)DifVarnc	233.09016	0	0	0	0	0	0	0	0	0	0	0	0	0	0	0
S(4,-4)DifEntrp	1.7307954	0	0	0	0	0	0	0	0	0	0	0	0	0	0	0
_Area_S(5,0)	128512	0	0	0	0	0	0	0	0	0	0	0	0	0	0	0
S(5,0)AngScMom	0.00025630205	0	0	0	0	0	0	0	0	0	0	0	0	0	0	0
S(5,0)Contrast	695.40455	0	0	0	0	0	0	0	0	0	0	0	0	0	0	0
S(5,0)Correlat	0.0025990434	0	0	0	0	0	0	0	0	0	0	0	0	0	0	0
S(5,0)SumOfSqs	348.60832	0	0	0	0	0	0	0	0	0	0	0	0	0	0	0
S(5,0)InvDfMom	0.047610256	0	0	0	0	0	0	0	0	0	0	0	0	0	0	0
S(5,0)SumAverg	63.712914	0	0	0	0	0	0	0	0	0	0	0	0	0	0	0
S(5,0)SumVarnc	699.02875	0	0	0	0	0	0	0	0	0	0	0	0	0	0	0
S(5,0)SumEntrp	2.0274603	0	0	0	0	0	0	0	0	0	0	0	0	0	0	0
S(5,0)Entropy	3.6017268	0	0	0	0	0	0	0	0	0	0	0	0	0	0	0
S(5,0)DifVarnc	232.93704	0	0	0	0	0	0	0	0	0	0	0	0	0	0	0
S(5,0)DifEntrp	1.7307582	0	0	0	0	0	0	0	0	0	0	0	0	0	0	0
_Area_S(0,5)	128512	0	0	0	0	0	0	0	0	0	0	0	0	0	0	0
S(0,5)AngScMom	0.00025616291	0	0	0	0	0	0	0	0	0	0	0	0	0	0	0
S(0,5)Contrast	704.81911	0	0	0	0	0	0	0	0	0	0	0	0	0	0	0
S(0,5)Correlat	-0.012168581	0	0	0	0	0	0	0	0	0	0	0	0	0	0	0
S(0,5)SumOfSqs	348.17279	0	0	0	0	0	0	0	0	0	0	0	0	0	0	0
S(0,5)InvDfMom	0.046690804	0	0	0	0	0	0	0	0	0	0	0	0	0	0	0
S(0,5)SumAverg	63.709054	0	0	0	0	0	0	0	0	0	0	0	0	0	0	0
S(0,5)SumVarnc	687.87204	0	0	0	0	0	0	0	0	0	0	0	0	0	0	0
S(0,5)SumEntrp	2.0245831	0	0	0	0	0	0	0	0	0	0	0	0	0	0	0
S(0,5)Entropy	3.6017288	0	0	0	0	0	0	0	0	0	0	0	0	0	0	0
S(0,5)DifVarnc	233.62526	0	0	0	0	0	0	0	0	0	0	0	0	0	0	0
S(0,5)DifEntrp	1.7325673	0	0	0	0	0	0	0	0	0	0	0	0	0	0	0
_Area_S(5,5)	126002	0	0	0	0	0	0	0	0	0	0	0	0	0	0	0
S(5,5)AngScMom	0.00025683438	0	0	0	0	0	0	0	0	0	0	0	0	0	0	0
S(5,5)Contrast	695.3063	0	0	0	0	0	0	0	0	0	0	0	0	0	0	0
S(5,5)Correlat	0.0015442139	0	0	0	0	0	0	0	0	0	0	0	0	0	0	0
S(5,5)SumOfSqs	348.19083	0	0	0	0	0	0	0	0	0	0	0	0	0	0	0
S(5,5)InvDfMom	0.047030889	0	0	0	0	0	0	0	0	0	0	0	0	0	0	0
S(5,5)SumAverg	63.713973	0	0	0	0	0	0	0	0	0	0	0	0	0	0	0
S(5,5)SumVarnc	697.45702	0	0	0	0	0	0	0	0	0	0	0	0	0	0	0
S(5,5)SumEntrp	2.026994	0	0	0	0	0	0	0	0	0	0	0	0	0	0	0
S(5,5)Entropy	3.6011917	0	0	0	0	0	0	0	0	0	0	0	0	0	0	0
S(5,5)DifVarnc	232.38683	0	0	0	0	0	0	0	0	0	0	0	0	0	0	0
S(5,5)DifEntrp	1.7302281	0	0	0	0	0	0	0	0	0	0	0	0	0	0	0
_Area_S(5,-5)	126002	0	0	0	0	0	0	0	0	0	0	0	0	0	0	0
S(5,-5)AngScMom	0.00025601127	0	0	0	0	0	0	0	0	0	0	0	0	0	0	0
S(5,-5)Contrast	695.70999	0	0	0	0	0	0	0	0	0	0	0	0	0	0	0
S(5,-5)Correlat	0.00095511526	0	0	0	0	0	0	0	0	0	0	0	0	0	0	0
S(5,-5)SumOfSqs	348.18755	0	0	0	0	0	0	0	0	0	0	0	0	0	0	0
S(5,-5)InvDfMom	0.046347962	0	0	0	0	0	0	0	0	0	0	0	0	0	0	0
S(5,-5)SumAverg	63.711005	0	0	0	0	0	0	0	0	0	0	0	0	0	0	0
S(5,-5)SumVarnc	697.04023	0	0	0	0	0	0	0	0	0	0	0	0	0	0	0
S(5,-5)SumEntrp	2.0267632	0	0	0	0	0	0	0	0	0	0	0	0	0	0	0
S(5,-5)Entropy	3.6018744	0	0	0	0	0	0	0	0	0	0	0	0	0	0	0
S(5,-5)DifVarnc	231.62524	0	0	0	0	0	0	0	0	0	0	0	0	0	0	0
S(5,-5)DifEntrp	1.7303564	0	0	0	0	0	0	0	0	0	0	0	0	0	0	0
Horzl_RLNonUni	61991.2	0	0	0	0	0	0	0	0	0	0	0	0	0	0	0
Horzl_GLevNonU	1013.1597	0	0	0	0	0	0	0	0	0	0	0	0	0	0	0
Horzl_LngREmph	1.0581668	0	0	0	0	0	0	0	0	0	0	0	0	0	0	0
Horzl_ShrtREmp	0.98612396	0	0	0	0	0	0	0	0	0	0	0	0	0	0	0
Horzl_Fraction	0.98136902	0	0	0	0	0	0	0	0	0	0	0	0	0	0	0
Vertl_RLNonUni	62542.575	0	0	0	0	0	0	0	0	0	0	0	0	0	0	0
Vertl_GLevNonU	1017.0073	0	0	0	0	0	0	0	0	0	0	0	0	0	0	0
Vertl_LngREmph	1.0479881	0	0	0	0	0	0	0	0	0	0	0	0	0	0	0
Vertl_ShrtREmp	0.98831298	0	0	0	0	0	0	0	0	0	0	0	0	0	0	0
Vertl_Fraction	0.98443604	0	0	0	0	0	0	0	0	0	0	0	0	0	0	0
45dgr_RLNonUni	62554.478	0	0	0	0	0	0	0	0	0	0	0	0	0	0	0
45dgr_GLevNonU	1017.0157	0	0	0	0	0	0	0	0	0	0	0	0	0	0	0
45dgr_LngREmph	1.0476117	0	0	0	0	0	0	0	0	0	0	0	0	0	0	0
45dgr_ShrtREmp	0.98835539	0	0	0	0	0	0	0	0	0	0	0	0	0	0	0
45dgr_Fraction	0.98452759	0	0	0	0	0	0	0	0	0	0	0	0	0	0	0
135dr_RLNonUni	62582.832	0	0	0	0	0	0	0	0	0	0	0	0	0	0	0
135dr_GLevNonU	1017.244	0	0	0	0	0	0	0	0	0	0	0	0	0	0	0
135dr_LngREmph	1.0472176	0	0	0	0	0	0	0	0	0	0	0	0	0	0	0
135dr_ShrtREmp	0.98847109	0	0	0	0	0	0	0	0	0	0	0	0	0	0	0
135dr_Fraction	0.98466492	0	0	0	0	0	0	0	0	0	0	0	0	0	0	0
_AreaGr	64516	0	0	0	0	0	0	0	0	0	0	0	0	0	0	0
GrMean	8.3192611	0	0	0	0	0	0	0	0	0	0	0	0	0	0	0
GrVariance	15.729166	0	0	0	0	0	0	0	0	0	0	0	0	0	0	0
GrSkewness	0.17441907	0	0	0	0	0	0	0	0	0	0	0	0	0	0	0
GrKurtosis	-0.66733041	0	0	0	0	0	0	0	0	0	0	0	0	0	0	0
GrNonZeros	0.99601649	0	0	0	0	0	0	0	0	0	0	0	0	0	0	0
_AreaARM	64770	0	0	0	0	0	0	0	0	0	0	0	0	0	0	0
Teta1	0.053933864	0	0	0	0	0	0	0	0	0	0	0	0	0	0	0
Teta2	0.0051472742	0	0	0	0	0	0	0	0	0	0	0	0	0	0	0
Teta3	0.002547045	0	0	0	0	0	0	0	0	0	0	0	0	0	0	0
Teta4	-0.0087108967	0	0	0	0	0	0	0	0	0	0	0	0	0	0	0
Sigma	0.99802521	0	0	0	0	0	0	0	0	0	0	0	0	0	0	0
WavEnLL_s-1	17082.982	0	0	0	0	0	0	0	0	0	0	0	0	0	0	0
WavEnLH_s-1	1467.0073	0	0	0	0	0	0	0	0	0	0	0	0	0	0	0
WavEnHL_s-1	1319.0842	0	0	0	0	0	0	0	0	0	0	0	0	0	0	0
WavEnHH_s-1	1316.2477	0	0	0	0	0	0	0	0	0	0	0	0	0	0	0
WavEnLL_s-2	15991.023	0	0	0	0	0	0	0	0	0	0	0	0	0	0	0
WavEnLH_s-2	403.97433	0	0	0	0	0	0	0	0	0	0	0	0	0	0	0
WavEnHL_s-2	336.89846	0	0	0	0	0	0	0	0	0	0	0	0	0	0	0
WavEnHH_s-2	351.08668	0	0	0	0	0	0	0	0	0	0	0	0	0	0	0
WavEnLL_s-3	15699.723	0	0	0	0	0	0	0	0	0	0	0	0	0	0	0
WavEnLH_s-3	101.8893	0	0	0	0	0	0	0	0	0	0	0	0	0	0	0
WavEnHL_s-3	87.627388	0	0	0	0	0	0	0	0	0	0	0	0	0	0	0
WavEnHH_s-3	101.78274	0	0	0	0	0	0	0	0	0	0	0	0	0	0	0
WavEnLL_s-4	15625.697	0	0	0	0	0	0	0	0	0	0	0	0	0	0	0
WavEnLH_s-4	23.21589	0	0	0	0	0	0	0	0	0	0	0	0	0	0	0
WavEnHL_s-4	28.86208	0	0	0	0	0	0	0	0	0	0	0	0	0	0	0
WavEnHH_s-4	21.948566	0	0	0	0	0	0	0	0	0	0	0	0	0	0	0
