Image File: linseeds1-a-p033.png 
ROI File: allred.roi 
Image size: 256 x 256
Min. lum.: 1
Max. lum.: 256
Bits/pixel: 8

Normalisation =  No
Histogram analysis = Yes
CO matrix analysis = Yes, Dimensions = 6 x 6, Distances = 1 2 3 4 5
RL matrix analysis = Yes, Dimension = 6
Gradient analysis = Yes, Max pixel value = 16
AR model analysis = Yes
Wavelet analysis = Yes

--------------- CLASS NAMES ----------------

----------------- FEATURES -----------------
_Area	65536	0	0	0	0	0	0	0	0	0	0	0	0	0	0	0
Mean	132.84265	0	0	0	0	0	0	0	0	0	0	0	0	0	0	0
Variance	5391.5254	0	0	0	0	0	0	0	0	0	0	0	0	0	0	0
Skewness	-0.0491698	0	0	0	0	0	0	0	0	0	0	0	0	0	0	0
Kurtosis	-1.1785255	0	0	0	0	0	0	0	0	0	0	0	0	0	0	0
Perc.01%	3	0	0	0	0	0	0	0	0	0	0	0	0	0	0	0
Perc.10%	30	0	0	0	0	0	0	0	0	0	0	0	0	0	0	0
Perc.50%	134	0	0	0	0	0	0	0	0	0	0	0	0	0	0	0
Perc.90%	233	0	0	0	0	0	0	0	0	0	0	0	0	0	0	0
Perc.99%	254	0	0	0	0	0	0	0	0	0	0	0	0	0	0	0
_Area_S(1,0)	130560	0	0	0	0	0	0	0	0	0	0	0	0	0	0	0
S(1,0)AngScMom	0.00028511396	0	0	0	0	0	0	0	0	0	0	0	0	0	0	0
S(1,0)Contrast	606.58346	0	0	0	0	0	0	0	0	0	0	0	0	0	0	0
S(1,0)Correlat	0.097443154	0	0	0	0	0	0	0	0	0	0	0	0	0	0	0
S(1,0)SumOfSqs	336.03615	0	0	0	0	0	0	0	0	0	0	0	0	0	0	0
S(1,0)InvDfMom	0.058820049	0	0	0	0	0	0	0	0	0	0	0	0	0	0	0
S(1,0)SumAverg	67.169179	0	0	0	0	0	0	0	0	0	0	0	0	0	0	0
S(1,0)SumVarnc	737.56115	0	0	0	0	0	0	0	0	0	0	0	0	0	0	0
S(1,0)SumEntrp	2.0358558	0	0	0	0	0	0	0	0	0	0	0	0	0	0	0
S(1,0)Entropy	3.5814112	0	0	0	0	0	0	0	0	0	0	0	0	0	0	0
S(1,0)DifVarnc	210.90749	0	0	0	0	0	0	0	0	0	0	0	0	0	0	0
S(1,0)DifEntrp	1.7039331	0	0	0	0	0	0	0	0	0	0	0	0	0	0	0
_Area_S(0,1)	130560	0	0	0	0	0	0	0	0	0	0	0	0	0	0	0
S(0,1)AngScMom	0.00025988399	0	0	0	0	0	0	0	0	0	0	0	0	0	0	0
S(0,1)Contrast	674.13776	0	0	0	0	0	0	0	0	0	0	0	0	0	0	0
S(0,1)Correlat	-0.003505516	0	0	0	0	0	0	0	0	0	0	0	0	0	0	0
S(0,1)SumOfSqs	335.89141	0	0	0	0	0	0	0	0	0	0	0	0	0	0	0
S(0,1)InvDfMom	0.046045579	0	0	0	0	0	0	0	0	0	0	0	0	0	0	0
S(0,1)SumAverg	67.166958	0	0	0	0	0	0	0	0	0	0	0	0	0	0	0
S(0,1)SumVarnc	669.42787	0	0	0	0	0	0	0	0	0	0	0	0	0	0	0
S(0,1)SumEntrp	2.0190243	0	0	0	0	0	0	0	0	0	0	0	0	0	0	0
S(0,1)Entropy	3.5983554	0	0	0	0	0	0	0	0	0	0	0	0	0	0	0
S(0,1)DifVarnc	224.02657	0	0	0	0	0	0	0	0	0	0	0	0	0	0	0
S(0,1)DifEntrp	1.7245156	0	0	0	0	0	0	0	0	0	0	0	0	0	0	0
_Area_S(1,1)	130050	0	0	0	0	0	0	0	0	0	0	0	0	0	0	0
S(1,1)AngScMom	0.00025971308	0	0	0	0	0	0	0	0	0	0	0	0	0	0	0
S(1,1)Contrast	672.5443	0	0	0	0	0	0	0	0	0	0	0	0	0	0	0
S(1,1)Correlat	-0.0011816085	0	0	0	0	0	0	0	0	0	0	0	0	0	0	0
S(1,1)SumOfSqs	335.87528	0	0	0	0	0	0	0	0	0	0	0	0	0	0	0
S(1,1)InvDfMom	0.047403205	0	0	0	0	0	0	0	0	0	0	0	0	0	0	0
S(1,1)SumAverg	67.181992	0	0	0	0	0	0	0	0	0	0	0	0	0	0	0
S(1,1)SumVarnc	670.95681	0	0	0	0	0	0	0	0	0	0	0	0	0	0	0
S(1,1)SumEntrp	2.0195619	0	0	0	0	0	0	0	0	0	0	0	0	0	0	0
S(1,1)Entropy	3.5985163	0	0	0	0	0	0	0	0	0	0	0	0	0	0	0
S(1,1)DifVarnc	225.52603	0	0	0	0	0	0	0	0	0	0	0	0	0	0	0
S(1,1)DifEntrp	1.7242403	0	0	0	0	0	0	0	0	0	0	0	0	0	0	0
_Area_S(1,-1)	130050	0	0	0	0	0	0	0	0	0	0	0	0	0	0	0
S(1,-1)AngScMom	0.00025972999	0	0	0	0	0	0	0	0	0	0	0	0	0	0	0
S(1,-1)Contrast	667.9164	0	0	0	0	0	0	0	0	0	0	0	0	0	0	0
S(1,-1)Correlat	0.0057007098	0	0	0	0	0	0	0	0	0	0	0	0	0	0	0
S(1,-1)SumOfSqs	335.87291	0	0	0	0	0	0	0	0	0	0	0	0	0	0	0
S(1,-1)InvDfMom	0.047506976	0	0	0	0	0	0	0	0	0	0	0	0	0	0	0
S(1,-1)SumAverg	67.182253	0	0	0	0	0	0	0	0	0	0	0	0	0	0	0
S(1,-1)SumVarnc	675.57526	0	0	0	0	0	0	0	0	0	0	0	0	0	0	0
S(1,-1)SumEntrp	2.0207963	0	0	0	0	0	0	0	0	0	0	0	0	0	0	0
S(1,-1)Entropy	3.5984336	0	0	0	0	0	0	0	0	0	0	0	0	0	0	0
S(1,-1)DifVarnc	223.12652	0	0	0	0	0	0	0	0	0	0	0	0	0	0	0
S(1,-1)DifEntrp	1.7230461	0	0	0	0	0	0	0	0	0	0	0	0	0	0	0
_Area_S(2,0)	130048	0	0	0	0	0	0	0	0	0	0	0	0	0	0	0
S(2,0)AngScMom	0.00026444196	0	0	0	0	0	0	0	0	0	0	0	0	0	0	0
S(2,0)Contrast	637.92884	0	0	0	0	0	0	0	0	0	0	0	0	0	0	0
S(2,0)Correlat	0.050919268	0	0	0	0	0	0	0	0	0	0	0	0	0	0	0
S(2,0)SumOfSqs	336.07723	0	0	0	0	0	0	0	0	0	0	0	0	0	0	0
S(2,0)InvDfMom	0.051226437	0	0	0	0	0	0	0	0	0	0	0	0	0	0	0
S(2,0)SumAverg	67.175797	0	0	0	0	0	0	0	0	0	0	0	0	0	0	0
S(2,0)SumVarnc	706.38007	0	0	0	0	0	0	0	0	0	0	0	0	0	0	0
S(2,0)SumEntrp	2.0293097	0	0	0	0	0	0	0	0	0	0	0	0	0	0	0
S(2,0)Entropy	3.5948197	0	0	0	0	0	0	0	0	0	0	0	0	0	0	0
S(2,0)DifVarnc	215.1371	0	0	0	0	0	0	0	0	0	0	0	0	0	0	0
S(2,0)DifEntrp	1.7142655	0	0	0	0	0	0	0	0	0	0	0	0	0	0	0
_Area_S(0,2)	130048	0	0	0	0	0	0	0	0	0	0	0	0	0	0	0
S(0,2)AngScMom	0.00025950774	0	0	0	0	0	0	0	0	0	0	0	0	0	0	0
S(0,2)Contrast	673.23765	0	0	0	0	0	0	0	0	0	0	0	0	0	0	0
S(0,2)Correlat	-0.0024253673	0	0	0	0	0	0	0	0	0	0	0	0	0	0	0
S(0,2)SumOfSqs	335.80438	0	0	0	0	0	0	0	0	0	0	0	0	0	0	0
S(0,2)InvDfMom	0.047135428	0	0	0	0	0	0	0	0	0	0	0	0	0	0	0
S(0,2)SumAverg	67.141009	0	0	0	0	0	0	0	0	0	0	0	0	0	0	0
S(0,2)SumVarnc	669.97985	0	0	0	0	0	0	0	0	0	0	0	0	0	0	0
S(0,2)SumEntrp	2.0193196	0	0	0	0	0	0	0	0	0	0	0	0	0	0	0
S(0,2)Entropy	3.5986818	0	0	0	0	0	0	0	0	0	0	0	0	0	0	0
S(0,2)DifVarnc	224.4702	0	0	0	0	0	0	0	0	0	0	0	0	0	0	0
S(0,2)DifEntrp	1.724512	0	0	0	0	0	0	0	0	0	0	0	0	0	0	0
_Area_S(2,2)	129032	0	0	0	0	0	0	0	0	0	0	0	0	0	0	0
S(2,2)AngScMom	0.00025998109	0	0	0	0	0	0	0	0	0	0	0	0	0	0	0
S(2,2)Contrast	671.73797	0	0	0	0	0	0	0	0	0	0	0	0	0	0	0
S(2,2)Correlat	-0.00012844009	0	0	0	0	0	0	0	0	0	0	0	0	0	0	0
S(2,2)SumOfSqs	335.82585	0	0	0	0	0	0	0	0	0	0	0	0	0	0	0
S(2,2)InvDfMom	0.04618553	0	0	0	0	0	0	0	0	0	0	0	0	0	0	0
S(2,2)SumAverg	67.162766	0	0	0	0	0	0	0	0	0	0	0	0	0	0	0
S(2,2)SumVarnc	671.56544	0	0	0	0	0	0	0	0	0	0	0	0	0	0	0
S(2,2)SumEntrp	2.0197379	0	0	0	0	0	0	0	0	0	0	0	0	0	0	0
S(2,2)Entropy	3.5983505	0	0	0	0	0	0	0	0	0	0	0	0	0	0	0
S(2,2)DifVarnc	224.02882	0	0	0	0	0	0	0	0	0	0	0	0	0	0	0
S(2,2)DifEntrp	1.7238295	0	0	0	0	0	0	0	0	0	0	0	0	0	0	0
_Area_S(2,-2)	129032	0	0	0	0	0	0	0	0	0	0	0	0	0	0	0
S(2,-2)AngScMom	0.00026006674	0	0	0	0	0	0	0	0	0	0	0	0	0	0	0
S(2,-2)Contrast	672.99301	0	0	0	0	0	0	0	0	0	0	0	0	0	0	0
S(2,-2)Correlat	-0.0020009689	0	0	0	0	0	0	0	0	0	0	0	0	0	0	0
S(2,-2)SumOfSqs	335.82453	0	0	0	0	0	0	0	0	0	0	0	0	0	0	0
S(2,-2)InvDfMom	0.047304441	0	0	0	0	0	0	0	0	0	0	0	0	0	0	0
S(2,-2)SumAverg	67.163014	0	0	0	0	0	0	0	0	0	0	0	0	0	0	0
S(2,-2)SumVarnc	670.30511	0	0	0	0	0	0	0	0	0	0	0	0	0	0	0
S(2,-2)SumEntrp	2.0196353	0	0	0	0	0	0	0	0	0	0	0	0	0	0	0
S(2,-2)Entropy	3.598152	0	0	0	0	0	0	0	0	0	0	0	0	0	0	0
S(2,-2)DifVarnc	224.68938	0	0	0	0	0	0	0	0	0	0	0	0	0	0	0
S(2,-2)DifEntrp	1.724441	0	0	0	0	0	0	0	0	0	0	0	0	0	0	0
_Area_S(3,0)	129536	0	0	0	0	0	0	0	0	0	0	0	0	0	0	0
S(3,0)AngScMom	0.00026136847	0	0	0	0	0	0	0	0	0	0	0	0	0	0	0
S(3,0)Contrast	654.78372	0	0	0	0	0	0	0	0	0	0	0	0	0	0	0
S(3,0)Correlat	0.025854684	0	0	0	0	0	0	0	0	0	0	0	0	0	0	0
S(3,0)SumOfSqs	336.08113	0	0	0	0	0	0	0	0	0	0	0	0	0	0	0
S(3,0)InvDfMom	0.049552917	0	0	0	0	0	0	0	0	0	0	0	0	0	0	0
S(3,0)SumAverg	67.174716	0	0	0	0	0	0	0	0	0	0	0	0	0	0	0
S(3,0)SumVarnc	689.54081	0	0	0	0	0	0	0	0	0	0	0	0	0	0	0
S(3,0)SumEntrp	2.0249729	0	0	0	0	0	0	0	0	0	0	0	0	0	0	0
S(3,0)Entropy	3.5972752	0	0	0	0	0	0	0	0	0	0	0	0	0	0	0
S(3,0)DifVarnc	221.17229	0	0	0	0	0	0	0	0	0	0	0	0	0	0	0
S(3,0)DifEntrp	1.7197647	0	0	0	0	0	0	0	0	0	0	0	0	0	0	0
_Area_S(0,3)	129536	0	0	0	0	0	0	0	0	0	0	0	0	0	0	0
S(0,3)AngScMom	0.0002599676	0	0	0	0	0	0	0	0	0	0	0	0	0	0	0
S(0,3)Contrast	670.67331	0	0	0	0	0	0	0	0	0	0	0	0	0	0	0
S(0,3)Correlat	0.0015439997	0	0	0	0	0	0	0	0	0	0	0	0	0	0	0
S(0,3)SumOfSqs	335.85522	0	0	0	0	0	0	0	0	0	0	0	0	0	0	0
S(0,3)InvDfMom	0.047314095	0	0	0	0	0	0	0	0	0	0	0	0	0	0	0
S(0,3)SumAverg	67.144562	0	0	0	0	0	0	0	0	0	0	0	0	0	0	0
S(0,3)SumVarnc	672.74755	0	0	0	0	0	0	0	0	0	0	0	0	0	0	0
S(0,3)SumEntrp	2.0200047	0	0	0	0	0	0	0	0	0	0	0	0	0	0	0
S(0,3)Entropy	3.598309	0	0	0	0	0	0	0	0	0	0	0	0	0	0	0
S(0,3)DifVarnc	223.43062	0	0	0	0	0	0	0	0	0	0	0	0	0	0	0
S(0,3)DifEntrp	1.7237343	0	0	0	0	0	0	0	0	0	0	0	0	0	0	0
_Area_S(3,3)	128018	0	0	0	0	0	0	0	0	0	0	0	0	0	0	0
S(3,3)AngScMom	0.00026028799	0	0	0	0	0	0	0	0	0	0	0	0	0	0	0
S(3,3)Contrast	669.17793	0	0	0	0	0	0	0	0	0	0	0	0	0	0	0
S(3,3)Correlat	0.0038330226	0	0	0	0	0	0	0	0	0	0	0	0	0	0	0
S(3,3)SumOfSqs	335.87639	0	0	0	0	0	0	0	0	0	0	0	0	0	0	0
S(3,3)InvDfMom	0.048167498	0	0	0	0	0	0	0	0	0	0	0	0	0	0	0
S(3,3)SumAverg	67.164243	0	0	0	0	0	0	0	0	0	0	0	0	0	0	0
S(3,3)SumVarnc	674.32762	0	0	0	0	0	0	0	0	0	0	0	0	0	0	0
S(3,3)SumEntrp	2.020359	0	0	0	0	0	0	0	0	0	0	0	0	0	0	0
S(3,3)Entropy	3.5980347	0	0	0	0	0	0	0	0	0	0	0	0	0	0	0
S(3,3)DifVarnc	224.38838	0	0	0	0	0	0	0	0	0	0	0	0	0	0	0
S(3,3)DifEntrp	1.723578	0	0	0	0	0	0	0	0	0	0	0	0	0	0	0
_Area_S(3,-3)	128018	0	0	0	0	0	0	0	0	0	0	0	0	0	0	0
S(3,-3)AngScMom	0.00026014521	0	0	0	0	0	0	0	0	0	0	0	0	0	0	0
S(3,-3)Contrast	669.56067	0	0	0	0	0	0	0	0	0	0	0	0	0	0	0
S(3,-3)Correlat	0.0032631073	0	0	0	0	0	0	0	0	0	0	0	0	0	0	0
S(3,-3)SumOfSqs	335.87634	0	0	0	0	0	0	0	0	0	0	0	0	0	0	0
S(3,-3)InvDfMom	0.048312452	0	0	0	0	0	0	0	0	0	0	0	0	0	0	0
S(3,-3)SumAverg	67.165414	0	0	0	0	0	0	0	0	0	0	0	0	0	0	0
S(3,-3)SumVarnc	673.94467	0	0	0	0	0	0	0	0	0	0	0	0	0	0	0
S(3,-3)SumEntrp	2.0205145	0	0	0	0	0	0	0	0	0	0	0	0	0	0	0
S(3,-3)Entropy	3.598115	0	0	0	0	0	0	0	0	0	0	0	0	0	0	0
S(3,-3)DifVarnc	225.0551	0	0	0	0	0	0	0	0	0	0	0	0	0	0	0
S(3,-3)DifEntrp	1.7234026	0	0	0	0	0	0	0	0	0	0	0	0	0	0	0
_Area_S(4,0)	129024	0	0	0	0	0	0	0	0	0	0	0	0	0	0	0
S(4,0)AngScMom	0.00026003976	0	0	0	0	0	0	0	0	0	0	0	0	0	0	0
S(4,0)Contrast	663.62278	0	0	0	0	0	0	0	0	0	0	0	0	0	0	0
S(4,0)Correlat	0.012471728	0	0	0	0	0	0	0	0	0	0	0	0	0	0	0
S(4,0)SumOfSqs	336.00192	0	0	0	0	0	0	0	0	0	0	0	0	0	0	0
S(4,0)InvDfMom	0.04868986	0	0	0	0	0	0	0	0	0	0	0	0	0	0	0
S(4,0)SumAverg	67.172945	0	0	0	0	0	0	0	0	0	0	0	0	0	0	0
S(4,0)SumVarnc	680.38488	0	0	0	0	0	0	0	0	0	0	0	0	0	0	0
S(4,0)SumEntrp	2.0222093	0	0	0	0	0	0	0	0	0	0	0	0	0	0	0
S(4,0)Entropy	3.5983396	0	0	0	0	0	0	0	0	0	0	0	0	0	0	0
S(4,0)DifVarnc	223.32888	0	0	0	0	0	0	0	0	0	0	0	0	0	0	0
S(4,0)DifEntrp	1.7221	0	0	0	0	0	0	0	0	0	0	0	0	0	0	0
_Area_S(0,4)	129024	0	0	0	0	0	0	0	0	0	0	0	0	0	0	0
S(0,4)AngScMom	0.00025999651	0	0	0	0	0	0	0	0	0	0	0	0	0	0	0
S(0,4)Contrast	671.36787	0	0	0	0	0	0	0	0	0	0	0	0	0	0	0
S(0,4)Correlat	0.00052925471	0	0	0	0	0	0	0	0	0	0	0	0	0	0	0
S(0,4)SumOfSqs	335.86169	0	0	0	0	0	0	0	0	0	0	0	0	0	0	0
S(0,4)InvDfMom	0.046699436	0	0	0	0	0	0	0	0	0	0	0	0	0	0	0
S(0,4)SumAverg	67.148065	0	0	0	0	0	0	0	0	0	0	0	0	0	0	0
S(0,4)SumVarnc	672.0789	0	0	0	0	0	0	0	0	0	0	0	0	0	0	0
S(0,4)SumEntrp	2.0197881	0	0	0	0	0	0	0	0	0	0	0	0	0	0	0
S(0,4)Entropy	3.5983113	0	0	0	0	0	0	0	0	0	0	0	0	0	0	0
S(0,4)DifVarnc	224.24389	0	0	0	0	0	0	0	0	0	0	0	0	0	0	0
S(0,4)DifEntrp	1.7236783	0	0	0	0	0	0	0	0	0	0	0	0	0	0	0
_Area_S(4,4)	127008	0	0	0	0	0	0	0	0	0	0	0	0	0	0	0
S(4,4)AngScMom	0.00026009049	0	0	0	0	0	0	0	0	0	0	0	0	0	0	0
S(4,4)Contrast	665.62661	0	0	0	0	0	0	0	0	0	0	0	0	0	0	0
S(4,4)Correlat	0.008926664	0	0	0	0	0	0	0	0	0	0	0	0	0	0	0
S(4,4)SumOfSqs	335.81097	0	0	0	0	0	0	0	0	0	0	0	0	0	0	0
S(4,4)InvDfMom	0.047401029	0	0	0	0	0	0	0	0	0	0	0	0	0	0	0
S(4,4)SumAverg	67.165501	0	0	0	0	0	0	0	0	0	0	0	0	0	0	0
S(4,4)SumVarnc	677.61729	0	0	0	0	0	0	0	0	0	0	0	0	0	0	0
S(4,4)SumEntrp	2.021438	0	0	0	0	0	0	0	0	0	0	0	0	0	0	0
S(4,4)Entropy	3.5982423	0	0	0	0	0	0	0	0	0	0	0	0	0	0	0
S(4,4)DifVarnc	222.12306	0	0	0	0	0	0	0	0	0	0	0	0	0	0	0
S(4,4)DifEntrp	1.7223475	0	0	0	0	0	0	0	0	0	0	0	0	0	0	0
_Area_S(4,-4)	127008	0	0	0	0	0	0	0	0	0	0	0	0	0	0	0
S(4,-4)AngScMom	0.00025965344	0	0	0	0	0	0	0	0	0	0	0	0	0	0	0
S(4,-4)Contrast	671.45816	0	0	0	0	0	0	0	0	0	0	0	0	0	0	0
S(4,-4)Correlat	0.00020386175	0	0	0	0	0	0	0	0	0	0	0	0	0	0	0
S(4,-4)SumOfSqs	335.79754	0	0	0	0	0	0	0	0	0	0	0	0	0	0	0
S(4,-4)InvDfMom	0.048340313	0	0	0	0	0	0	0	0	0	0	0	0	0	0	0
S(4,-4)SumAverg	67.167092	0	0	0	0	0	0	0	0	0	0	0	0	0	0	0
S(4,-4)SumVarnc	671.73199	0	0	0	0	0	0	0	0	0	0	0	0	0	0	0
S(4,-4)SumEntrp	2.019618	0	0	0	0	0	0	0	0	0	0	0	0	0	0	0
S(4,-4)Entropy	3.598493	0	0	0	0	0	0	0	0	0	0	0	0	0	0	0
S(4,-4)DifVarnc	225.11735	0	0	0	0	0	0	0	0	0	0	0	0	0	0	0
S(4,-4)DifEntrp	1.724084	0	0	0	0	0	0	0	0	0	0	0	0	0	0	0
_Area_S(5,0)	128512	0	0	0	0	0	0	0	0	0	0	0	0	0	0	0
S(5,0)AngScMom	0.0002601397	0	0	0	0	0	0	0	0	0	0	0	0	0	0	0
S(5,0)Contrast	666.33938	0	0	0	0	0	0	0	0	0	0	0	0	0	0	0
S(5,0)Correlat	0.0083803784	0	0	0	0	0	0	0	0	0	0	0	0	0	0	0
S(5,0)SumOfSqs	335.98537	0	0	0	0	0	0	0	0	0	0	0	0	0	0	0
S(5,0)InvDfMom	0.047610403	0	0	0	0	0	0	0	0	0	0	0	0	0	0	0
S(5,0)SumAverg	67.165852	0	0	0	0	0	0	0	0	0	0	0	0	0	0	0
S(5,0)SumVarnc	677.60212	0	0	0	0	0	0	0	0	0	0	0	0	0	0	0
S(5,0)SumEntrp	2.0213582	0	0	0	0	0	0	0	0	0	0	0	0	0	0	0
S(5,0)Entropy	3.5981141	0	0	0	0	0	0	0	0	0	0	0	0	0	0	0
S(5,0)DifVarnc	222.84617	0	0	0	0	0	0	0	0	0	0	0	0	0	0	0
S(5,0)DifEntrp	1.7225935	0	0	0	0	0	0	0	0	0	0	0	0	0	0	0
_Area_S(0,5)	128512	0	0	0	0	0	0	0	0	0	0	0	0	0	0	0
S(0,5)AngScMom	0.00025986444	0	0	0	0	0	0	0	0	0	0	0	0	0	0	0
S(0,5)Contrast	672.78246	0	0	0	0	0	0	0	0	0	0	0	0	0	0	0
S(0,5)Correlat	-0.0016214926	0	0	0	0	0	0	0	0	0	0	0	0	0	0	0
S(0,5)SumOfSqs	335.84666	0	0	0	0	0	0	0	0	0	0	0	0	0	0	0
S(0,5)InvDfMom	0.047384143	0	0	0	0	0	0	0	0	0	0	0	0	0	0	0
S(0,5)SumAverg	67.146352	0	0	0	0	0	0	0	0	0	0	0	0	0	0	0
S(0,5)SumVarnc	670.60417	0	0	0	0	0	0	0	0	0	0	0	0	0	0	0
S(0,5)SumEntrp	2.0196528	0	0	0	0	0	0	0	0	0	0	0	0	0	0	0
S(0,5)Entropy	3.5984571	0	0	0	0	0	0	0	0	0	0	0	0	0	0	0
S(0,5)DifVarnc	224.62247	0	0	0	0	0	0	0	0	0	0	0	0	0	0	0
S(0,5)DifEntrp	1.7243167	0	0	0	0	0	0	0	0	0	0	0	0	0	0	0
_Area_S(5,5)	126002	0	0	0	0	0	0	0	0	0	0	0	0	0	0	0
S(5,5)AngScMom	0.00026059717	0	0	0	0	0	0	0	0	0	0	0	0	0	0	0
S(5,5)Contrast	673.0409	0	0	0	0	0	0	0	0	0	0	0	0	0	0	0
S(5,5)Correlat	-0.0021513316	0	0	0	0	0	0	0	0	0	0	0	0	0	0	0
S(5,5)SumOfSqs	335.79804	0	0	0	0	0	0	0	0	0	0	0	0	0	0	0
S(5,5)InvDfMom	0.048089972	0	0	0	0	0	0	0	0	0	0	0	0	0	0	0
S(5,5)SumAverg	67.15614	0	0	0	0	0	0	0	0	0	0	0	0	0	0	0
S(5,5)SumVarnc	670.15125	0	0	0	0	0	0	0	0	0	0	0	0	0	0	0
S(5,5)SumEntrp	2.0195185	0	0	0	0	0	0	0	0	0	0	0	0	0	0	0
S(5,5)Entropy	3.5977733	0	0	0	0	0	0	0	0	0	0	0	0	0	0	0
S(5,5)DifVarnc	225.30683	0	0	0	0	0	0	0	0	0	0	0	0	0	0	0
S(5,5)DifEntrp	1.7244237	0	0	0	0	0	0	0	0	0	0	0	0	0	0	0
_Area_S(5,-5)	126002	0	0	0	0	0	0	0	0	0	0	0	0	0	0	0
S(5,-5)AngScMom	0.00025985494	0	0	0	0	0	0	0	0	0	0	0	0	0	0	0
S(5,-5)Contrast	668.21377	0	0	0	0	0	0	0	0	0	0	0	0	0	0	0
S(5,-5)Correlat	0.0049524497	0	0	0	0	0	0	0	0	0	0	0	0	0	0	0
S(5,-5)SumOfSqs	335.76977	0	0	0	0	0	0	0	0	0	0	0	0	0	0	0
S(5,-5)InvDfMom	0.047723941	0	0	0	0	0	0	0	0	0	0	0	0	0	0	0
S(5,-5)SumAverg	67.159156	0	0	0	0	0	0	0	0	0	0	0	0	0	0	0
S(5,-5)SumVarnc	674.86531	0	0	0	0	0	0	0	0	0	0	0	0	0	0	0
S(5,-5)SumEntrp	2.020622	0	0	0	0	0	0	0	0	0	0	0	0	0	0	0
S(5,-5)Entropy	3.5983573	0	0	0	0	0	0	0	0	0	0	0	0	0	0	0
S(5,-5)DifVarnc	224.25755	0	0	0	0	0	0	0	0	0	0	0	0	0	0	0
S(5,-5)DifEntrp	1.7229485	0	0	0	0	0	0	0	0	0	0	0	0	0	0	0
Horzl_RLNonUni	61136.554	0	0	0	0	0	0	0	0	0	0	0	0	0	0	0
Horzl_GLevNonU	1015.3792	0	0	0	0	0	0	0	0	0	0	0	0	0	0	0
Horzl_LngREmph	1.0741829	0	0	0	0	0	0	0	0	0	0	0	0	0	0	0
Horzl_ShrtREmp	0.98268902	0	0	0	0	0	0	0	0	0	0	0	0	0	0	0
Horzl_Fraction	0.97662354	0	0	0	0	0	0	0	0	0	0	0	0	0	0	0
Vertl_RLNonUni	62564.201	0	0	0	0	0	0	0	0	0	0	0	0	0	0	0
Vertl_GLevNonU	1024.5428	0	0	0	0	0	0	0	0	0	0	0	0	0	0	0
Vertl_LngREmph	1.0476102	0	0	0	0	0	0	0	0	0	0	0	0	0	0	0
Vertl_ShrtREmp	0.98839934	0	0	0	0	0	0	0	0	0	0	0	0	0	0	0
Vertl_Fraction	0.98455811	0	0	0	0	0	0	0	0	0	0	0	0	0	0	0
45dgr_RLNonUni	62438.195	0	0	0	0	0	0	0	0	0	0	0	0	0	0	0
45dgr_GLevNonU	1023.8026	0	0	0	0	0	0	0	0	0	0	0	0	0	0	0
45dgr_LngREmph	1.0492363	0	0	0	0	0	0	0	0	0	0	0	0	0	0	0
45dgr_ShrtREmp	0.98788047	0	0	0	0	0	0	0	0	0	0	0	0	0	0	0
45dgr_Fraction	0.98396301	0	0	0	0	0	0	0	0	0	0	0	0	0	0	0
135dr_RLNonUni	62421.142	0	0	0	0	0	0	0	0	0	0	0	0	0	0	0
135dr_GLevNonU	1023.6225	0	0	0	0	0	0	0	0	0	0	0	0	0	0	0
135dr_LngREmph	1.0500047	0	0	0	0	0	0	0	0	0	0	0	0	0	0	0
135dr_ShrtREmp	0.98782627	0	0	0	0	0	0	0	0	0	0	0	0	0	0	0
135dr_Fraction	0.98379517	0	0	0	0	0	0	0	0	0	0	0	0	0	0	0
_AreaGr	64516	0	0	0	0	0	0	0	0	0	0	0	0	0	0	0
GrMean	8.1454339	0	0	0	0	0	0	0	0	0	0	0	0	0	0	0
GrVariance	15.185309	0	0	0	0	0	0	0	0	0	0	0	0	0	0	0
GrSkewness	0.19780291	0	0	0	0	0	0	0	0	0	0	0	0	0	0	0
GrKurtosis	-0.63290651	0	0	0	0	0	0	0	0	0	0	0	0	0	0	0
GrNonZeros	0.99552049	0	0	0	0	0	0	0	0	0	0	0	0	0	0	0
_AreaARM	64770	0	0	0	0	0	0	0	0	0	0	0	0	0	0	0
Teta1	0.097299335	0	0	0	0	0	0	0	0	0	0	0	0	0	0	0
Teta2	0.0066809443	0	0	0	0	0	0	0	0	0	0	0	0	0	0	0
Teta3	-0.0052085652	0	0	0	0	0	0	0	0	0	0	0	0	0	0	0
Teta4	-0.0010676421	0	0	0	0	0	0	0	0	0	0	0	0	0	0	0
Sigma	0.99468628	0	0	0	0	0	0	0	0	0	0	0	0	0	0	0
WavEnLL_s-1	18852.048	0	0	0	0	0	0	0	0	0	0	0	0	0	0	0
WavEnLH_s-1	1484.2255	0	0	0	0	0	0	0	0	0	0	0	0	0	0	0
WavEnHL_s-1	1209.2997	0	0	0	0	0	0	0	0	0	0	0	0	0	0	0
WavEnHH_s-1	1228.4374	0	0	0	0	0	0	0	0	0	0	0	0	0	0	0
WavEnLL_s-2	17794.257	0	0	0	0	0	0	0	0	0	0	0	0	0	0	0
WavEnLH_s-2	401.40551	0	0	0	0	0	0	0	0	0	0	0	0	0	0	0
WavEnHL_s-2	331.57105	0	0	0	0	0	0	0	0	0	0	0	0	0	0	0
WavEnHH_s-2	324.8144	0	0	0	0	0	0	0	0	0	0	0	0	0	0	0
WavEnLL_s-3	17487.899	0	0	0	0	0	0	0	0	0	0	0	0	0	0	0
WavEnLH_s-3	107.20513	0	0	0	0	0	0	0	0	0	0	0	0	0	0	0
WavEnHL_s-3	93.491031	0	0	0	0	0	0	0	0	0	0	0	0	0	0	0
WavEnHH_s-3	105.66132	0	0	0	0	0	0	0	0	0	0	0	0	0	0	0
WavEnLL_s-4	17415.043	0	0	0	0	0	0	0	0	0	0	0	0	0	0	0
WavEnLH_s-4	25.204012	0	0	0	0	0	0	0	0	0	0	0	0	0	0	0
WavEnHL_s-4	22.297058	0	0	0	0	0	0	0	0	0	0	0	0	0	0	0
WavEnHH_s-4	25.3554	0	0	0	0	0	0	0	0	0	0	0	0	0	0	0
