Image File: linseeds1-a-p005.png 
ROI File: allred.roi 
Image size: 256 x 256
Min. lum.: 1
Max. lum.: 256
Bits/pixel: 8

Normalisation =  No
Histogram analysis = Yes
CO matrix analysis = Yes, Dimensions = 6 x 6, Distances = 1 2 3 4 5
RL matrix analysis = Yes, Dimension = 6
Gradient analysis = Yes, Max pixel value = 16
AR model analysis = Yes
Wavelet analysis = Yes

--------------- CLASS NAMES ----------------

----------------- FEATURES -----------------
_Area	65536	0	0	0	0	0	0	0	0	0	0	0	0	0	0	0
Mean	130.81541	0	0	0	0	0	0	0	0	0	0	0	0	0	0	0
Variance	5436.8228	0	0	0	0	0	0	0	0	0	0	0	0	0	0	0
Skewness	-0.013040279	0	0	0	0	0	0	0	0	0	0	0	0	0	0	0
Kurtosis	-1.1925361	0	0	0	0	0	0	0	0	0	0	0	0	0	0	0
Perc.01%	3	0	0	0	0	0	0	0	0	0	0	0	0	0	0	0
Perc.10%	29	0	0	0	0	0	0	0	0	0	0	0	0	0	0	0
Perc.50%	131	0	0	0	0	0	0	0	0	0	0	0	0	0	0	0
Perc.90%	233	0	0	0	0	0	0	0	0	0	0	0	0	0	0	0
Perc.99%	254	0	0	0	0	0	0	0	0	0	0	0	0	0	0	0
_Area_S(1,0)	130560	0	0	0	0	0	0	0	0	0	0	0	0	0	0	0
S(1,0)AngScMom	0.00027538096	0	0	0	0	0	0	0	0	0	0	0	0	0	0	0
S(1,0)Contrast	610.74916	0	0	0	0	0	0	0	0	0	0	0	0	0	0	0
S(1,0)Correlat	0.099031728	0	0	0	0	0	0	0	0	0	0	0	0	0	0	0
S(1,0)SumOfSqs	338.94044	0	0	0	0	0	0	0	0	0	0	0	0	0	0	0
S(1,0)InvDfMom	0.057229175	0	0	0	0	0	0	0	0	0	0	0	0	0	0	0
S(1,0)SumAverg	66.148698	0	0	0	0	0	0	0	0	0	0	0	0	0	0	0
S(1,0)SumVarnc	745.01259	0	0	0	0	0	0	0	0	0	0	0	0	0	0	0
S(1,0)SumEntrp	2.0376851	0	0	0	0	0	0	0	0	0	0	0	0	0	0	0
S(1,0)Entropy	3.5873543	0	0	0	0	0	0	0	0	0	0	0	0	0	0	0
S(1,0)DifVarnc	212.26304	0	0	0	0	0	0	0	0	0	0	0	0	0	0	0
S(1,0)DifEntrp	1.7051016	0	0	0	0	0	0	0	0	0	0	0	0	0	0	0
_Area_S(0,1)	130560	0	0	0	0	0	0	0	0	0	0	0	0	0	0	0
S(0,1)AngScMom	0.00025654665	0	0	0	0	0	0	0	0	0	0	0	0	0	0	0
S(0,1)Contrast	680.6432	0	0	0	0	0	0	0	0	0	0	0	0	0	0	0
S(0,1)Correlat	-0.0042896739	0	0	0	0	0	0	0	0	0	0	0	0	0	0	0
S(0,1)SumOfSqs	338.86797	0	0	0	0	0	0	0	0	0	0	0	0	0	0	0
S(0,1)InvDfMom	0.047315139	0	0	0	0	0	0	0	0	0	0	0	0	0	0	0
S(0,1)SumAverg	66.152022	0	0	0	0	0	0	0	0	0	0	0	0	0	0	0
S(0,1)SumVarnc	674.82867	0	0	0	0	0	0	0	0	0	0	0	0	0	0	0
S(0,1)SumEntrp	2.0208032	0	0	0	0	0	0	0	0	0	0	0	0	0	0	0
S(0,1)Entropy	3.60129	0	0	0	0	0	0	0	0	0	0	0	0	0	0	0
S(0,1)DifVarnc	226.93101	0	0	0	0	0	0	0	0	0	0	0	0	0	0	0
S(0,1)DifEntrp	1.7260485	0	0	0	0	0	0	0	0	0	0	0	0	0	0	0
_Area_S(1,1)	130050	0	0	0	0	0	0	0	0	0	0	0	0	0	0	0
S(1,1)AngScMom	0.00025631806	0	0	0	0	0	0	0	0	0	0	0	0	0	0	0
S(1,1)Contrast	675.50473	0	0	0	0	0	0	0	0	0	0	0	0	0	0	0
S(1,1)Correlat	0.0031534903	0	0	0	0	0	0	0	0	0	0	0	0	0	0	0
S(1,1)SumOfSqs	338.82083	0	0	0	0	0	0	0	0	0	0	0	0	0	0	0
S(1,1)InvDfMom	0.047511204	0	0	0	0	0	0	0	0	0	0	0	0	0	0	0
S(1,1)SumAverg	66.156048	0	0	0	0	0	0	0	0	0	0	0	0	0	0	0
S(1,1)SumVarnc	679.7786	0	0	0	0	0	0	0	0	0	0	0	0	0	0	0
S(1,1)SumEntrp	2.0219609	0	0	0	0	0	0	0	0	0	0	0	0	0	0	0
S(1,1)Entropy	3.6014915	0	0	0	0	0	0	0	0	0	0	0	0	0	0	0
S(1,1)DifVarnc	226.09668	0	0	0	0	0	0	0	0	0	0	0	0	0	0	0
S(1,1)DifEntrp	1.7248451	0	0	0	0	0	0	0	0	0	0	0	0	0	0	0
_Area_S(1,-1)	130050	0	0	0	0	0	0	0	0	0	0	0	0	0	0	0
S(1,-1)AngScMom	0.00025669883	0	0	0	0	0	0	0	0	0	0	0	0	0	0	0
S(1,-1)Contrast	678.23602	0	0	0	0	0	0	0	0	0	0	0	0	0	0	0
S(1,-1)Correlat	-0.00090850045	0	0	0	0	0	0	0	0	0	0	0	0	0	0	0
S(1,-1)SumOfSqs	338.8102	0	0	0	0	0	0	0	0	0	0	0	0	0	0	0
S(1,-1)InvDfMom	0.047885887	0	0	0	0	0	0	0	0	0	0	0	0	0	0	0
S(1,-1)SumAverg	66.156724	0	0	0	0	0	0	0	0	0	0	0	0	0	0	0
S(1,-1)SumVarnc	677.00478	0	0	0	0	0	0	0	0	0	0	0	0	0	0	0
S(1,-1)SumEntrp	2.0211811	0	0	0	0	0	0	0	0	0	0	0	0	0	0	0
S(1,-1)Entropy	3.6011188	0	0	0	0	0	0	0	0	0	0	0	0	0	0	0
S(1,-1)DifVarnc	227.35186	0	0	0	0	0	0	0	0	0	0	0	0	0	0	0
S(1,-1)DifEntrp	1.725922	0	0	0	0	0	0	0	0	0	0	0	0	0	0	0
_Area_S(2,0)	130048	0	0	0	0	0	0	0	0	0	0	0	0	0	0	0
S(2,0)AngScMom	0.00025930812	0	0	0	0	0	0	0	0	0	0	0	0	0	0	0
S(2,0)Contrast	652.54883	0	0	0	0	0	0	0	0	0	0	0	0	0	0	0
S(2,0)Correlat	0.037305307	0	0	0	0	0	0	0	0	0	0	0	0	0	0	0
S(2,0)SumOfSqs	338.91785	0	0	0	0	0	0	0	0	0	0	0	0	0	0	0
S(2,0)InvDfMom	0.05083861	0	0	0	0	0	0	0	0	0	0	0	0	0	0	0
S(2,0)SumAverg	66.157711	0	0	0	0	0	0	0	0	0	0	0	0	0	0	0
S(2,0)SumVarnc	703.12257	0	0	0	0	0	0	0	0	0	0	0	0	0	0	0
S(2,0)SumEntrp	2.0286743	0	0	0	0	0	0	0	0	0	0	0	0	0	0	0
S(2,0)Entropy	3.5991359	0	0	0	0	0	0	0	0	0	0	0	0	0	0	0
S(2,0)DifVarnc	221.2297	0	0	0	0	0	0	0	0	0	0	0	0	0	0	0
S(2,0)DifEntrp	1.7182441	0	0	0	0	0	0	0	0	0	0	0	0	0	0	0
_Area_S(0,2)	130048	0	0	0	0	0	0	0	0	0	0	0	0	0	0	0
S(0,2)AngScMom	0.00025656423	0	0	0	0	0	0	0	0	0	0	0	0	0	0	0
S(0,2)Contrast	677.69697	0	0	0	0	0	0	0	0	0	0	0	0	0	0	0
S(0,2)Correlat	6.7187564e-06	0	0	0	0	0	0	0	0	0	0	0	0	0	0	0
S(0,2)SumOfSqs	338.85076	0	0	0	0	0	0	0	0	0	0	0	0	0	0	0
S(0,2)InvDfMom	0.04711285	0	0	0	0	0	0	0	0	0	0	0	0	0	0	0
S(0,2)SumAverg	66.139856	0	0	0	0	0	0	0	0	0	0	0	0	0	0	0
S(0,2)SumVarnc	677.70608	0	0	0	0	0	0	0	0	0	0	0	0	0	0	0
S(0,2)SumEntrp	2.0215198	0	0	0	0	0	0	0	0	0	0	0	0	0	0	0
S(0,2)Entropy	3.601261	0	0	0	0	0	0	0	0	0	0	0	0	0	0	0
S(0,2)DifVarnc	225.99982	0	0	0	0	0	0	0	0	0	0	0	0	0	0	0
S(0,2)DifEntrp	1.7255456	0	0	0	0	0	0	0	0	0	0	0	0	0	0	0
_Area_S(2,2)	129032	0	0	0	0	0	0	0	0	0	0	0	0	0	0	0
S(2,2)AngScMom	0.00025693807	0	0	0	0	0	0	0	0	0	0	0	0	0	0	0
S(2,2)Contrast	673.9418	0	0	0	0	0	0	0	0	0	0	0	0	0	0	0
S(2,2)Correlat	0.0053369393	0	0	0	0	0	0	0	0	0	0	0	0	0	0	0
S(2,2)SumOfSqs	338.77894	0	0	0	0	0	0	0	0	0	0	0	0	0	0	0
S(2,2)InvDfMom	0.045766615	0	0	0	0	0	0	0	0	0	0	0	0	0	0	0
S(2,2)SumAverg	66.15173	0	0	0	0	0	0	0	0	0	0	0	0	0	0	0
S(2,2)SumVarnc	681.17397	0	0	0	0	0	0	0	0	0	0	0	0	0	0	0
S(2,2)SumEntrp	2.0221341	0	0	0	0	0	0	0	0	0	0	0	0	0	0	0
S(2,2)Entropy	3.6008983	0	0	0	0	0	0	0	0	0	0	0	0	0	0	0
S(2,2)DifVarnc	225.23769	0	0	0	0	0	0	0	0	0	0	0	0	0	0	0
S(2,2)DifEntrp	1.7242374	0	0	0	0	0	0	0	0	0	0	0	0	0	0	0
_Area_S(2,-2)	129032	0	0	0	0	0	0	0	0	0	0	0	0	0	0	0
S(2,-2)AngScMom	0.0002560877	0	0	0	0	0	0	0	0	0	0	0	0	0	0	0
S(2,-2)Contrast	679.29515	0	0	0	0	0	0	0	0	0	0	0	0	0	0	0
S(2,-2)Correlat	-0.0025892927	0	0	0	0	0	0	0	0	0	0	0	0	0	0	0
S(2,-2)SumOfSqs	338.7704	0	0	0	0	0	0	0	0	0	0	0	0	0	0	0
S(2,-2)InvDfMom	0.047440866	0	0	0	0	0	0	0	0	0	0	0	0	0	0	0
S(2,-2)SumAverg	66.153264	0	0	0	0	0	0	0	0	0	0	0	0	0	0	0
S(2,-2)SumVarnc	675.78645	0	0	0	0	0	0	0	0	0	0	0	0	0	0	0
S(2,-2)SumEntrp	2.0211922	0	0	0	0	0	0	0	0	0	0	0	0	0	0	0
S(2,-2)Entropy	3.6016278	0	0	0	0	0	0	0	0	0	0	0	0	0	0	0
S(2,-2)DifVarnc	226.80795	0	0	0	0	0	0	0	0	0	0	0	0	0	0	0
S(2,-2)DifEntrp	1.7262477	0	0	0	0	0	0	0	0	0	0	0	0	0	0	0
_Area_S(3,0)	129536	0	0	0	0	0	0	0	0	0	0	0	0	0	0	0
S(3,0)AngScMom	0.00025709018	0	0	0	0	0	0	0	0	0	0	0	0	0	0	0
S(3,0)Contrast	667.80137	0	0	0	0	0	0	0	0	0	0	0	0	0	0	0
S(3,0)Correlat	0.014786299	0	0	0	0	0	0	0	0	0	0	0	0	0	0	0
S(3,0)SumOfSqs	338.91194	0	0	0	0	0	0	0	0	0	0	0	0	0	0	0
S(3,0)InvDfMom	0.047430635	0	0	0	0	0	0	0	0	0	0	0	0	0	0	0
S(3,0)SumAverg	66.147681	0	0	0	0	0	0	0	0	0	0	0	0	0	0	0
S(3,0)SumVarnc	687.84638	0	0	0	0	0	0	0	0	0	0	0	0	0	0	0
S(3,0)SumEntrp	2.0246549	0	0	0	0	0	0	0	0	0	0	0	0	0	0	0
S(3,0)Entropy	3.6008581	0	0	0	0	0	0	0	0	0	0	0	0	0	0	0
S(3,0)DifVarnc	223.18917	0	0	0	0	0	0	0	0	0	0	0	0	0	0	0
S(3,0)DifEntrp	1.7228265	0	0	0	0	0	0	0	0	0	0	0	0	0	0	0
_Area_S(0,3)	129536	0	0	0	0	0	0	0	0	0	0	0	0	0	0	0
S(0,3)AngScMom	0.0002565643	0	0	0	0	0	0	0	0	0	0	0	0	0	0	0
S(0,3)Contrast	680.61217	0	0	0	0	0	0	0	0	0	0	0	0	0	0	0
S(0,3)Correlat	-0.0042539672	0	0	0	0	0	0	0	0	0	0	0	0	0	0	0
S(0,3)SumOfSqs	338.86457	0	0	0	0	0	0	0	0	0	0	0	0	0	0	0
S(0,3)InvDfMom	0.046189914	0	0	0	0	0	0	0	0	0	0	0	0	0	0	0
S(0,3)SumAverg	66.146662	0	0	0	0	0	0	0	0	0	0	0	0	0	0	0
S(0,3)SumVarnc	674.84609	0	0	0	0	0	0	0	0	0	0	0	0	0	0	0
S(0,3)SumEntrp	2.0205394	0	0	0	0	0	0	0	0	0	0	0	0	0	0	0
S(0,3)Entropy	3.6013099	0	0	0	0	0	0	0	0	0	0	0	0	0	0	0
S(0,3)DifVarnc	226.43755	0	0	0	0	0	0	0	0	0	0	0	0	0	0	0
S(0,3)DifEntrp	1.7261459	0	0	0	0	0	0	0	0	0	0	0	0	0	0	0
_Area_S(3,3)	128018	0	0	0	0	0	0	0	0	0	0	0	0	0	0	0
S(3,3)AngScMom	0.00025679752	0	0	0	0	0	0	0	0	0	0	0	0	0	0	0
S(3,3)Contrast	671.66478	0	0	0	0	0	0	0	0	0	0	0	0	0	0	0
S(3,3)Correlat	0.008731047	0	0	0	0	0	0	0	0	0	0	0	0	0	0	0
S(3,3)SumOfSqs	338.79039	0	0	0	0	0	0	0	0	0	0	0	0	0	0	0
S(3,3)InvDfMom	0.04814881	0	0	0	0	0	0	0	0	0	0	0	0	0	0	0
S(3,3)SumAverg	66.148463	0	0	0	0	0	0	0	0	0	0	0	0	0	0	0
S(3,3)SumVarnc	683.49676	0	0	0	0	0	0	0	0	0	0	0	0	0	0	0
S(3,3)SumEntrp	2.0229761	0	0	0	0	0	0	0	0	0	0	0	0	0	0	0
S(3,3)Entropy	3.601087	0	0	0	0	0	0	0	0	0	0	0	0	0	0	0
S(3,3)DifVarnc	225.18073	0	0	0	0	0	0	0	0	0	0	0	0	0	0	0
S(3,3)DifEntrp	1.7242656	0	0	0	0	0	0	0	0	0	0	0	0	0	0	0
_Area_S(3,-3)	128018	0	0	0	0	0	0	0	0	0	0	0	0	0	0	0
S(3,-3)AngScMom	0.00025711091	0	0	0	0	0	0	0	0	0	0	0	0	0	0	0
S(3,-3)Contrast	675.92834	0	0	0	0	0	0	0	0	0	0	0	0	0	0	0
S(3,-3)Correlat	0.0023739225	0	0	0	0	0	0	0	0	0	0	0	0	0	0	0
S(3,-3)SumOfSqs	338.76838	0	0	0	0	0	0	0	0	0	0	0	0	0	0	0
S(3,-3)InvDfMom	0.045862757	0	0	0	0	0	0	0	0	0	0	0	0	0	0	0
S(3,-3)SumAverg	66.149432	0	0	0	0	0	0	0	0	0	0	0	0	0	0	0
S(3,-3)SumVarnc	679.14518	0	0	0	0	0	0	0	0	0	0	0	0	0	0	0
S(3,-3)SumEntrp	2.0218788	0	0	0	0	0	0	0	0	0	0	0	0	0	0	0
S(3,-3)Entropy	3.6007297	0	0	0	0	0	0	0	0	0	0	0	0	0	0	0
S(3,-3)DifVarnc	225.01513	0	0	0	0	0	0	0	0	0	0	0	0	0	0	0
S(3,-3)DifEntrp	1.7246301	0	0	0	0	0	0	0	0	0	0	0	0	0	0	0
_Area_S(4,0)	129024	0	0	0	0	0	0	0	0	0	0	0	0	0	0	0
S(4,0)AngScMom	0.00025650511	0	0	0	0	0	0	0	0	0	0	0	0	0	0	0
S(4,0)Contrast	672.29937	0	0	0	0	0	0	0	0	0	0	0	0	0	0	0
S(4,0)Correlat	0.0081283745	0	0	0	0	0	0	0	0	0	0	0	0	0	0	0
S(4,0)SumOfSqs	338.90443	0	0	0	0	0	0	0	0	0	0	0	0	0	0	0
S(4,0)InvDfMom	0.047300612	0	0	0	0	0	0	0	0	0	0	0	0	0	0	0
S(4,0)SumAverg	66.136176	0	0	0	0	0	0	0	0	0	0	0	0	0	0	0
S(4,0)SumVarnc	683.31834	0	0	0	0	0	0	0	0	0	0	0	0	0	0	0
S(4,0)SumEntrp	2.0232351	0	0	0	0	0	0	0	0	0	0	0	0	0	0	0
S(4,0)Entropy	3.6013707	0	0	0	0	0	0	0	0	0	0	0	0	0	0	0
S(4,0)DifVarnc	224.183	0	0	0	0	0	0	0	0	0	0	0	0	0	0	0
S(4,0)DifEntrp	1.7241055	0	0	0	0	0	0	0	0	0	0	0	0	0	0	0
_Area_S(0,4)	129024	0	0	0	0	0	0	0	0	0	0	0	0	0	0	0
S(0,4)AngScMom	0.00025639614	0	0	0	0	0	0	0	0	0	0	0	0	0	0	0
S(0,4)Contrast	676.98991	0	0	0	0	0	0	0	0	0	0	0	0	0	0	0
S(0,4)Correlat	0.0010197537	0	0	0	0	0	0	0	0	0	0	0	0	0	0	0
S(0,4)SumOfSqs	338.84049	0	0	0	0	0	0	0	0	0	0	0	0	0	0	0
S(0,4)InvDfMom	0.046575181	0	0	0	0	0	0	0	0	0	0	0	0	0	0	0
S(0,4)SumAverg	66.139958	0	0	0	0	0	0	0	0	0	0	0	0	0	0	0
S(0,4)SumVarnc	678.37204	0	0	0	0	0	0	0	0	0	0	0	0	0	0	0
S(0,4)SumEntrp	2.0217658	0	0	0	0	0	0	0	0	0	0	0	0	0	0	0
S(0,4)Entropy	3.6014428	0	0	0	0	0	0	0	0	0	0	0	0	0	0	0
S(0,4)DifVarnc	225.61383	0	0	0	0	0	0	0	0	0	0	0	0	0	0	0
S(0,4)DifEntrp	1.7254437	0	0	0	0	0	0	0	0	0	0	0	0	0	0	0
_Area_S(4,4)	127008	0	0	0	0	0	0	0	0	0	0	0	0	0	0	0
S(4,4)AngScMom	0.00025671897	0	0	0	0	0	0	0	0	0	0	0	0	0	0	0
S(4,4)Contrast	681.93517	0	0	0	0	0	0	0	0	0	0	0	0	0	0	0
S(4,4)Correlat	-0.0064708513	0	0	0	0	0	0	0	0	0	0	0	0	0	0	0
S(4,4)SumOfSqs	338.77542	0	0	0	0	0	0	0	0	0	0	0	0	0	0	0
S(4,4)InvDfMom	0.047036809	0	0	0	0	0	0	0	0	0	0	0	0	0	0	0
S(4,4)SumAverg	66.130716	0	0	0	0	0	0	0	0	0	0	0	0	0	0	0
S(4,4)SumVarnc	673.16651	0	0	0	0	0	0	0	0	0	0	0	0	0	0	0
S(4,4)SumEntrp	2.0203337	0	0	0	0	0	0	0	0	0	0	0	0	0	0	0
S(4,4)Entropy	3.6011105	0	0	0	0	0	0	0	0	0	0	0	0	0	0	0
S(4,4)DifVarnc	226.92685	0	0	0	0	0	0	0	0	0	0	0	0	0	0	0
S(4,4)DifEntrp	1.7265689	0	0	0	0	0	0	0	0	0	0	0	0	0	0	0
_Area_S(4,-4)	127008	0	0	0	0	0	0	0	0	0	0	0	0	0	0	0
S(4,-4)AngScMom	0.00025653275	0	0	0	0	0	0	0	0	0	0	0	0	0	0	0
S(4,-4)Contrast	679.79752	0	0	0	0	0	0	0	0	0	0	0	0	0	0	0
S(4,-4)Correlat	-0.003434481	0	0	0	0	0	0	0	0	0	0	0	0	0	0	0
S(4,-4)SumOfSqs	338.73538	0	0	0	0	0	0	0	0	0	0	0	0	0	0	0
S(4,-4)InvDfMom	0.046522685	0	0	0	0	0	0	0	0	0	0	0	0	0	0	0
S(4,-4)SumAverg	66.131204	0	0	0	0	0	0	0	0	0	0	0	0	0	0	0
S(4,-4)SumVarnc	675.144	0	0	0	0	0	0	0	0	0	0	0	0	0	0	0
S(4,-4)SumEntrp	2.0206666	0	0	0	0	0	0	0	0	0	0	0	0	0	0	0
S(4,-4)Entropy	3.6013423	0	0	0	0	0	0	0	0	0	0	0	0	0	0	0
S(4,-4)DifVarnc	226.00904	0	0	0	0	0	0	0	0	0	0	0	0	0	0	0
S(4,-4)DifEntrp	1.725991	0	0	0	0	0	0	0	0	0	0	0	0	0	0	0
_Area_S(5,0)	128512	0	0	0	0	0	0	0	0	0	0	0	0	0	0	0
S(5,0)AngScMom	0.00025638222	0	0	0	0	0	0	0	0	0	0	0	0	0	0	0
S(5,0)Contrast	677.02867	0	0	0	0	0	0	0	0	0	0	0	0	0	0	0
S(5,0)Correlat	0.0010437191	0	0	0	0	0	0	0	0	0	0	0	0	0	0	0
S(5,0)SumOfSqs	338.86802	0	0	0	0	0	0	0	0	0	0	0	0	0	0	0
S(5,0)InvDfMom	0.047129464	0	0	0	0	0	0	0	0	0	0	0	0	0	0	0
S(5,0)SumAverg	66.136143	0	0	0	0	0	0	0	0	0	0	0	0	0	0	0
S(5,0)SumVarnc	678.4434	0	0	0	0	0	0	0	0	0	0	0	0	0	0	0
S(5,0)SumEntrp	2.0218953	0	0	0	0	0	0	0	0	0	0	0	0	0	0	0
S(5,0)Entropy	3.6014164	0	0	0	0	0	0	0	0	0	0	0	0	0	0	0
S(5,0)DifVarnc	225.52701	0	0	0	0	0	0	0	0	0	0	0	0	0	0	0
S(5,0)DifEntrp	1.7253416	0	0	0	0	0	0	0	0	0	0	0	0	0	0	0
_Area_S(0,5)	128512	0	0	0	0	0	0	0	0	0	0	0	0	0	0	0
S(0,5)AngScMom	0.00025657162	0	0	0	0	0	0	0	0	0	0	0	0	0	0	0
S(0,5)Contrast	680.01393	0	0	0	0	0	0	0	0	0	0	0	0	0	0	0
S(0,5)Correlat	-0.0037316854	0	0	0	0	0	0	0	0	0	0	0	0	0	0	0
S(0,5)SumOfSqs	338.74288	0	0	0	0	0	0	0	0	0	0	0	0	0	0	0
S(0,5)InvDfMom	0.046246375	0	0	0	0	0	0	0	0	0	0	0	0	0	0	0
S(0,5)SumAverg	66.141325	0	0	0	0	0	0	0	0	0	0	0	0	0	0	0
S(0,5)SumVarnc	674.9576	0	0	0	0	0	0	0	0	0	0	0	0	0	0	0
S(0,5)SumEntrp	2.0205602	0	0	0	0	0	0	0	0	0	0	0	0	0	0	0
S(0,5)Entropy	3.6012103	0	0	0	0	0	0	0	0	0	0	0	0	0	0	0
S(0,5)DifVarnc	226.66317	0	0	0	0	0	0	0	0	0	0	0	0	0	0	0
S(0,5)DifEntrp	1.7258839	0	0	0	0	0	0	0	0	0	0	0	0	0	0	0
_Area_S(5,5)	126002	0	0	0	0	0	0	0	0	0	0	0	0	0	0	0
S(5,5)AngScMom	0.00025665083	0	0	0	0	0	0	0	0	0	0	0	0	0	0	0
S(5,5)Contrast	676.66618	0	0	0	0	0	0	0	0	0	0	0	0	0	0	0
S(5,5)Correlat	0.00088498286	0	0	0	0	0	0	0	0	0	0	0	0	0	0	0
S(5,5)SumOfSqs	338.63277	0	0	0	0	0	0	0	0	0	0	0	0	0	0	0
S(5,5)InvDfMom	0.048220603	0	0	0	0	0	0	0	0	0	0	0	0	0	0	0
S(5,5)SumAverg	66.133236	0	0	0	0	0	0	0	0	0	0	0	0	0	0	0
S(5,5)SumVarnc	677.86492	0	0	0	0	0	0	0	0	0	0	0	0	0	0	0
S(5,5)SumEntrp	2.0216243	0	0	0	0	0	0	0	0	0	0	0	0	0	0	0
S(5,5)Entropy	3.6011776	0	0	0	0	0	0	0	0	0	0	0	0	0	0	0
S(5,5)DifVarnc	225.61707	0	0	0	0	0	0	0	0	0	0	0	0	0	0	0
S(5,5)DifEntrp	1.7252222	0	0	0	0	0	0	0	0	0	0	0	0	0	0	0
_Area_S(5,-5)	126002	0	0	0	0	0	0	0	0	0	0	0	0	0	0	0
S(5,-5)AngScMom	0.00025689774	0	0	0	0	0	0	0	0	0	0	0	0	0	0	0
S(5,-5)Contrast	675.27749	0	0	0	0	0	0	0	0	0	0	0	0	0	0	0
S(5,-5)Correlat	0.0028445652	0	0	0	0	0	0	0	0	0	0	0	0	0	0	0
S(5,-5)SumOfSqs	338.60192	0	0	0	0	0	0	0	0	0	0	0	0	0	0	0
S(5,-5)InvDfMom	0.047308804	0	0	0	0	0	0	0	0	0	0	0	0	0	0	0
S(5,-5)SumAverg	66.133569	0	0	0	0	0	0	0	0	0	0	0	0	0	0	0
S(5,-5)SumVarnc	679.13019	0	0	0	0	0	0	0	0	0	0	0	0	0	0	0
S(5,-5)SumEntrp	2.0218905	0	0	0	0	0	0	0	0	0	0	0	0	0	0	0
S(5,-5)Entropy	3.6009748	0	0	0	0	0	0	0	0	0	0	0	0	0	0	0
S(5,-5)DifVarnc	225.7084	0	0	0	0	0	0	0	0	0	0	0	0	0	0	0
S(5,-5)DifEntrp	1.7249399	0	0	0	0	0	0	0	0	0	0	0	0	0	0	0
Horzl_RLNonUni	61282.688	0	0	0	0	0	0	0	0	0	0	0	0	0	0	0
Horzl_GLevNonU	1010.2763	0	0	0	0	0	0	0	0	0	0	0	0	0	0	0
Horzl_LngREmph	1.070744	0	0	0	0	0	0	0	0	0	0	0	0	0	0	0
Horzl_ShrtREmp	0.98325982	0	0	0	0	0	0	0	0	0	0	0	0	0	0	0
Horzl_Fraction	0.97750854	0	0	0	0	0	0	0	0	0	0	0	0	0	0	0
Vertl_RLNonUni	62493.516	0	0	0	0	0	0	0	0	0	0	0	0	0	0	0
Vertl_GLevNonU	1017.4987	0	0	0	0	0	0	0	0	0	0	0	0	0	0	0
Vertl_LngREmph	1.0489007	0	0	0	0	0	0	0	0	0	0	0	0	0	0	0
Vertl_ShrtREmp	0.98811936	0	0	0	0	0	0	0	0	0	0	0	0	0	0	0
Vertl_Fraction	0.98416138	0	0	0	0	0	0	0	0	0	0	0	0	0	0	0
45dgr_RLNonUni	62461.679	0	0	0	0	0	0	0	0	0	0	0	0	0	0	0
45dgr_GLevNonU	1017.2801	0	0	0	0	0	0	0	0	0	0	0	0	0	0	0
45dgr_LngREmph	1.048858	0	0	0	0	0	0	0	0	0	0	0	0	0	0	0
45dgr_ShrtREmp	0.98797501	0	0	0	0	0	0	0	0	0	0	0	0	0	0	0
45dgr_Fraction	0.98408508	0	0	0	0	0	0	0	0	0	0	0	0	0	0	0
135dr_RLNonUni	62402.343	0	0	0	0	0	0	0	0	0	0	0	0	0	0	0
135dr_GLevNonU	1016.987	0	0	0	0	0	0	0	0	0	0	0	0	0	0	0
135dr_LngREmph	1.0505546	0	0	0	0	0	0	0	0	0	0	0	0	0	0	0
135dr_ShrtREmp	0.98775778	0	0	0	0	0	0	0	0	0	0	0	0	0	0	0
135dr_Fraction	0.98365784	0	0	0	0	0	0	0	0	0	0	0	0	0	0	0
_AreaGr	64516	0	0	0	0	0	0	0	0	0	0	0	0	0	0	0
GrMean	8.2056592	0	0	0	0	0	0	0	0	0	0	0	0	0	0	0
GrVariance	15.430472	0	0	0	0	0	0	0	0	0	0	0	0	0	0	0
GrSkewness	0.18135161	0	0	0	0	0	0	0	0	0	0	0	0	0	0	0
GrKurtosis	-0.65891644	0	0	0	0	0	0	0	0	0	0	0	0	0	0	0
GrNonZeros	0.99592349	0	0	0	0	0	0	0	0	0	0	0	0	0	0	0
_AreaARM	64770	0	0	0	0	0	0	0	0	0	0	0	0	0	0	0
Teta1	0.098276311	0	0	0	0	0	0	0	0	0	0	0	0	0	0	0
Teta2	-0.00024585311	0	0	0	0	0	0	0	0	0	0	0	0	0	0	0
Teta3	-0.0050912355	0	0	0	0	0	0	0	0	0	0	0	0	0	0	0
Teta4	0.0032031311	0	0	0	0	0	0	0	0	0	0	0	0	0	0	0
Sigma	0.99446032	0	0	0	0	0	0	0	0	0	0	0	0	0	0	0
WavEnLL_s-1	18346.987	0	0	0	0	0	0	0	0	0	0	0	0	0	0	0
WavEnLH_s-1	1499.8624	0	0	0	0	0	0	0	0	0	0	0	0	0	0	0
WavEnHL_s-1	1217.1815	0	0	0	0	0	0	0	0	0	0	0	0	0	0	0
WavEnHH_s-1	1224.8338	0	0	0	0	0	0	0	0	0	0	0	0	0	0	0
WavEnLL_s-2	17254.725	0	0	0	0	0	0	0	0	0	0	0	0	0	0	0
WavEnLH_s-2	418.08964	0	0	0	0	0	0	0	0	0	0	0	0	0	0	0
WavEnHL_s-2	344.06447	0	0	0	0	0	0	0	0	0	0	0	0	0	0	0
WavEnHH_s-2	330.10822	0	0	0	0	0	0	0	0	0	0	0	0	0	0	0
WavEnLL_s-3	16960.107	0	0	0	0	0	0	0	0	0	0	0	0	0	0	0
WavEnLH_s-3	108.21802	0	0	0	0	0	0	0	0	0	0	0	0	0	0	0
WavEnHL_s-3	92.424096	0	0	0	0	0	0	0	0	0	0	0	0	0	0	0
WavEnHH_s-3	93.975868	0	0	0	0	0	0	0	0	0	0	0	0	0	0	0
WavEnLL_s-4	16882.288	0	0	0	0	0	0	0	0	0	0	0	0	0	0	0
WavEnLH_s-4	24.3227	0	0	0	0	0	0	0	0	0	0	0	0	0	0	0
WavEnHL_s-4	29.227648	0	0	0	0	0	0	0	0	0	0	0	0	0	0	0
WavEnHH_s-4	24.268694	0	0	0	0	0	0	0	0	0	0	0	0	0	0	0
