Image File: linseeds1-a-p015.png 
ROI File: allred.roi 
Image size: 256 x 256
Min. lum.: 1
Max. lum.: 256
Bits/pixel: 8

Normalisation =  No
Histogram analysis = Yes
CO matrix analysis = Yes, Dimensions = 6 x 6, Distances = 1 2 3 4 5
RL matrix analysis = Yes, Dimension = 6
Gradient analysis = Yes, Max pixel value = 16
AR model analysis = Yes
Wavelet analysis = Yes

--------------- CLASS NAMES ----------------

----------------- FEATURES -----------------
_Area	65536	0	0	0	0	0	0	0	0	0	0	0	0	0	0	0
Mean	130.69481	0	0	0	0	0	0	0	0	0	0	0	0	0	0	0
Variance	5387.6599	0	0	0	0	0	0	0	0	0	0	0	0	0	0	0
Skewness	-0.0084418267	0	0	0	0	0	0	0	0	0	0	0	0	0	0	0
Kurtosis	-1.1771	0	0	0	0	0	0	0	0	0	0	0	0	0	0	0
Perc.01%	3	0	0	0	0	0	0	0	0	0	0	0	0	0	0	0
Perc.10%	30	0	0	0	0	0	0	0	0	0	0	0	0	0	0	0
Perc.50%	131	0	0	0	0	0	0	0	0	0	0	0	0	0	0	0
Perc.90%	233	0	0	0	0	0	0	0	0	0	0	0	0	0	0	0
Perc.99%	254	0	0	0	0	0	0	0	0	0	0	0	0	0	0	0
_Area_S(1,0)	130560	0	0	0	0	0	0	0	0	0	0	0	0	0	0	0
S(1,0)AngScMom	0.00028289901	0	0	0	0	0	0	0	0	0	0	0	0	0	0	0
S(1,0)Contrast	593.8744	0	0	0	0	0	0	0	0	0	0	0	0	0	0	0
S(1,0)Correlat	0.11589291	0	0	0	0	0	0	0	0	0	0	0	0	0	0	0
S(1,0)SumOfSqs	335.86113	0	0	0	0	0	0	0	0	0	0	0	0	0	0	0
S(1,0)InvDfMom	0.059920362	0	0	0	0	0	0	0	0	0	0	0	0	0	0	0
S(1,0)SumAverg	66.098146	0	0	0	0	0	0	0	0	0	0	0	0	0	0	0
S(1,0)SumVarnc	749.5701	0	0	0	0	0	0	0	0	0	0	0	0	0	0	0
S(1,0)SumEntrp	2.0386047	0	0	0	0	0	0	0	0	0	0	0	0	0	0	0
S(1,0)Entropy	3.5822612	0	0	0	0	0	0	0	0	0	0	0	0	0	0	0
S(1,0)DifVarnc	207.3888	0	0	0	0	0	0	0	0	0	0	0	0	0	0	0
S(1,0)DifEntrp	1.6994654	0	0	0	0	0	0	0	0	0	0	0	0	0	0	0
_Area_S(0,1)	130560	0	0	0	0	0	0	0	0	0	0	0	0	0	0	0
S(0,1)AngScMom	0.00025841091	0	0	0	0	0	0	0	0	0	0	0	0	0	0	0
S(0,1)Contrast	677.15463	0	0	0	0	0	0	0	0	0	0	0	0	0	0	0
S(0,1)Correlat	-0.0082309856	0	0	0	0	0	0	0	0	0	0	0	0	0	0	0
S(0,1)SumOfSqs	335.81324	0	0	0	0	0	0	0	0	0	0	0	0	0	0	0
S(0,1)InvDfMom	0.046854182	0	0	0	0	0	0	0	0	0	0	0	0	0	0	0
S(0,1)SumAverg	66.098315	0	0	0	0	0	0	0	0	0	0	0	0	0	0	0
S(0,1)SumVarnc	666.09833	0	0	0	0	0	0	0	0	0	0	0	0	0	0	0
S(0,1)SumEntrp	2.0184137	0	0	0	0	0	0	0	0	0	0	0	0	0	0	0
S(0,1)Entropy	3.599436	0	0	0	0	0	0	0	0	0	0	0	0	0	0	0
S(0,1)DifVarnc	225.26003	0	0	0	0	0	0	0	0	0	0	0	0	0	0	0
S(0,1)DifEntrp	1.7253311	0	0	0	0	0	0	0	0	0	0	0	0	0	0	0
_Area_S(1,1)	130050	0	0	0	0	0	0	0	0	0	0	0	0	0	0	0
S(1,1)AngScMom	0.00025892682	0	0	0	0	0	0	0	0	0	0	0	0	0	0	0
S(1,1)Contrast	670.41075	0	0	0	0	0	0	0	0	0	0	0	0	0	0	0
S(1,1)Correlat	0.0017522576	0	0	0	0	0	0	0	0	0	0	0	0	0	0	0
S(1,1)SumOfSqs	335.79377	0	0	0	0	0	0	0	0	0	0	0	0	0	0	0
S(1,1)InvDfMom	0.046427963	0	0	0	0	0	0	0	0	0	0	0	0	0	0	0
S(1,1)SumAverg	66.111326	0	0	0	0	0	0	0	0	0	0	0	0	0	0	0
S(1,1)SumVarnc	672.76434	0	0	0	0	0	0	0	0	0	0	0	0	0	0	0
S(1,1)SumEntrp	2.0202913	0	0	0	0	0	0	0	0	0	0	0	0	0	0	0
S(1,1)Entropy	3.5990126	0	0	0	0	0	0	0	0	0	0	0	0	0	0	0
S(1,1)DifVarnc	222.78229	0	0	0	0	0	0	0	0	0	0	0	0	0	0	0
S(1,1)DifEntrp	1.7237606	0	0	0	0	0	0	0	0	0	0	0	0	0	0	0
_Area_S(1,-1)	130050	0	0	0	0	0	0	0	0	0	0	0	0	0	0	0
S(1,-1)AngScMom	0.00025900333	0	0	0	0	0	0	0	0	0	0	0	0	0	0	0
S(1,-1)Contrast	670.67153	0	0	0	0	0	0	0	0	0	0	0	0	0	0	0
S(1,-1)Correlat	0.0013601474	0	0	0	0	0	0	0	0	0	0	0	0	0	0	0
S(1,-1)SumOfSqs	335.79249	0	0	0	0	0	0	0	0	0	0	0	0	0	0	0
S(1,-1)InvDfMom	0.048298528	0	0	0	0	0	0	0	0	0	0	0	0	0	0	0
S(1,-1)SumAverg	66.111557	0	0	0	0	0	0	0	0	0	0	0	0	0	0	0
S(1,-1)SumVarnc	672.49844	0	0	0	0	0	0	0	0	0	0	0	0	0	0	0
S(1,-1)SumEntrp	2.0202529	0	0	0	0	0	0	0	0	0	0	0	0	0	0	0
S(1,-1)Entropy	3.5991205	0	0	0	0	0	0	0	0	0	0	0	0	0	0	0
S(1,-1)DifVarnc	224.52618	0	0	0	0	0	0	0	0	0	0	0	0	0	0	0
S(1,-1)DifEntrp	1.7238583	0	0	0	0	0	0	0	0	0	0	0	0	0	0	0
_Area_S(2,0)	130048	0	0	0	0	0	0	0	0	0	0	0	0	0	0	0
S(2,0)AngScMom	0.00026296991	0	0	0	0	0	0	0	0	0	0	0	0	0	0	0
S(2,0)Contrast	636.00231	0	0	0	0	0	0	0	0	0	0	0	0	0	0	0
S(2,0)Correlat	0.053390479	0	0	0	0	0	0	0	0	0	0	0	0	0	0	0
S(2,0)SumOfSqs	335.93699	0	0	0	0	0	0	0	0	0	0	0	0	0	0	0
S(2,0)InvDfMom	0.050682428	0	0	0	0	0	0	0	0	0	0	0	0	0	0	0
S(2,0)SumAverg	66.09252	0	0	0	0	0	0	0	0	0	0	0	0	0	0	0
S(2,0)SumVarnc	707.74565	0	0	0	0	0	0	0	0	0	0	0	0	0	0	0
S(2,0)SumEntrp	2.0298099	0	0	0	0	0	0	0	0	0	0	0	0	0	0	0
S(2,0)Entropy	3.5960077	0	0	0	0	0	0	0	0	0	0	0	0	0	0	0
S(2,0)DifVarnc	216.26289	0	0	0	0	0	0	0	0	0	0	0	0	0	0	0
S(2,0)DifEntrp	1.713779	0	0	0	0	0	0	0	0	0	0	0	0	0	0	0
_Area_S(0,2)	130048	0	0	0	0	0	0	0	0	0	0	0	0	0	0	0
S(0,2)AngScMom	0.00025900941	0	0	0	0	0	0	0	0	0	0	0	0	0	0	0
S(0,2)Contrast	674.28891	0	0	0	0	0	0	0	0	0	0	0	0	0	0	0
S(0,2)Correlat	-0.0042517701	0	0	0	0	0	0	0	0	0	0	0	0	0	0	0
S(0,2)SumOfSqs	335.71706	0	0	0	0	0	0	0	0	0	0	0	0	0	0	0
S(0,2)InvDfMom	0.046752456	0	0	0	0	0	0	0	0	0	0	0	0	0	0	0
S(0,2)SumAverg	66.079878	0	0	0	0	0	0	0	0	0	0	0	0	0	0	0
S(0,2)SumVarnc	668.57934	0	0	0	0	0	0	0	0	0	0	0	0	0	0	0
S(0,2)SumEntrp	2.0191831	0	0	0	0	0	0	0	0	0	0	0	0	0	0	0
S(0,2)Entropy	3.5990257	0	0	0	0	0	0	0	0	0	0	0	0	0	0	0
S(0,2)DifVarnc	225.27317	0	0	0	0	0	0	0	0	0	0	0	0	0	0	0
S(0,2)DifEntrp	1.7246172	0	0	0	0	0	0	0	0	0	0	0	0	0	0	0
_Area_S(2,2)	129032	0	0	0	0	0	0	0	0	0	0	0	0	0	0	0
S(2,2)AngScMom	0.00025841345	0	0	0	0	0	0	0	0	0	0	0	0	0	0	0
S(2,2)Contrast	675.09088	0	0	0	0	0	0	0	0	0	0	0	0	0	0	0
S(2,2)Correlat	-0.0052638538	0	0	0	0	0	0	0	0	0	0	0	0	0	0	0
S(2,2)SumOfSqs	335.77795	0	0	0	0	0	0	0	0	0	0	0	0	0	0	0
S(2,2)InvDfMom	0.04565719	0	0	0	0	0	0	0	0	0	0	0	0	0	0	0
S(2,2)SumAverg	66.086661	0	0	0	0	0	0	0	0	0	0	0	0	0	0	0
S(2,2)SumVarnc	668.02093	0	0	0	0	0	0	0	0	0	0	0	0	0	0	0
S(2,2)SumEntrp	2.0189532	0	0	0	0	0	0	0	0	0	0	0	0	0	0	0
S(2,2)Entropy	3.5995828	0	0	0	0	0	0	0	0	0	0	0	0	0	0	0
S(2,2)DifVarnc	224.59361	0	0	0	0	0	0	0	0	0	0	0	0	0	0	0
S(2,2)DifEntrp	1.7247743	0	0	0	0	0	0	0	0	0	0	0	0	0	0	0
_Area_S(2,-2)	129032	0	0	0	0	0	0	0	0	0	0	0	0	0	0	0
S(2,-2)AngScMom	0.00025895642	0	0	0	0	0	0	0	0	0	0	0	0	0	0	0
S(2,-2)Contrast	677.1286	0	0	0	0	0	0	0	0	0	0	0	0	0	0	0
S(2,-2)Correlat	-0.0083336944	0	0	0	0	0	0	0	0	0	0	0	0	0	0	0
S(2,-2)SumOfSqs	335.76613	0	0	0	0	0	0	0	0	0	0	0	0	0	0	0
S(2,-2)InvDfMom	0.046680997	0	0	0	0	0	0	0	0	0	0	0	0	0	0	0
S(2,-2)SumAverg	66.087994	0	0	0	0	0	0	0	0	0	0	0	0	0	0	0
S(2,-2)SumVarnc	665.93591	0	0	0	0	0	0	0	0	0	0	0	0	0	0	0
S(2,-2)SumEntrp	2.0184959	0	0	0	0	0	0	0	0	0	0	0	0	0	0	0
S(2,-2)Entropy	3.5990702	0	0	0	0	0	0	0	0	0	0	0	0	0	0	0
S(2,-2)DifVarnc	225.0495	0	0	0	0	0	0	0	0	0	0	0	0	0	0	0
S(2,-2)DifEntrp	1.7255752	0	0	0	0	0	0	0	0	0	0	0	0	0	0	0
_Area_S(3,0)	129536	0	0	0	0	0	0	0	0	0	0	0	0	0	0	0
S(3,0)AngScMom	0.0002594546	0	0	0	0	0	0	0	0	0	0	0	0	0	0	0
S(3,0)Contrast	659.69724	0	0	0	0	0	0	0	0	0	0	0	0	0	0	0
S(3,0)Correlat	0.018101503	0	0	0	0	0	0	0	0	0	0	0	0	0	0	0
S(3,0)SumOfSqs	335.92945	0	0	0	0	0	0	0	0	0	0	0	0	0	0	0
S(3,0)InvDfMom	0.047279638	0	0	0	0	0	0	0	0	0	0	0	0	0	0	0
S(3,0)SumAverg	66.083513	0	0	0	0	0	0	0	0	0	0	0	0	0	0	0
S(3,0)SumVarnc	684.02055	0	0	0	0	0	0	0	0	0	0	0	0	0	0	0
S(3,0)SumEntrp	2.0238071	0	0	0	0	0	0	0	0	0	0	0	0	0	0	0
S(3,0)Entropy	3.598689	0	0	0	0	0	0	0	0	0	0	0	0	0	0	0
S(3,0)DifVarnc	220.99824	0	0	0	0	0	0	0	0	0	0	0	0	0	0	0
S(3,0)DifEntrp	1.7204504	0	0	0	0	0	0	0	0	0	0	0	0	0	0	0
_Area_S(0,3)	129536	0	0	0	0	0	0	0	0	0	0	0	0	0	0	0
S(0,3)AngScMom	0.00025857031	0	0	0	0	0	0	0	0	0	0	0	0	0	0	0
S(0,3)Contrast	669.06009	0	0	0	0	0	0	0	0	0	0	0	0	0	0	0
S(0,3)Correlat	0.0034691682	0	0	0	0	0	0	0	0	0	0	0	0	0	0	0
S(0,3)SumOfSqs	335.69463	0	0	0	0	0	0	0	0	0	0	0	0	0	0	0
S(0,3)InvDfMom	0.046854589	0	0	0	0	0	0	0	0	0	0	0	0	0	0	0
S(0,3)SumAverg	66.088006	0	0	0	0	0	0	0	0	0	0	0	0	0	0	0
S(0,3)SumVarnc	673.71842	0	0	0	0	0	0	0	0	0	0	0	0	0	0	0
S(0,3)SumEntrp	2.0204519	0	0	0	0	0	0	0	0	0	0	0	0	0	0	0
S(0,3)Entropy	3.5994401	0	0	0	0	0	0	0	0	0	0	0	0	0	0	0
S(0,3)DifVarnc	223.58343	0	0	0	0	0	0	0	0	0	0	0	0	0	0	0
S(0,3)DifEntrp	1.7233308	0	0	0	0	0	0	0	0	0	0	0	0	0	0	0
_Area_S(3,3)	128018	0	0	0	0	0	0	0	0	0	0	0	0	0	0	0
S(3,3)AngScMom	0.00025898624	0	0	0	0	0	0	0	0	0	0	0	0	0	0	0
S(3,3)Contrast	666.55228	0	0	0	0	0	0	0	0	0	0	0	0	0	0	0
S(3,3)Correlat	0.0073348242	0	0	0	0	0	0	0	0	0	0	0	0	0	0	0
S(3,3)SumOfSqs	335.73873	0	0	0	0	0	0	0	0	0	0	0	0	0	0	0
S(3,3)InvDfMom	0.048405202	0	0	0	0	0	0	0	0	0	0	0	0	0	0	0
S(3,3)SumAverg	66.084191	0	0	0	0	0	0	0	0	0	0	0	0	0	0	0
S(3,3)SumVarnc	676.40262	0	0	0	0	0	0	0	0	0	0	0	0	0	0	0
S(3,3)SumEntrp	2.0214202	0	0	0	0	0	0	0	0	0	0	0	0	0	0	0
S(3,3)Entropy	3.599077	0	0	0	0	0	0	0	0	0	0	0	0	0	0	0
S(3,3)DifVarnc	223.51848	0	0	0	0	0	0	0	0	0	0	0	0	0	0	0
S(3,3)DifEntrp	1.7227328	0	0	0	0	0	0	0	0	0	0	0	0	0	0	0
_Area_S(3,-3)	128018	0	0	0	0	0	0	0	0	0	0	0	0	0	0	0
S(3,-3)AngScMom	0.00025898233	0	0	0	0	0	0	0	0	0	0	0	0	0	0	0
S(3,-3)Contrast	674.74202	0	0	0	0	0	0	0	0	0	0	0	0	0	0	0
S(3,-3)Correlat	-0.004860353	0	0	0	0	0	0	0	0	0	0	0	0	0	0	0
S(3,-3)SumOfSqs	335.7392	0	0	0	0	0	0	0	0	0	0	0	0	0	0	0
S(3,-3)InvDfMom	0.04776655	0	0	0	0	0	0	0	0	0	0	0	0	0	0	0
S(3,-3)SumAverg	66.088238	0	0	0	0	0	0	0	0	0	0	0	0	0	0	0
S(3,-3)SumVarnc	668.21478	0	0	0	0	0	0	0	0	0	0	0	0	0	0	0
S(3,-3)SumEntrp	2.0192767	0	0	0	0	0	0	0	0	0	0	0	0	0	0	0
S(3,-3)Entropy	3.5990579	0	0	0	0	0	0	0	0	0	0	0	0	0	0	0
S(3,-3)DifVarnc	224.65448	0	0	0	0	0	0	0	0	0	0	0	0	0	0	0
S(3,-3)DifEntrp	1.7248331	0	0	0	0	0	0	0	0	0	0	0	0	0	0	0
_Area_S(4,0)	129024	0	0	0	0	0	0	0	0	0	0	0	0	0	0	0
S(4,0)AngScMom	0.00025926149	0	0	0	0	0	0	0	0	0	0	0	0	0	0	0
S(4,0)Contrast	664.89174	0	0	0	0	0	0	0	0	0	0	0	0	0	0	0
S(4,0)Correlat	0.0099460076	0	0	0	0	0	0	0	0	0	0	0	0	0	0	0
S(4,0)SumOfSqs	335.7856	0	0	0	0	0	0	0	0	0	0	0	0	0	0	0
S(4,0)InvDfMom	0.048803379	0	0	0	0	0	0	0	0	0	0	0	0	0	0	0
S(4,0)SumAverg	66.088945	0	0	0	0	0	0	0	0	0	0	0	0	0	0	0
S(4,0)SumVarnc	678.25065	0	0	0	0	0	0	0	0	0	0	0	0	0	0	0
S(4,0)SumEntrp	2.0218301	0	0	0	0	0	0	0	0	0	0	0	0	0	0	0
S(4,0)Entropy	3.5987739	0	0	0	0	0	0	0	0	0	0	0	0	0	0	0
S(4,0)DifVarnc	222.61217	0	0	0	0	0	0	0	0	0	0	0	0	0	0	0
S(4,0)DifEntrp	1.7221751	0	0	0	0	0	0	0	0	0	0	0	0	0	0	0
_Area_S(0,4)	129024	0	0	0	0	0	0	0	0	0	0	0	0	0	0	0
S(0,4)AngScMom	0.00025883487	0	0	0	0	0	0	0	0	0	0	0	0	0	0	0
S(0,4)Contrast	671.47452	0	0	0	0	0	0	0	0	0	0	0	0	0	0	0
S(0,4)Correlat	0.00012641325	0	0	0	0	0	0	0	0	0	0	0	0	0	0	0
S(0,4)SumOfSqs	335.77971	0	0	0	0	0	0	0	0	0	0	0	0	0	0	0
S(0,4)InvDfMom	0.048195523	0	0	0	0	0	0	0	0	0	0	0	0	0	0	0
S(0,4)SumAverg	66.087209	0	0	0	0	0	0	0	0	0	0	0	0	0	0	0
S(0,4)SumVarnc	671.6443	0	0	0	0	0	0	0	0	0	0	0	0	0	0	0
S(0,4)SumEntrp	2.0200534	0	0	0	0	0	0	0	0	0	0	0	0	0	0	0
S(0,4)Entropy	3.5992292	0	0	0	0	0	0	0	0	0	0	0	0	0	0	0
S(0,4)DifVarnc	225.90414	0	0	0	0	0	0	0	0	0	0	0	0	0	0	0
S(0,4)DifEntrp	1.7240871	0	0	0	0	0	0	0	0	0	0	0	0	0	0	0
_Area_S(4,4)	127008	0	0	0	0	0	0	0	0	0	0	0	0	0	0	0
S(4,4)AngScMom	0.00025895876	0	0	0	0	0	0	0	0	0	0	0	0	0	0	0
S(4,4)Contrast	671.86565	0	0	0	0	0	0	0	0	0	0	0	0	0	0	0
S(4,4)Correlat	-0.00076194361	0	0	0	0	0	0	0	0	0	0	0	0	0	0	0
S(4,4)SumOfSqs	335.67706	0	0	0	0	0	0	0	0	0	0	0	0	0	0	0
S(4,4)InvDfMom	0.04698429	0	0	0	0	0	0	0	0	0	0	0	0	0	0	0
S(4,4)SumAverg	66.088813	0	0	0	0	0	0	0	0	0	0	0	0	0	0	0
S(4,4)SumVarnc	670.84258	0	0	0	0	0	0	0	0	0	0	0	0	0	0	0
S(4,4)SumEntrp	2.0197679	0	0	0	0	0	0	0	0	0	0	0	0	0	0	0
S(4,4)Entropy	3.5990822	0	0	0	0	0	0	0	0	0	0	0	0	0	0	0
S(4,4)DifVarnc	223.171	0	0	0	0	0	0	0	0	0	0	0	0	0	0	0
S(4,4)DifEntrp	1.7241864	0	0	0	0	0	0	0	0	0	0	0	0	0	0	0
_Area_S(4,-4)	127008	0	0	0	0	0	0	0	0	0	0	0	0	0	0	0
S(4,-4)AngScMom	0.0002592919	0	0	0	0	0	0	0	0	0	0	0	0	0	0	0
S(4,-4)Contrast	669.21544	0	0	0	0	0	0	0	0	0	0	0	0	0	0	0
S(4,-4)Correlat	0.003239485	0	0	0	0	0	0	0	0	0	0	0	0	0	0	0
S(4,-4)SumOfSqs	335.6952	0	0	0	0	0	0	0	0	0	0	0	0	0	0	0
S(4,-4)InvDfMom	0.047772462	0	0	0	0	0	0	0	0	0	0	0	0	0	0	0
S(4,-4)SumAverg	66.093805	0	0	0	0	0	0	0	0	0	0	0	0	0	0	0
S(4,-4)SumVarnc	673.56535	0	0	0	0	0	0	0	0	0	0	0	0	0	0	0
S(4,-4)SumEntrp	2.0205559	0	0	0	0	0	0	0	0	0	0	0	0	0	0	0
S(4,-4)Entropy	3.5987395	0	0	0	0	0	0	0	0	0	0	0	0	0	0	0
S(4,-4)DifVarnc	224.7636	0	0	0	0	0	0	0	0	0	0	0	0	0	0	0
S(4,-4)DifEntrp	1.7231312	0	0	0	0	0	0	0	0	0	0	0	0	0	0	0
_Area_S(5,0)	128512	0	0	0	0	0	0	0	0	0	0	0	0	0	0	0
S(5,0)AngScMom	0.00025929067	0	0	0	0	0	0	0	0	0	0	0	0	0	0	0
S(5,0)Contrast	669.57884	0	0	0	0	0	0	0	0	0	0	0	0	0	0	0
S(5,0)Correlat	0.0027835485	0	0	0	0	0	0	0	0	0	0	0	0	0	0	0
S(5,0)SumOfSqs	335.72392	0	0	0	0	0	0	0	0	0	0	0	0	0	0	0
S(5,0)InvDfMom	0.047273438	0	0	0	0	0	0	0	0	0	0	0	0	0	0	0
S(5,0)SumAverg	66.088396	0	0	0	0	0	0	0	0	0	0	0	0	0	0	0
S(5,0)SumVarnc	673.31686	0	0	0	0	0	0	0	0	0	0	0	0	0	0	0
S(5,0)SumEntrp	2.0204937	0	0	0	0	0	0	0	0	0	0	0	0	0	0	0
S(5,0)Entropy	3.5987907	0	0	0	0	0	0	0	0	0	0	0	0	0	0	0
S(5,0)DifVarnc	223.23168	0	0	0	0	0	0	0	0	0	0	0	0	0	0	0
S(5,0)DifEntrp	1.7234927	0	0	0	0	0	0	0	0	0	0	0	0	0	0	0
_Area_S(0,5)	128512	0	0	0	0	0	0	0	0	0	0	0	0	0	0	0
S(0,5)AngScMom	0.00025901032	0	0	0	0	0	0	0	0	0	0	0	0	0	0	0
S(0,5)Contrast	670.484	0	0	0	0	0	0	0	0	0	0	0	0	0	0	0
S(0,5)Correlat	0.0014715716	0	0	0	0	0	0	0	0	0	0	0	0	0	0	0
S(0,5)SumOfSqs	335.73606	0	0	0	0	0	0	0	0	0	0	0	0	0	0	0
S(0,5)InvDfMom	0.046788013	0	0	0	0	0	0	0	0	0	0	0	0	0	0	0
S(0,5)SumAverg	66.090202	0	0	0	0	0	0	0	0	0	0	0	0	0	0	0
S(0,5)SumVarnc	672.46024	0	0	0	0	0	0	0	0	0	0	0	0	0	0	0
S(0,5)SumEntrp	2.019943	0	0	0	0	0	0	0	0	0	0	0	0	0	0	0
S(0,5)Entropy	3.59902	0	0	0	0	0	0	0	0	0	0	0	0	0	0	0
S(0,5)DifVarnc	223.90534	0	0	0	0	0	0	0	0	0	0	0	0	0	0	0
S(0,5)DifEntrp	1.7235914	0	0	0	0	0	0	0	0	0	0	0	0	0	0	0
_Area_S(5,5)	126002	0	0	0	0	0	0	0	0	0	0	0	0	0	0	0
S(5,5)AngScMom	0.00025885913	0	0	0	0	0	0	0	0	0	0	0	0	0	0	0
S(5,5)Contrast	662.47341	0	0	0	0	0	0	0	0	0	0	0	0	0	0	0
S(5,5)Correlat	0.012893717	0	0	0	0	0	0	0	0	0	0	0	0	0	0	0
S(5,5)SumOfSqs	335.56336	0	0	0	0	0	0	0	0	0	0	0	0	0	0	0
S(5,5)InvDfMom	0.046949162	0	0	0	0	0	0	0	0	0	0	0	0	0	0	0
S(5,5)SumAverg	66.091253	0	0	0	0	0	0	0	0	0	0	0	0	0	0	0
S(5,5)SumVarnc	679.78004	0	0	0	0	0	0	0	0	0	0	0	0	0	0	0
S(5,5)SumEntrp	2.0221703	0	0	0	0	0	0	0	0	0	0	0	0	0	0	0
S(5,5)Entropy	3.5991107	0	0	0	0	0	0	0	0	0	0	0	0	0	0	0
S(5,5)DifVarnc	220.97994	0	0	0	0	0	0	0	0	0	0	0	0	0	0	0
S(5,5)DifEntrp	1.7213631	0	0	0	0	0	0	0	0	0	0	0	0	0	0	0
_Area_S(5,-5)	126002	0	0	0	0	0	0	0	0	0	0	0	0	0	0	0
S(5,-5)AngScMom	0.00025943948	0	0	0	0	0	0	0	0	0	0	0	0	0	0	0
S(5,-5)Contrast	668.99244	0	0	0	0	0	0	0	0	0	0	0	0	0	0	0
S(5,-5)Correlat	0.0032258697	0	0	0	0	0	0	0	0	0	0	0	0	0	0	0
S(5,-5)SumOfSqs	335.57876	0	0	0	0	0	0	0	0	0	0	0	0	0	0	0
S(5,-5)InvDfMom	0.048228754	0	0	0	0	0	0	0	0	0	0	0	0	0	0	0
S(5,-5)SumAverg	66.096713	0	0	0	0	0	0	0	0	0	0	0	0	0	0	0
S(5,-5)SumVarnc	673.32258	0	0	0	0	0	0	0	0	0	0	0	0	0	0	0
S(5,-5)SumEntrp	2.02044	0	0	0	0	0	0	0	0	0	0	0	0	0	0	0
S(5,-5)Entropy	3.5987149	0	0	0	0	0	0	0	0	0	0	0	0	0	0	0
S(5,-5)DifVarnc	224.97267	0	0	0	0	0	0	0	0	0	0	0	0	0	0	0
S(5,-5)DifEntrp	1.7236406	0	0	0	0	0	0	0	0	0	0	0	0	0	0	0
Horzl_RLNonUni	61074.919	0	0	0	0	0	0	0	0	0	0	0	0	0	0	0
Horzl_GLevNonU	1013.1665	0	0	0	0	0	0	0	0	0	0	0	0	0	0	0
Horzl_LngREmph	1.0744827	0	0	0	0	0	0	0	0	0	0	0	0	0	0	0
Horzl_ShrtREmp	0.98241413	0	0	0	0	0	0	0	0	0	0	0	0	0	0	0
Horzl_Fraction	0.97637939	0	0	0	0	0	0	0	0	0	0	0	0	0	0	0
Vertl_RLNonUni	62500.603	0	0	0	0	0	0	0	0	0	0	0	0	0	0	0
Vertl_GLevNonU	1022.2452	0	0	0	0	0	0	0	0	0	0	0	0	0	0	0
Vertl_LngREmph	1.0485714	0	0	0	0	0	0	0	0	0	0	0	0	0	0	0
Vertl_ShrtREmp	0.98814192	0	0	0	0	0	0	0	0	0	0	0	0	0	0	0
Vertl_Fraction	0.98423767	0	0	0	0	0	0	0	0	0	0	0	0	0	0	0
45dgr_RLNonUni	62521.316	0	0	0	0	0	0	0	0	0	0	0	0	0	0	0
45dgr_GLevNonU	1022.4008	0	0	0	0	0	0	0	0	0	0	0	0	0	0	0
45dgr_LngREmph	1.0480531	0	0	0	0	0	0	0	0	0	0	0	0	0	0	0
45dgr_ShrtREmp	0.98821978	0	0	0	0	0	0	0	0	0	0	0	0	0	0	0
45dgr_Fraction	0.984375	0	0	0	0	0	0	0	0	0	0	0	0	0	0	0
135dr_RLNonUni	62326.05	0	0	0	0	0	0	0	0	0	0	0	0	0	0	0
135dr_GLevNonU	1020.8837	0	0	0	0	0	0	0	0	0	0	0	0	0	0	0
135dr_LngREmph	1.0517854	0	0	0	0	0	0	0	0	0	0	0	0	0	0	0
135dr_ShrtREmp	0.98745023	0	0	0	0	0	0	0	0	0	0	0	0	0	0	0
135dr_Fraction	0.98326111	0	0	0	0	0	0	0	0	0	0	0	0	0	0	0
_AreaGr	64516	0	0	0	0	0	0	0	0	0	0	0	0	0	0	0
GrMean	8.1280531	0	0	0	0	0	0	0	0	0	0	0	0	0	0	0
GrVariance	15.322936	0	0	0	0	0	0	0	0	0	0	0	0	0	0	0
GrSkewness	0.19453826	0	0	0	0	0	0	0	0	0	0	0	0	0	0	0
GrKurtosis	-0.65329385	0	0	0	0	0	0	0	0	0	0	0	0	0	0	0
GrNonZeros	0.99541199	0	0	0	0	0	0	0	0	0	0	0	0	0	0	0
_AreaARM	64770	0	0	0	0	0	0	0	0	0	0	0	0	0	0	0
Teta1	0.11587746	0	0	0	0	0	0	0	0	0	0	0	0	0	0	0
Teta2	0.0031984791	0	0	0	0	0	0	0	0	0	0	0	0	0	0	0
Teta3	-0.0090116992	0	0	0	0	0	0	0	0	0	0	0	0	0	0	0
Teta4	0.0025763904	0	0	0	0	0	0	0	0	0	0	0	0	0	0	0
Sigma	0.99265068	0	0	0	0	0	0	0	0	0	0	0	0	0	0	0
WavEnLL_s-1	18304.286	0	0	0	0	0	0	0	0	0	0	0	0	0	0	0
WavEnLH_s-1	1516.0634	0	0	0	0	0	0	0	0	0	0	0	0	0	0	0
WavEnHL_s-1	1195.3939	0	0	0	0	0	0	0	0	0	0	0	0	0	0	0
WavEnHH_s-1	1192.6601	0	0	0	0	0	0	0	0	0	0	0	0	0	0	0
WavEnLL_s-2	17238.321	0	0	0	0	0	0	0	0	0	0	0	0	0	0	0
WavEnLH_s-2	419.20039	0	0	0	0	0	0	0	0	0	0	0	0	0	0	0
WavEnHL_s-2	317.67271	0	0	0	0	0	0	0	0	0	0	0	0	0	0	0
WavEnHH_s-2	329.09163	0	0	0	0	0	0	0	0	0	0	0	0	0	0	0
WavEnLL_s-3	16933.878	0	0	0	0	0	0	0	0	0	0	0	0	0	0	0
WavEnLH_s-3	116.11593	0	0	0	0	0	0	0	0	0	0	0	0	0	0	0
WavEnHL_s-3	92.979627	0	0	0	0	0	0	0	0	0	0	0	0	0	0	0
WavEnHH_s-3	95.347677	0	0	0	0	0	0	0	0	0	0	0	0	0	0	0
WavEnLL_s-4	16853.279	0	0	0	0	0	0	0	0	0	0	0	0	0	0	0
WavEnLH_s-4	24.490632	0	0	0	0	0	0	0	0	0	0	0	0	0	0	0
WavEnHL_s-4	27.20657	0	0	0	0	0	0	0	0	0	0	0	0	0	0	0
WavEnHH_s-4	28.901505	0	0	0	0	0	0	0	0	0	0	0	0	0	0	0
