Image File: linseeds1-a-p026.png 
ROI File: allred.roi 
Image size: 256 x 256
Min. lum.: 1
Max. lum.: 256
Bits/pixel: 8

Normalisation =  No
Histogram analysis = Yes
CO matrix analysis = Yes, Dimensions = 6 x 6, Distances = 1 2 3 4 5
RL matrix analysis = Yes, Dimension = 6
Gradient analysis = Yes, Max pixel value = 16
AR model analysis = Yes
Wavelet analysis = Yes

--------------- CLASS NAMES ----------------

----------------- FEATURES -----------------
_Area	65536	0	0	0	0	0	0	0	0	0	0	0	0	0	0	0
Mean	130.64381	0	0	0	0	0	0	0	0	0	0	0	0	0	0	0
Variance	5390.474	0	0	0	0	0	0	0	0	0	0	0	0	0	0	0
Skewness	-0.010956385	0	0	0	0	0	0	0	0	0	0	0	0	0	0	0
Kurtosis	-1.1874902	0	0	0	0	0	0	0	0	0	0	0	0	0	0	0
Perc.01%	3	0	0	0	0	0	0	0	0	0	0	0	0	0	0	0
Perc.10%	30	0	0	0	0	0	0	0	0	0	0	0	0	0	0	0
Perc.50%	131	0	0	0	0	0	0	0	0	0	0	0	0	0	0	0
Perc.90%	232	0	0	0	0	0	0	0	0	0	0	0	0	0	0	0
Perc.99%	254	0	0	0	0	0	0	0	0	0	0	0	0	0	0	0
_Area_S(1,0)	130560	0	0	0	0	0	0	0	0	0	0	0	0	0	0	0
S(1,0)AngScMom	0.00028426719	0	0	0	0	0	0	0	0	0	0	0	0	0	0	0
S(1,0)Contrast	593.4956	0	0	0	0	0	0	0	0	0	0	0	0	0	0	0
S(1,0)Correlat	0.11705518	0	0	0	0	0	0	0	0	0	0	0	0	0	0	0
S(1,0)SumOfSqs	336.08873	0	0	0	0	0	0	0	0	0	0	0	0	0	0	0
S(1,0)InvDfMom	0.059970915	0	0	0	0	0	0	0	0	0	0	0	0	0	0	0
S(1,0)SumAverg	66.06083	0	0	0	0	0	0	0	0	0	0	0	0	0	0	0
S(1,0)SumVarnc	750.85931	0	0	0	0	0	0	0	0	0	0	0	0	0	0	0
S(1,0)SumEntrp	2.0386284	0	0	0	0	0	0	0	0	0	0	0	0	0	0	0
S(1,0)Entropy	3.5812903	0	0	0	0	0	0	0	0	0	0	0	0	0	0	0
S(1,0)DifVarnc	207.91533	0	0	0	0	0	0	0	0	0	0	0	0	0	0	0
S(1,0)DifEntrp	1.6998962	0	0	0	0	0	0	0	0	0	0	0	0	0	0	0
_Area_S(0,1)	130560	0	0	0	0	0	0	0	0	0	0	0	0	0	0	0
S(0,1)AngScMom	0.00025897632	0	0	0	0	0	0	0	0	0	0	0	0	0	0	0
S(0,1)Contrast	670.40291	0	0	0	0	0	0	0	0	0	0	0	0	0	0	0
S(0,1)Correlat	0.0018349424	0	0	0	0	0	0	0	0	0	0	0	0	0	0	0
S(0,1)SumOfSqs	335.81766	0	0	0	0	0	0	0	0	0	0	0	0	0	0	0
S(0,1)InvDfMom	0.047505444	0	0	0	0	0	0	0	0	0	0	0	0	0	0	0
S(0,1)SumAverg	66.068719	0	0	0	0	0	0	0	0	0	0	0	0	0	0	0
S(0,1)SumVarnc	672.86773	0	0	0	0	0	0	0	0	0	0	0	0	0	0	0
S(0,1)SumEntrp	2.0199043	0	0	0	0	0	0	0	0	0	0	0	0	0	0	0
S(0,1)Entropy	3.5991298	0	0	0	0	0	0	0	0	0	0	0	0	0	0	0
S(0,1)DifVarnc	225.03387	0	0	0	0	0	0	0	0	0	0	0	0	0	0	0
S(0,1)DifEntrp	1.7237701	0	0	0	0	0	0	0	0	0	0	0	0	0	0	0
_Area_S(1,1)	130050	0	0	0	0	0	0	0	0	0	0	0	0	0	0	0
S(1,1)AngScMom	0.00025850916	0	0	0	0	0	0	0	0	0	0	0	0	0	0	0
S(1,1)Contrast	674.7077	0	0	0	0	0	0	0	0	0	0	0	0	0	0	0
S(1,1)Correlat	-0.0044588824	0	0	0	0	0	0	0	0	0	0	0	0	0	0	0
S(1,1)SumOfSqs	335.8563	0	0	0	0	0	0	0	0	0	0	0	0	0	0	0
S(1,1)InvDfMom	0.046734895	0	0	0	0	0	0	0	0	0	0	0	0	0	0	0
S(1,1)SumAverg	66.072218	0	0	0	0	0	0	0	0	0	0	0	0	0	0	0
S(1,1)SumVarnc	668.71752	0	0	0	0	0	0	0	0	0	0	0	0	0	0	0
S(1,1)SumEntrp	2.0187465	0	0	0	0	0	0	0	0	0	0	0	0	0	0	0
S(1,1)Entropy	3.5994249	0	0	0	0	0	0	0	0	0	0	0	0	0	0	0
S(1,1)DifVarnc	225.75791	0	0	0	0	0	0	0	0	0	0	0	0	0	0	0
S(1,1)DifEntrp	1.7247872	0	0	0	0	0	0	0	0	0	0	0	0	0	0	0
_Area_S(1,-1)	130050	0	0	0	0	0	0	0	0	0	0	0	0	0	0	0
S(1,-1)AngScMom	0.00025915895	0	0	0	0	0	0	0	0	0	0	0	0	0	0	0
S(1,-1)Contrast	670.49865	0	0	0	0	0	0	0	0	0	0	0	0	0	0	0
S(1,-1)Correlat	0.0017777904	0	0	0	0	0	0	0	0	0	0	0	0	0	0	0
S(1,-1)SumOfSqs	335.84639	0	0	0	0	0	0	0	0	0	0	0	0	0	0	0
S(1,-1)InvDfMom	0.046480734	0	0	0	0	0	0	0	0	0	0	0	0	0	0	0
S(1,-1)SumAverg	66.071403	0	0	0	0	0	0	0	0	0	0	0	0	0	0	0
S(1,-1)SumVarnc	672.88691	0	0	0	0	0	0	0	0	0	0	0	0	0	0	0
S(1,-1)SumEntrp	2.0199228	0	0	0	0	0	0	0	0	0	0	0	0	0	0	0
S(1,-1)Entropy	3.5989359	0	0	0	0	0	0	0	0	0	0	0	0	0	0	0
S(1,-1)DifVarnc	223.509	0	0	0	0	0	0	0	0	0	0	0	0	0	0	0
S(1,-1)DifEntrp	1.7233599	0	0	0	0	0	0	0	0	0	0	0	0	0	0	0
_Area_S(2,0)	130048	0	0	0	0	0	0	0	0	0	0	0	0	0	0	0
S(2,0)AngScMom	0.00026257316	0	0	0	0	0	0	0	0	0	0	0	0	0	0	0
S(2,0)Contrast	644.6893	0	0	0	0	0	0	0	0	0	0	0	0	0	0	0
S(2,0)Correlat	0.040801872	0	0	0	0	0	0	0	0	0	0	0	0	0	0	0
S(2,0)SumOfSqs	336.05638	0	0	0	0	0	0	0	0	0	0	0	0	0	0	0
S(2,0)InvDfMom	0.050837399	0	0	0	0	0	0	0	0	0	0	0	0	0	0	0
S(2,0)SumAverg	66.059993	0	0	0	0	0	0	0	0	0	0	0	0	0	0	0
S(2,0)SumVarnc	699.53622	0	0	0	0	0	0	0	0	0	0	0	0	0	0	0
S(2,0)SumEntrp	2.0276717	0	0	0	0	0	0	0	0	0	0	0	0	0	0	0
S(2,0)Entropy	3.5963522	0	0	0	0	0	0	0	0	0	0	0	0	0	0	0
S(2,0)DifVarnc	217.48432	0	0	0	0	0	0	0	0	0	0	0	0	0	0	0
S(2,0)DifEntrp	1.7161692	0	0	0	0	0	0	0	0	0	0	0	0	0	0	0
_Area_S(0,2)	130048	0	0	0	0	0	0	0	0	0	0	0	0	0	0	0
S(0,2)AngScMom	0.00025910153	0	0	0	0	0	0	0	0	0	0	0	0	0	0	0
S(0,2)Contrast	672.94273	0	0	0	0	0	0	0	0	0	0	0	0	0	0	0
S(0,2)Correlat	-0.0024324309	0	0	0	0	0	0	0	0	0	0	0	0	0	0	0
S(0,2)SumOfSqs	335.65491	0	0	0	0	0	0	0	0	0	0	0	0	0	0	0
S(0,2)InvDfMom	0.046480692	0	0	0	0	0	0	0	0	0	0	0	0	0	0	0
S(0,2)SumAverg	66.045276	0	0	0	0	0	0	0	0	0	0	0	0	0	0	0
S(0,2)SumVarnc	669.6769	0	0	0	0	0	0	0	0	0	0	0	0	0	0	0
S(0,2)SumEntrp	2.0192841	0	0	0	0	0	0	0	0	0	0	0	0	0	0	0
S(0,2)Entropy	3.5990148	0	0	0	0	0	0	0	0	0	0	0	0	0	0	0
S(0,2)DifVarnc	224.23978	0	0	0	0	0	0	0	0	0	0	0	0	0	0	0
S(0,2)DifEntrp	1.7240521	0	0	0	0	0	0	0	0	0	0	0	0	0	0	0
_Area_S(2,2)	129032	0	0	0	0	0	0	0	0	0	0	0	0	0	0	0
S(2,2)AngScMom	0.00025849141	0	0	0	0	0	0	0	0	0	0	0	0	0	0	0
S(2,2)Contrast	673.64051	0	0	0	0	0	0	0	0	0	0	0	0	0	0	0
S(2,2)Correlat	-0.0034420009	0	0	0	0	0	0	0	0	0	0	0	0	0	0	0
S(2,2)SumOfSqs	335.6649	0	0	0	0	0	0	0	0	0	0	0	0	0	0	0
S(2,2)InvDfMom	0.046969248	0	0	0	0	0	0	0	0	0	0	0	0	0	0	0
S(2,2)SumAverg	66.048624	0	0	0	0	0	0	0	0	0	0	0	0	0	0	0
S(2,2)SumVarnc	669.01907	0	0	0	0	0	0	0	0	0	0	0	0	0	0	0
S(2,2)SumEntrp	2.0189162	0	0	0	0	0	0	0	0	0	0	0	0	0	0	0
S(2,2)Entropy	3.5994382	0	0	0	0	0	0	0	0	0	0	0	0	0	0	0
S(2,2)DifVarnc	225.20953	0	0	0	0	0	0	0	0	0	0	0	0	0	0	0
S(2,2)DifEntrp	1.7240073	0	0	0	0	0	0	0	0	0	0	0	0	0	0	0
_Area_S(2,-2)	129032	0	0	0	0	0	0	0	0	0	0	0	0	0	0	0
S(2,-2)AngScMom	0.00025854127	0	0	0	0	0	0	0	0	0	0	0	0	0	0	0
S(2,-2)Contrast	673.58486	0	0	0	0	0	0	0	0	0	0	0	0	0	0	0
S(2,-2)Correlat	-0.0034008568	0	0	0	0	0	0	0	0	0	0	0	0	0	0	0
S(2,-2)SumOfSqs	335.65093	0	0	0	0	0	0	0	0	0	0	0	0	0	0	0
S(2,-2)InvDfMom	0.047077519	0	0	0	0	0	0	0	0	0	0	0	0	0	0	0
S(2,-2)SumAverg	66.045276	0	0	0	0	0	0	0	0	0	0	0	0	0	0	0
S(2,-2)SumVarnc	669.01886	0	0	0	0	0	0	0	0	0	0	0	0	0	0	0
S(2,-2)SumEntrp	2.0192289	0	0	0	0	0	0	0	0	0	0	0	0	0	0	0
S(2,-2)Entropy	3.5994746	0	0	0	0	0	0	0	0	0	0	0	0	0	0	0
S(2,-2)DifVarnc	224.62068	0	0	0	0	0	0	0	0	0	0	0	0	0	0	0
S(2,-2)DifEntrp	1.7243055	0	0	0	0	0	0	0	0	0	0	0	0	0	0	0
_Area_S(3,0)	129536	0	0	0	0	0	0	0	0	0	0	0	0	0	0	0
S(3,0)AngScMom	0.00025981456	0	0	0	0	0	0	0	0	0	0	0	0	0	0	0
S(3,0)Contrast	662.47474	0	0	0	0	0	0	0	0	0	0	0	0	0	0	0
S(3,0)Correlat	0.014423287	0	0	0	0	0	0	0	0	0	0	0	0	0	0	0
S(3,0)SumOfSqs	336.08482	0	0	0	0	0	0	0	0	0	0	0	0	0	0	0
S(3,0)InvDfMom	0.050671499	0	0	0	0	0	0	0	0	0	0	0	0	0	0	0
S(3,0)SumAverg	66.067379	0	0	0	0	0	0	0	0	0	0	0	0	0	0	0
S(3,0)SumVarnc	681.86453	0	0	0	0	0	0	0	0	0	0	0	0	0	0	0
S(3,0)SumEntrp	2.0231221	0	0	0	0	0	0	0	0	0	0	0	0	0	0	0
S(3,0)Entropy	3.598463	0	0	0	0	0	0	0	0	0	0	0	0	0	0	0
S(3,0)DifVarnc	222.50909	0	0	0	0	0	0	0	0	0	0	0	0	0	0	0
S(3,0)DifEntrp	1.7214487	0	0	0	0	0	0	0	0	0	0	0	0	0	0	0
_Area_S(0,3)	129536	0	0	0	0	0	0	0	0	0	0	0	0	0	0	0
S(0,3)AngScMom	0.00025899571	0	0	0	0	0	0	0	0	0	0	0	0	0	0	0
S(0,3)Contrast	671.36719	0	0	0	0	0	0	0	0	0	0	0	0	0	0	0
S(0,3)Correlat	-0.00010920639	0	0	0	0	0	0	0	0	0	0	0	0	0	0	0
S(0,3)SumOfSqs	335.64694	0	0	0	0	0	0	0	0	0	0	0	0	0	0	0
S(0,3)InvDfMom	0.04667716	0	0	0	0	0	0	0	0	0	0	0	0	0	0	0
S(0,3)SumAverg	66.048481	0	0	0	0	0	0	0	0	0	0	0	0	0	0	0
S(0,3)SumVarnc	671.22057	0	0	0	0	0	0	0	0	0	0	0	0	0	0	0
S(0,3)SumEntrp	2.0197956	0	0	0	0	0	0	0	0	0	0	0	0	0	0	0
S(0,3)Entropy	3.5990641	0	0	0	0	0	0	0	0	0	0	0	0	0	0	0
S(0,3)DifVarnc	224.84712	0	0	0	0	0	0	0	0	0	0	0	0	0	0	0
S(0,3)DifEntrp	1.7235481	0	0	0	0	0	0	0	0	0	0	0	0	0	0	0
_Area_S(3,3)	128018	0	0	0	0	0	0	0	0	0	0	0	0	0	0	0
S(3,3)AngScMom	0.00025879135	0	0	0	0	0	0	0	0	0	0	0	0	0	0	0
S(3,3)Contrast	668.34733	0	0	0	0	0	0	0	0	0	0	0	0	0	0	0
S(3,3)Correlat	0.0045262378	0	0	0	0	0	0	0	0	0	0	0	0	0	0	0
S(3,3)SumOfSqs	335.69309	0	0	0	0	0	0	0	0	0	0	0	0	0	0	0
S(3,3)InvDfMom	0.047938487	0	0	0	0	0	0	0	0	0	0	0	0	0	0	0
S(3,3)SumAverg	66.06021	0	0	0	0	0	0	0	0	0	0	0	0	0	0	0
S(3,3)SumVarnc	674.42503	0	0	0	0	0	0	0	0	0	0	0	0	0	0	0
S(3,3)SumEntrp	2.0204502	0	0	0	0	0	0	0	0	0	0	0	0	0	0	0
S(3,3)Entropy	3.5992454	0	0	0	0	0	0	0	0	0	0	0	0	0	0	0
S(3,3)DifVarnc	223.041	0	0	0	0	0	0	0	0	0	0	0	0	0	0	0
S(3,3)DifEntrp	1.7226026	0	0	0	0	0	0	0	0	0	0	0	0	0	0	0
_Area_S(3,-3)	128018	0	0	0	0	0	0	0	0	0	0	0	0	0	0	0
S(3,-3)AngScMom	0.00025895463	0	0	0	0	0	0	0	0	0	0	0	0	0	0	0
S(3,-3)Contrast	668.73233	0	0	0	0	0	0	0	0	0	0	0	0	0	0	0
S(3,-3)Correlat	0.0039325542	0	0	0	0	0	0	0	0	0	0	0	0	0	0	0
S(3,-3)SumOfSqs	335.68627	0	0	0	0	0	0	0	0	0	0	0	0	0	0	0
S(3,-3)InvDfMom	0.047496378	0	0	0	0	0	0	0	0	0	0	0	0	0	0	0
S(3,-3)SumAverg	66.053867	0	0	0	0	0	0	0	0	0	0	0	0	0	0	0
S(3,-3)SumVarnc	674.01275	0	0	0	0	0	0	0	0	0	0	0	0	0	0	0
S(3,-3)SumEntrp	2.0202533	0	0	0	0	0	0	0	0	0	0	0	0	0	0	0
S(3,-3)Entropy	3.5990196	0	0	0	0	0	0	0	0	0	0	0	0	0	0	0
S(3,-3)DifVarnc	223.72926	0	0	0	0	0	0	0	0	0	0	0	0	0	0	0
S(3,-3)DifEntrp	1.7233038	0	0	0	0	0	0	0	0	0	0	0	0	0	0	0
_Area_S(4,0)	129024	0	0	0	0	0	0	0	0	0	0	0	0	0	0	0
S(4,0)AngScMom	0.00025890516	0	0	0	0	0	0	0	0	0	0	0	0	0	0	0
S(4,0)Contrast	665.92515	0	0	0	0	0	0	0	0	0	0	0	0	0	0	0
S(4,0)Correlat	0.0091443589	0	0	0	0	0	0	0	0	0	0	0	0	0	0	0
S(4,0)SumOfSqs	336.0354	0	0	0	0	0	0	0	0	0	0	0	0	0	0	0
S(4,0)InvDfMom	0.047695061	0	0	0	0	0	0	0	0	0	0	0	0	0	0	0
S(4,0)SumAverg	66.0676	0	0	0	0	0	0	0	0	0	0	0	0	0	0	0
S(4,0)SumVarnc	678.21646	0	0	0	0	0	0	0	0	0	0	0	0	0	0	0
S(4,0)SumEntrp	2.0216595	0	0	0	0	0	0	0	0	0	0	0	0	0	0	0
S(4,0)Entropy	3.599147	0	0	0	0	0	0	0	0	0	0	0	0	0	0	0
S(4,0)DifVarnc	222.87133	0	0	0	0	0	0	0	0	0	0	0	0	0	0	0
S(4,0)DifEntrp	1.7223416	0	0	0	0	0	0	0	0	0	0	0	0	0	0	0
_Area_S(0,4)	129024	0	0	0	0	0	0	0	0	0	0	0	0	0	0	0
S(0,4)AngScMom	0.00025901581	0	0	0	0	0	0	0	0	0	0	0	0	0	0	0
S(0,4)Contrast	671.16059	0	0	0	0	0	0	0	0	0	0	0	0	0	0	0
S(0,4)Correlat	0.0004478043	0	0	0	0	0	0	0	0	0	0	0	0	0	0	0
S(0,4)SumOfSqs	335.73064	0	0	0	0	0	0	0	0	0	0	0	0	0	0	0
S(0,4)InvDfMom	0.046840002	0	0	0	0	0	0	0	0	0	0	0	0	0	0	0
S(0,4)SumAverg	66.068266	0	0	0	0	0	0	0	0	0	0	0	0	0	0	0
S(0,4)SumVarnc	671.76196	0	0	0	0	0	0	0	0	0	0	0	0	0	0	0
S(0,4)SumEntrp	2.0198969	0	0	0	0	0	0	0	0	0	0	0	0	0	0	0
S(0,4)Entropy	3.5989911	0	0	0	0	0	0	0	0	0	0	0	0	0	0	0
S(0,4)DifVarnc	222.70749	0	0	0	0	0	0	0	0	0	0	0	0	0	0	0
S(0,4)DifEntrp	1.723657	0	0	0	0	0	0	0	0	0	0	0	0	0	0	0
_Area_S(4,4)	127008	0	0	0	0	0	0	0	0	0	0	0	0	0	0	0
S(4,4)AngScMom	0.00025901765	0	0	0	0	0	0	0	0	0	0	0	0	0	0	0
S(4,4)Contrast	674.55724	0	0	0	0	0	0	0	0	0	0	0	0	0	0	0
S(4,4)Correlat	-0.0046822158	0	0	0	0	0	0	0	0	0	0	0	0	0	0	0
S(4,4)SumOfSqs	335.70677	0	0	0	0	0	0	0	0	0	0	0	0	0	0	0
S(4,4)InvDfMom	0.046843702	0	0	0	0	0	0	0	0	0	0	0	0	0	0	0
S(4,4)SumAverg	66.08127	0	0	0	0	0	0	0	0	0	0	0	0	0	0	0
S(4,4)SumVarnc	668.26983	0	0	0	0	0	0	0	0	0	0	0	0	0	0	0
S(4,4)SumEntrp	2.0186719	0	0	0	0	0	0	0	0	0	0	0	0	0	0	0
S(4,4)Entropy	3.599024	0	0	0	0	0	0	0	0	0	0	0	0	0	0	0
S(4,4)DifVarnc	224.14712	0	0	0	0	0	0	0	0	0	0	0	0	0	0	0
S(4,4)DifEntrp	1.7246723	0	0	0	0	0	0	0	0	0	0	0	0	0	0	0
_Area_S(4,-4)	127008	0	0	0	0	0	0	0	0	0	0	0	0	0	0	0
S(4,-4)AngScMom	0.00025867223	0	0	0	0	0	0	0	0	0	0	0	0	0	0	0
S(4,-4)Contrast	671.22	0	0	0	0	0	0	0	0	0	0	0	0	0	0	0
S(4,-4)Correlat	0.00035333683	0	0	0	0	0	0	0	0	0	0	0	0	0	0	0
S(4,-4)SumOfSqs	335.72863	0	0	0	0	0	0	0	0	0	0	0	0	0	0	0
S(4,-4)InvDfMom	0.048003531	0	0	0	0	0	0	0	0	0	0	0	0	0	0	0
S(4,-4)SumAverg	66.073523	0	0	0	0	0	0	0	0	0	0	0	0	0	0	0
S(4,-4)SumVarnc	671.6945	0	0	0	0	0	0	0	0	0	0	0	0	0	0	0
S(4,-4)SumEntrp	2.0198427	0	0	0	0	0	0	0	0	0	0	0	0	0	0	0
S(4,-4)Entropy	3.5993517	0	0	0	0	0	0	0	0	0	0	0	0	0	0	0
S(4,-4)DifVarnc	225.47782	0	0	0	0	0	0	0	0	0	0	0	0	0	0	0
S(4,-4)DifEntrp	1.7235366	0	0	0	0	0	0	0	0	0	0	0	0	0	0	0
_Area_S(5,0)	128512	0	0	0	0	0	0	0	0	0	0	0	0	0	0	0
S(5,0)AngScMom	0.00025862038	0	0	0	0	0	0	0	0	0	0	0	0	0	0	0
S(5,0)Contrast	670.46379	0	0	0	0	0	0	0	0	0	0	0	0	0	0	0
S(5,0)Correlat	0.0022177953	0	0	0	0	0	0	0	0	0	0	0	0	0	0	0
S(5,0)SumOfSqs	335.97702	0	0	0	0	0	0	0	0	0	0	0	0	0	0	0
S(5,0)InvDfMom	0.047084774	0	0	0	0	0	0	0	0	0	0	0	0	0	0	0
S(5,0)SumAverg	66.0665	0	0	0	0	0	0	0	0	0	0	0	0	0	0	0
S(5,0)SumVarnc	673.4443	0	0	0	0	0	0	0	0	0	0	0	0	0	0	0
S(5,0)SumEntrp	2.0203764	0	0	0	0	0	0	0	0	0	0	0	0	0	0	0
S(5,0)Entropy	3.599407	0	0	0	0	0	0	0	0	0	0	0	0	0	0	0
S(5,0)DifVarnc	223.55289	0	0	0	0	0	0	0	0	0	0	0	0	0	0	0
S(5,0)DifEntrp	1.7235344	0	0	0	0	0	0	0	0	0	0	0	0	0	0	0
_Area_S(0,5)	128512	0	0	0	0	0	0	0	0	0	0	0	0	0	0	0
S(0,5)AngScMom	0.00025881269	0	0	0	0	0	0	0	0	0	0	0	0	0	0	0
S(0,5)Contrast	671.12432	0	0	0	0	0	0	0	0	0	0	0	0	0	0	0
S(0,5)Correlat	0.00062097255	0	0	0	0	0	0	0	0	0	0	0	0	0	0	0
S(0,5)SumOfSqs	335.77066	0	0	0	0	0	0	0	0	0	0	0	0	0	0	0
S(0,5)InvDfMom	0.046625604	0	0	0	0	0	0	0	0	0	0	0	0	0	0	0
S(0,5)SumAverg	66.07246	0	0	0	0	0	0	0	0	0	0	0	0	0	0	0
S(0,5)SumVarnc	671.95833	0	0	0	0	0	0	0	0	0	0	0	0	0	0	0
S(0,5)SumEntrp	2.0196634	0	0	0	0	0	0	0	0	0	0	0	0	0	0	0
S(0,5)Entropy	3.5992578	0	0	0	0	0	0	0	0	0	0	0	0	0	0	0
S(0,5)DifVarnc	223.72835	0	0	0	0	0	0	0	0	0	0	0	0	0	0	0
S(0,5)DifEntrp	1.7233963	0	0	0	0	0	0	0	0	0	0	0	0	0	0	0
_Area_S(5,5)	126002	0	0	0	0	0	0	0	0	0	0	0	0	0	0	0
S(5,5)AngScMom	0.00025924901	0	0	0	0	0	0	0	0	0	0	0	0	0	0	0
S(5,5)Contrast	669.62993	0	0	0	0	0	0	0	0	0	0	0	0	0	0	0
S(5,5)Correlat	0.0026087509	0	0	0	0	0	0	0	0	0	0	0	0	0	0	0
S(5,5)SumOfSqs	335.6907	0	0	0	0	0	0	0	0	0	0	0	0	0	0	0
S(5,5)InvDfMom	0.046652233	0	0	0	0	0	0	0	0	0	0	0	0	0	0	0
S(5,5)SumAverg	66.082776	0	0	0	0	0	0	0	0	0	0	0	0	0	0	0
S(5,5)SumVarnc	673.13286	0	0	0	0	0	0	0	0	0	0	0	0	0	0	0
S(5,5)SumEntrp	2.0203512	0	0	0	0	0	0	0	0	0	0	0	0	0	0	0
S(5,5)Entropy	3.5988223	0	0	0	0	0	0	0	0	0	0	0	0	0	0	0
S(5,5)DifVarnc	223.42005	0	0	0	0	0	0	0	0	0	0	0	0	0	0	0
S(5,5)DifEntrp	1.7231236	0	0	0	0	0	0	0	0	0	0	0	0	0	0	0
_Area_S(5,-5)	126002	0	0	0	0	0	0	0	0	0	0	0	0	0	0	0
S(5,-5)AngScMom	0.00025891619	0	0	0	0	0	0	0	0	0	0	0	0	0	0	0
S(5,-5)Contrast	670.19554	0	0	0	0	0	0	0	0	0	0	0	0	0	0	0
S(5,-5)Correlat	0.0018673861	0	0	0	0	0	0	0	0	0	0	0	0	0	0	0
S(5,-5)SumOfSqs	335.7247	0	0	0	0	0	0	0	0	0	0	0	0	0	0	0
S(5,-5)InvDfMom	0.048014119	0	0	0	0	0	0	0	0	0	0	0	0	0	0	0
S(5,-5)SumAverg	66.075983	0	0	0	0	0	0	0	0	0	0	0	0	0	0	0
S(5,-5)SumVarnc	672.70325	0	0	0	0	0	0	0	0	0	0	0	0	0	0	0
S(5,-5)SumEntrp	2.0202222	0	0	0	0	0	0	0	0	0	0	0	0	0	0	0
S(5,-5)Entropy	3.5991626	0	0	0	0	0	0	0	0	0	0	0	0	0	0	0
S(5,-5)DifVarnc	224.15865	0	0	0	0	0	0	0	0	0	0	0	0	0	0	0
S(5,-5)DifEntrp	1.7234904	0	0	0	0	0	0	0	0	0	0	0	0	0	0	0
Horzl_RLNonUni	60970.483	0	0	0	0	0	0	0	0	0	0	0	0	0	0	0
Horzl_GLevNonU	1012.2934	0	0	0	0	0	0	0	0	0	0	0	0	0	0	0
Horzl_LngREmph	1.0769255	0	0	0	0	0	0	0	0	0	0	0	0	0	0	0
Horzl_ShrtREmp	0.9820045	0	0	0	0	0	0	0	0	0	0	0	0	0	0	0
Horzl_Fraction	0.97572327	0	0	0	0	0	0	0	0	0	0	0	0	0	0	0
Vertl_RLNonUni	62420.986	0	0	0	0	0	0	0	0	0	0	0	0	0	0	0
Vertl_GLevNonU	1021.3352	0	0	0	0	0	0	0	0	0	0	0	0	0	0	0
Vertl_LngREmph	1.0501923	0	0	0	0	0	0	0	0	0	0	0	0	0	0	0
Vertl_ShrtREmp	0.98783107	0	0	0	0	0	0	0	0	0	0	0	0	0	0	0
Vertl_Fraction	0.98376465	0	0	0	0	0	0	0	0	0	0	0	0	0	0	0
45dgr_RLNonUni	62636.623	0	0	0	0	0	0	0	0	0	0	0	0	0	0	0
45dgr_GLevNonU	1022.5968	0	0	0	0	0	0	0	0	0	0	0	0	0	0	0
45dgr_LngREmph	1.046477	0	0	0	0	0	0	0	0	0	0	0	0	0	0	0
45dgr_ShrtREmp	0.98869059	0	0	0	0	0	0	0	0	0	0	0	0	0	0	0
45dgr_Fraction	0.98492432	0	0	0	0	0	0	0	0	0	0	0	0	0	0	0
135dr_RLNonUni	62562.993	0	0	0	0	0	0	0	0	0	0	0	0	0	0	0
135dr_GLevNonU	1022.1094	0	0	0	0	0	0	0	0	0	0	0	0	0	0	0
135dr_LngREmph	1.0478449	0	0	0	0	0	0	0	0	0	0	0	0	0	0	0
135dr_ShrtREmp	0.98840042	0	0	0	0	0	0	0	0	0	0	0	0	0	0	0
135dr_Fraction	0.98451233	0	0	0	0	0	0	0	0	0	0	0	0	0	0	0
_AreaGr	64516	0	0	0	0	0	0	0	0	0	0	0	0	0	0	0
GrMean	8.1639068	0	0	0	0	0	0	0	0	0	0	0	0	0	0	0
GrVariance	15.168145	0	0	0	0	0	0	0	0	0	0	0	0	0	0	0
GrSkewness	0.19320059	0	0	0	0	0	0	0	0	0	0	0	0	0	0	0
GrKurtosis	-0.63919597	0	0	0	0	0	0	0	0	0	0	0	0	0	0	0
GrNonZeros	0.99584599	0	0	0	0	0	0	0	0	0	0	0	0	0	0	0
_AreaARM	64770	0	0	0	0	0	0	0	0	0	0	0	0	0	0	0
Teta1	0.11642693	0	0	0	0	0	0	0	0	0	0	0	0	0	0	0
Teta2	0.0011951731	0	0	0	0	0	0	0	0	0	0	0	0	0	0	0
Teta3	0.0017389141	0	0	0	0	0	0	0	0	0	0	0	0	0	0	0
Teta4	-0.0036287178	0	0	0	0	0	0	0	0	0	0	0	0	0	0	0
Sigma	0.99272479	0	0	0	0	0	0	0	0	0	0	0	0	0	0	0
WavEnLL_s-1	18334.469	0	0	0	0	0	0	0	0	0	0	0	0	0	0	0
WavEnLH_s-1	1496.5849	0	0	0	0	0	0	0	0	0	0	0	0	0	0	0
WavEnHL_s-1	1188.219	0	0	0	0	0	0	0	0	0	0	0	0	0	0	0
WavEnHH_s-1	1178.7198	0	0	0	0	0	0	0	0	0	0	0	0	0	0	0
WavEnLL_s-2	17226.218	0	0	0	0	0	0	0	0	0	0	0	0	0	0	0
WavEnLH_s-2	415.47162	0	0	0	0	0	0	0	0	0	0	0	0	0	0	0
WavEnHL_s-2	349.6957	0	0	0	0	0	0	0	0	0	0	0	0	0	0	0
WavEnHH_s-2	343.08337	0	0	0	0	0	0	0	0	0	0	0	0	0	0	0
WavEnLL_s-3	16920.807	0	0	0	0	0	0	0	0	0	0	0	0	0	0	0
WavEnLH_s-3	110.20987	0	0	0	0	0	0	0	0	0	0	0	0	0	0	0
WavEnHL_s-3	94.968126	0	0	0	0	0	0	0	0	0	0	0	0	0	0	0
WavEnHH_s-3	100.2336	0	0	0	0	0	0	0	0	0	0	0	0	0	0	0
WavEnLL_s-4	16841.077	0	0	0	0	0	0	0	0	0	0	0	0	0	0	0
WavEnLH_s-4	27.784491	0	0	0	0	0	0	0	0	0	0	0	0	0	0	0
WavEnHL_s-4	28.57303	0	0	0	0	0	0	0	0	0	0	0	0	0	0	0
WavEnHH_s-4	23.371653	0	0	0	0	0	0	0	0	0	0	0	0	0	0	0
