Image File: linseeds1-a-p011.png 
ROI File: allred.roi 
Image size: 256 x 256
Min. lum.: 1
Max. lum.: 256
Bits/pixel: 8

Normalisation =  No
Histogram analysis = Yes
CO matrix analysis = Yes, Dimensions = 6 x 6, Distances = 1 2 3 4 5
RL matrix analysis = Yes, Dimension = 6
Gradient analysis = Yes, Max pixel value = 16
AR model analysis = Yes
Wavelet analysis = Yes

--------------- CLASS NAMES ----------------

----------------- FEATURES -----------------
_Area	65536	0	0	0	0	0	0	0	0	0	0	0	0	0	0	0
Mean	130.74503	0	0	0	0	0	0	0	0	0	0	0	0	0	0	0
Variance	5368.4863	0	0	0	0	0	0	0	0	0	0	0	0	0	0	0
Skewness	-0.018890029	0	0	0	0	0	0	0	0	0	0	0	0	0	0	0
Kurtosis	-1.183688	0	0	0	0	0	0	0	0	0	0	0	0	0	0	0
Perc.01%	3	0	0	0	0	0	0	0	0	0	0	0	0	0	0	0
Perc.10%	29	0	0	0	0	0	0	0	0	0	0	0	0	0	0	0
Perc.50%	131	0	0	0	0	0	0	0	0	0	0	0	0	0	0	0
Perc.90%	232	0	0	0	0	0	0	0	0	0	0	0	0	0	0	0
Perc.99%	254	0	0	0	0	0	0	0	0	0	0	0	0	0	0	0
_Area_S(1,0)	130560	0	0	0	0	0	0	0	0	0	0	0	0	0	0	0
S(1,0)AngScMom	0.0002805395	0	0	0	0	0	0	0	0	0	0	0	0	0	0	0
S(1,0)Contrast	588.95528	0	0	0	0	0	0	0	0	0	0	0	0	0	0	0
S(1,0)Correlat	0.12008233	0	0	0	0	0	0	0	0	0	0	0	0	0	0	0
S(1,0)SumOfSqs	334.665	0	0	0	0	0	0	0	0	0	0	0	0	0	0	0
S(1,0)InvDfMom	0.060723524	0	0	0	0	0	0	0	0	0	0	0	0	0	0	0
S(1,0)SumAverg	66.115732	0	0	0	0	0	0	0	0	0	0	0	0	0	0	0
S(1,0)SumVarnc	749.7047	0	0	0	0	0	0	0	0	0	0	0	0	0	0	0
S(1,0)SumEntrp	2.0386552	0	0	0	0	0	0	0	0	0	0	0	0	0	0	0
S(1,0)Entropy	3.5827358	0	0	0	0	0	0	0	0	0	0	0	0	0	0	0
S(1,0)DifVarnc	207.63095	0	0	0	0	0	0	0	0	0	0	0	0	0	0	0
S(1,0)DifEntrp	1.697302	0	0	0	0	0	0	0	0	0	0	0	0	0	0	0
_Area_S(0,1)	130560	0	0	0	0	0	0	0	0	0	0	0	0	0	0	0
S(0,1)AngScMom	0.00025737476	0	0	0	0	0	0	0	0	0	0	0	0	0	0	0
S(0,1)Contrast	669.86664	0	0	0	0	0	0	0	0	0	0	0	0	0	0	0
S(0,1)Correlat	-0.0012442205	0	0	0	0	0	0	0	0	0	0	0	0	0	0	0
S(0,1)SumOfSqs	334.5171	0	0	0	0	0	0	0	0	0	0	0	0	0	0	0
S(0,1)InvDfMom	0.048682733	0	0	0	0	0	0	0	0	0	0	0	0	0	0	0
S(0,1)SumAverg	66.124112	0	0	0	0	0	0	0	0	0	0	0	0	0	0	0
S(0,1)SumVarnc	668.20178	0	0	0	0	0	0	0	0	0	0	0	0	0	0	0
S(0,1)SumEntrp	2.018764	0	0	0	0	0	0	0	0	0	0	0	0	0	0	0
S(0,1)Entropy	3.6005	0	0	0	0	0	0	0	0	0	0	0	0	0	0	0
S(0,1)DifVarnc	224.94749	0	0	0	0	0	0	0	0	0	0	0	0	0	0	0
S(0,1)DifEntrp	1.7236967	0	0	0	0	0	0	0	0	0	0	0	0	0	0	0
_Area_S(1,1)	130050	0	0	0	0	0	0	0	0	0	0	0	0	0	0	0
S(1,1)AngScMom	0.00025796342	0	0	0	0	0	0	0	0	0	0	0	0	0	0	0
S(1,1)Contrast	668.04535	0	0	0	0	0	0	0	0	0	0	0	0	0	0	0
S(1,1)Correlat	0.001575882	0	0	0	0	0	0	0	0	0	0	0	0	0	0	0
S(1,1)SumOfSqs	334.54989	0	0	0	0	0	0	0	0	0	0	0	0	0	0	0
S(1,1)InvDfMom	0.046935783	0	0	0	0	0	0	0	0	0	0	0	0	0	0	0
S(1,1)SumAverg	66.12649	0	0	0	0	0	0	0	0	0	0	0	0	0	0	0
S(1,1)SumVarnc	670.1542	0	0	0	0	0	0	0	0	0	0	0	0	0	0	0
S(1,1)SumEntrp	2.0192576	0	0	0	0	0	0	0	0	0	0	0	0	0	0	0
S(1,1)Entropy	3.599969	0	0	0	0	0	0	0	0	0	0	0	0	0	0	0
S(1,1)DifVarnc	223.03943	0	0	0	0	0	0	0	0	0	0	0	0	0	0	0
S(1,1)DifEntrp	1.7227967	0	0	0	0	0	0	0	0	0	0	0	0	0	0	0
_Area_S(1,-1)	130050	0	0	0	0	0	0	0	0	0	0	0	0	0	0	0
S(1,-1)AngScMom	0.00025791068	0	0	0	0	0	0	0	0	0	0	0	0	0	0	0
S(1,-1)Contrast	669.31552	0	0	0	0	0	0	0	0	0	0	0	0	0	0	0
S(1,-1)Correlat	-0.00034646927	0	0	0	0	0	0	0	0	0	0	0	0	0	0	0
S(1,-1)SumOfSqs	334.54185	0	0	0	0	0	0	0	0	0	0	0	0	0	0	0
S(1,-1)InvDfMom	0.047873776	0	0	0	0	0	0	0	0	0	0	0	0	0	0	0
S(1,-1)SumAverg	66.127182	0	0	0	0	0	0	0	0	0	0	0	0	0	0	0
S(1,-1)SumVarnc	668.85189	0	0	0	0	0	0	0	0	0	0	0	0	0	0	0
S(1,-1)SumEntrp	2.0191082	0	0	0	0	0	0	0	0	0	0	0	0	0	0	0
S(1,-1)Entropy	3.5999841	0	0	0	0	0	0	0	0	0	0	0	0	0	0	0
S(1,-1)DifVarnc	224.21033	0	0	0	0	0	0	0	0	0	0	0	0	0	0	0
S(1,-1)DifEntrp	1.7232699	0	0	0	0	0	0	0	0	0	0	0	0	0	0	0
_Area_S(2,0)	130048	0	0	0	0	0	0	0	0	0	0	0	0	0	0	0
S(2,0)AngScMom	0.00026120766	0	0	0	0	0	0	0	0	0	0	0	0	0	0	0
S(2,0)Contrast	631.23351	0	0	0	0	0	0	0	0	0	0	0	0	0	0	0
S(2,0)Correlat	0.056859868	0	0	0	0	0	0	0	0	0	0	0	0	0	0	0
S(2,0)SumOfSqs	334.64461	0	0	0	0	0	0	0	0	0	0	0	0	0	0	0
S(2,0)InvDfMom	0.05188284	0	0	0	0	0	0	0	0	0	0	0	0	0	0	0
S(2,0)SumAverg	66.111528	0	0	0	0	0	0	0	0	0	0	0	0	0	0	0
S(2,0)SumVarnc	707.34491	0	0	0	0	0	0	0	0	0	0	0	0	0	0	0
S(2,0)SumEntrp	2.0295668	0	0	0	0	0	0	0	0	0	0	0	0	0	0	0
S(2,0)Entropy	3.5973682	0	0	0	0	0	0	0	0	0	0	0	0	0	0	0
S(2,0)DifVarnc	214.56989	0	0	0	0	0	0	0	0	0	0	0	0	0	0	0
S(2,0)DifEntrp	1.7120044	0	0	0	0	0	0	0	0	0	0	0	0	0	0	0
_Area_S(0,2)	130048	0	0	0	0	0	0	0	0	0	0	0	0	0	0	0
S(0,2)AngScMom	0.00025771119	0	0	0	0	0	0	0	0	0	0	0	0	0	0	0
S(0,2)Contrast	666.45789	0	0	0	0	0	0	0	0	0	0	0	0	0	0	0
S(0,2)Correlat	0.0034762066	0	0	0	0	0	0	0	0	0	0	0	0	0	0	0
S(0,2)SumOfSqs	334.39136	0	0	0	0	0	0	0	0	0	0	0	0	0	0	0
S(0,2)InvDfMom	0.04711162	0	0	0	0	0	0	0	0	0	0	0	0	0	0	0
S(0,2)SumAverg	66.102331	0	0	0	0	0	0	0	0	0	0	0	0	0	0	0
S(0,2)SumVarnc	671.10755	0	0	0	0	0	0	0	0	0	0	0	0	0	0	0
S(0,2)SumEntrp	2.0197105	0	0	0	0	0	0	0	0	0	0	0	0	0	0	0
S(0,2)Entropy	3.6002704	0	0	0	0	0	0	0	0	0	0	0	0	0	0	0
S(0,2)DifVarnc	221.63227	0	0	0	0	0	0	0	0	0	0	0	0	0	0	0
S(0,2)DifEntrp	1.722344	0	0	0	0	0	0	0	0	0	0	0	0	0	0	0
_Area_S(2,2)	129032	0	0	0	0	0	0	0	0	0	0	0	0	0	0	0
S(2,2)AngScMom	0.00025768633	0	0	0	0	0	0	0	0	0	0	0	0	0	0	0
S(2,2)Contrast	665.90362	0	0	0	0	0	0	0	0	0	0	0	0	0	0	0
S(2,2)Correlat	0.004344389	0	0	0	0	0	0	0	0	0	0	0	0	0	0	0
S(2,2)SumOfSqs	334.40459	0	0	0	0	0	0	0	0	0	0	0	0	0	0	0
S(2,2)InvDfMom	0.04728643	0	0	0	0	0	0	0	0	0	0	0	0	0	0	0
S(2,2)SumAverg	66.100285	0	0	0	0	0	0	0	0	0	0	0	0	0	0	0
S(2,2)SumVarnc	671.71476	0	0	0	0	0	0	0	0	0	0	0	0	0	0	0
S(2,2)SumEntrp	2.019615	0	0	0	0	0	0	0	0	0	0	0	0	0	0	0
S(2,2)Entropy	3.6002001	0	0	0	0	0	0	0	0	0	0	0	0	0	0	0
S(2,2)DifVarnc	222.91583	0	0	0	0	0	0	0	0	0	0	0	0	0	0	0
S(2,2)DifEntrp	1.7220708	0	0	0	0	0	0	0	0	0	0	0	0	0	0	0
_Area_S(2,-2)	129032	0	0	0	0	0	0	0	0	0	0	0	0	0	0	0
S(2,-2)AngScMom	0.00025787745	0	0	0	0	0	0	0	0	0	0	0	0	0	0	0
S(2,-2)Contrast	669.80293	0	0	0	0	0	0	0	0	0	0	0	0	0	0	0
S(2,-2)Correlat	-0.0014995822	0	0	0	0	0	0	0	0	0	0	0	0	0	0	0
S(2,-2)SumOfSqs	334.40001	0	0	0	0	0	0	0	0	0	0	0	0	0	0	0
S(2,-2)InvDfMom	0.047048866	0	0	0	0	0	0	0	0	0	0	0	0	0	0	0
S(2,-2)SumAverg	66.099665	0	0	0	0	0	0	0	0	0	0	0	0	0	0	0
S(2,-2)SumVarnc	667.79709	0	0	0	0	0	0	0	0	0	0	0	0	0	0	0
S(2,-2)SumEntrp	2.018929	0	0	0	0	0	0	0	0	0	0	0	0	0	0	0
S(2,-2)Entropy	3.6000365	0	0	0	0	0	0	0	0	0	0	0	0	0	0	0
S(2,-2)DifVarnc	224.03389	0	0	0	0	0	0	0	0	0	0	0	0	0	0	0
S(2,-2)DifEntrp	1.7231146	0	0	0	0	0	0	0	0	0	0	0	0	0	0	0
_Area_S(3,0)	129536	0	0	0	0	0	0	0	0	0	0	0	0	0	0	0
S(3,0)AngScMom	0.00025871024	0	0	0	0	0	0	0	0	0	0	0	0	0	0	0
S(3,0)Contrast	652.84295	0	0	0	0	0	0	0	0	0	0	0	0	0	0	0
S(3,0)Correlat	0.024520683	0	0	0	0	0	0	0	0	0	0	0	0	0	0	0
S(3,0)SumOfSqs	334.62675	0	0	0	0	0	0	0	0	0	0	0	0	0	0	0
S(3,0)InvDfMom	0.049459615	0	0	0	0	0	0	0	0	0	0	0	0	0	0	0
S(3,0)SumAverg	66.111042	0	0	0	0	0	0	0	0	0	0	0	0	0	0	0
S(3,0)SumVarnc	685.66405	0	0	0	0	0	0	0	0	0	0	0	0	0	0	0
S(3,0)SumEntrp	2.0238259	0	0	0	0	0	0	0	0	0	0	0	0	0	0	0
S(3,0)Entropy	3.599353	0	0	0	0	0	0	0	0	0	0	0	0	0	0	0
S(3,0)DifVarnc	219.69564	0	0	0	0	0	0	0	0	0	0	0	0	0	0	0
S(3,0)DifEntrp	1.7185199	0	0	0	0	0	0	0	0	0	0	0	0	0	0	0
_Area_S(0,3)	129536	0	0	0	0	0	0	0	0	0	0	0	0	0	0	0
S(0,3)AngScMom	0.0002581703	0	0	0	0	0	0	0	0	0	0	0	0	0	0	0
S(0,3)Contrast	670.81985	0	0	0	0	0	0	0	0	0	0	0	0	0	0	0
S(0,3)Correlat	-0.0027588588	0	0	0	0	0	0	0	0	0	0	0	0	0	0	0
S(0,3)SumOfSqs	334.48712	0	0	0	0	0	0	0	0	0	0	0	0	0	0	0
S(0,3)InvDfMom	0.047004899	0	0	0	0	0	0	0	0	0	0	0	0	0	0	0
S(0,3)SumAverg	66.094985	0	0	0	0	0	0	0	0	0	0	0	0	0	0	0
S(0,3)SumVarnc	667.12864	0	0	0	0	0	0	0	0	0	0	0	0	0	0	0
S(0,3)SumEntrp	2.0187132	0	0	0	0	0	0	0	0	0	0	0	0	0	0	0
S(0,3)Entropy	3.5998326	0	0	0	0	0	0	0	0	0	0	0	0	0	0	0
S(0,3)DifVarnc	223.70841	0	0	0	0	0	0	0	0	0	0	0	0	0	0	0
S(0,3)DifEntrp	1.723081	0	0	0	0	0	0	0	0	0	0	0	0	0	0	0
_Area_S(3,3)	128018	0	0	0	0	0	0	0	0	0	0	0	0	0	0	0
S(3,3)AngScMom	0.00025777588	0	0	0	0	0	0	0	0	0	0	0	0	0	0	0
S(3,3)Contrast	668.98697	0	0	0	0	0	0	0	0	0	0	0	0	0	0	0
S(3,3)Correlat	-1.3671734e-05	0	0	0	0	0	0	0	0	0	0	0	0	0	0	0
S(3,3)SumOfSqs	334.48891	0	0	0	0	0	0	0	0	0	0	0	0	0	0	0
S(3,3)InvDfMom	0.047387931	0	0	0	0	0	0	0	0	0	0	0	0	0	0	0
S(3,3)SumAverg	66.091753	0	0	0	0	0	0	0	0	0	0	0	0	0	0	0
S(3,3)SumVarnc	668.96868	0	0	0	0	0	0	0	0	0	0	0	0	0	0	0
S(3,3)SumEntrp	2.0191772	0	0	0	0	0	0	0	0	0	0	0	0	0	0	0
S(3,3)Entropy	3.6001706	0	0	0	0	0	0	0	0	0	0	0	0	0	0	0
S(3,3)DifVarnc	223.5336	0	0	0	0	0	0	0	0	0	0	0	0	0	0	0
S(3,3)DifEntrp	1.7229939	0	0	0	0	0	0	0	0	0	0	0	0	0	0	0
_Area_S(3,-3)	128018	0	0	0	0	0	0	0	0	0	0	0	0	0	0	0
S(3,-3)AngScMom	0.00025819679	0	0	0	0	0	0	0	0	0	0	0	0	0	0	0
S(3,-3)Contrast	665.31088	0	0	0	0	0	0	0	0	0	0	0	0	0	0	0
S(3,-3)Correlat	0.005450326	0	0	0	0	0	0	0	0	0	0	0	0	0	0	0
S(3,-3)SumOfSqs	334.47846	0	0	0	0	0	0	0	0	0	0	0	0	0	0	0
S(3,-3)InvDfMom	0.047243403	0	0	0	0	0	0	0	0	0	0	0	0	0	0	0
S(3,-3)SumAverg	66.092706	0	0	0	0	0	0	0	0	0	0	0	0	0	0	0
S(3,-3)SumVarnc	672.60294	0	0	0	0	0	0	0	0	0	0	0	0	0	0	0
S(3,-3)SumEntrp	2.0199936	0	0	0	0	0	0	0	0	0	0	0	0	0	0	0
S(3,-3)Entropy	3.5996925	0	0	0	0	0	0	0	0	0	0	0	0	0	0	0
S(3,-3)DifVarnc	222.39084	0	0	0	0	0	0	0	0	0	0	0	0	0	0	0
S(3,-3)DifEntrp	1.7221878	0	0	0	0	0	0	0	0	0	0	0	0	0	0	0
_Area_S(4,0)	129024	0	0	0	0	0	0	0	0	0	0	0	0	0	0	0
S(4,0)AngScMom	0.00025840465	0	0	0	0	0	0	0	0	0	0	0	0	0	0	0
S(4,0)Contrast	658.74481	0	0	0	0	0	0	0	0	0	0	0	0	0	0	0
S(4,0)Correlat	0.015941719	0	0	0	0	0	0	0	0	0	0	0	0	0	0	0
S(4,0)SumOfSqs	334.70823	0	0	0	0	0	0	0	0	0	0	0	0	0	0	0
S(4,0)InvDfMom	0.048775709	0	0	0	0	0	0	0	0	0	0	0	0	0	0	0
S(4,0)SumAverg	66.111158	0	0	0	0	0	0	0	0	0	0	0	0	0	0	0
S(4,0)SumVarnc	680.08811	0	0	0	0	0	0	0	0	0	0	0	0	0	0	0
S(4,0)SumEntrp	2.0223007	0	0	0	0	0	0	0	0	0	0	0	0	0	0	0
S(4,0)Entropy	3.5996073	0	0	0	0	0	0	0	0	0	0	0	0	0	0	0
S(4,0)DifVarnc	220.48338	0	0	0	0	0	0	0	0	0	0	0	0	0	0	0
S(4,0)DifEntrp	1.7203008	0	0	0	0	0	0	0	0	0	0	0	0	0	0	0
_Area_S(0,4)	129024	0	0	0	0	0	0	0	0	0	0	0	0	0	0	0
S(0,4)AngScMom	0.00025782029	0	0	0	0	0	0	0	0	0	0	0	0	0	0	0
S(0,4)Contrast	664.25257	0	0	0	0	0	0	0	0	0	0	0	0	0	0	0
S(0,4)Correlat	0.0069409234	0	0	0	0	0	0	0	0	0	0	0	0	0	0	0
S(0,4)SumOfSqs	334.44766	0	0	0	0	0	0	0	0	0	0	0	0	0	0	0
S(0,4)InvDfMom	0.048594191	0	0	0	0	0	0	0	0	0	0	0	0	0	0	0
S(0,4)SumAverg	66.092975	0	0	0	0	0	0	0	0	0	0	0	0	0	0	0
S(0,4)SumVarnc	673.53808	0	0	0	0	0	0	0	0	0	0	0	0	0	0	0
S(0,4)SumEntrp	2.0205034	0	0	0	0	0	0	0	0	0	0	0	0	0	0	0
S(0,4)Entropy	3.6000869	0	0	0	0	0	0	0	0	0	0	0	0	0	0	0
S(0,4)DifVarnc	222.91397	0	0	0	0	0	0	0	0	0	0	0	0	0	0	0
S(0,4)DifEntrp	1.721402	0	0	0	0	0	0	0	0	0	0	0	0	0	0	0
_Area_S(4,4)	127008	0	0	0	0	0	0	0	0	0	0	0	0	0	0	0
S(4,4)AngScMom	0.00025795609	0	0	0	0	0	0	0	0	0	0	0	0	0	0	0
S(4,4)Contrast	665.66295	0	0	0	0	0	0	0	0	0	0	0	0	0	0	0
S(4,4)Correlat	0.0050815864	0	0	0	0	0	0	0	0	0	0	0	0	0	0	0
S(4,4)SumOfSqs	334.53143	0	0	0	0	0	0	0	0	0	0	0	0	0	0	0
S(4,4)InvDfMom	0.046435077	0	0	0	0	0	0	0	0	0	0	0	0	0	0	0
S(4,4)SumAverg	66.089916	0	0	0	0	0	0	0	0	0	0	0	0	0	0	0
S(4,4)SumVarnc	672.46275	0	0	0	0	0	0	0	0	0	0	0	0	0	0	0
S(4,4)SumEntrp	2.0198734	0	0	0	0	0	0	0	0	0	0	0	0	0	0	0
S(4,4)Entropy	3.6000597	0	0	0	0	0	0	0	0	0	0	0	0	0	0	0
S(4,4)DifVarnc	220.92756	0	0	0	0	0	0	0	0	0	0	0	0	0	0	0
S(4,4)DifEntrp	1.7221261	0	0	0	0	0	0	0	0	0	0	0	0	0	0	0
_Area_S(4,-4)	127008	0	0	0	0	0	0	0	0	0	0	0	0	0	0	0
S(4,-4)AngScMom	0.00025750466	0	0	0	0	0	0	0	0	0	0	0	0	0	0	0
S(4,-4)Contrast	665.7566	0	0	0	0	0	0	0	0	0	0	0	0	0	0	0
S(4,-4)Correlat	0.0048788157	0	0	0	0	0	0	0	0	0	0	0	0	0	0	0
S(4,-4)SumOfSqs	334.51031	0	0	0	0	0	0	0	0	0	0	0	0	0	0	0
S(4,-4)InvDfMom	0.048279665	0	0	0	0	0	0	0	0	0	0	0	0	0	0	0
S(4,-4)SumAverg	66.090341	0	0	0	0	0	0	0	0	0	0	0	0	0	0	0
S(4,-4)SumVarnc	672.28465	0	0	0	0	0	0	0	0	0	0	0	0	0	0	0
S(4,-4)SumEntrp	2.019857	0	0	0	0	0	0	0	0	0	0	0	0	0	0	0
S(4,-4)Entropy	3.6004447	0	0	0	0	0	0	0	0	0	0	0	0	0	0	0
S(4,-4)DifVarnc	223.1513	0	0	0	0	0	0	0	0	0	0	0	0	0	0	0
S(4,-4)DifEntrp	1.7221769	0	0	0	0	0	0	0	0	0	0	0	0	0	0	0
_Area_S(5,0)	128512	0	0	0	0	0	0	0	0	0	0	0	0	0	0	0
S(5,0)AngScMom	0.00025776614	0	0	0	0	0	0	0	0	0	0	0	0	0	0	0
S(5,0)Contrast	661.86487	0	0	0	0	0	0	0	0	0	0	0	0	0	0	0
S(5,0)Correlat	0.011367522	0	0	0	0	0	0	0	0	0	0	0	0	0	0	0
S(5,0)SumOfSqs	334.73757	0	0	0	0	0	0	0	0	0	0	0	0	0	0	0
S(5,0)InvDfMom	0.047782715	0	0	0	0	0	0	0	0	0	0	0	0	0	0	0
S(5,0)SumAverg	66.116798	0	0	0	0	0	0	0	0	0	0	0	0	0	0	0
S(5,0)SumVarnc	677.08542	0	0	0	0	0	0	0	0	0	0	0	0	0	0	0
S(5,0)SumEntrp	2.0217048	0	0	0	0	0	0	0	0	0	0	0	0	0	0	0
S(5,0)Entropy	3.6002858	0	0	0	0	0	0	0	0	0	0	0	0	0	0	0
S(5,0)DifVarnc	221.08381	0	0	0	0	0	0	0	0	0	0	0	0	0	0	0
S(5,0)DifEntrp	1.7211032	0	0	0	0	0	0	0	0	0	0	0	0	0	0	0
_Area_S(0,5)	128512	0	0	0	0	0	0	0	0	0	0	0	0	0	0	0
S(0,5)AngScMom	0.00025783553	0	0	0	0	0	0	0	0	0	0	0	0	0	0	0
S(0,5)Contrast	661.90504	0	0	0	0	0	0	0	0	0	0	0	0	0	0	0
S(0,5)Correlat	0.010565973	0	0	0	0	0	0	0	0	0	0	0	0	0	0	0
S(0,5)SumOfSqs	334.4867	0	0	0	0	0	0	0	0	0	0	0	0	0	0	0
S(0,5)InvDfMom	0.047674908	0	0	0	0	0	0	0	0	0	0	0	0	0	0	0
S(0,5)SumAverg	66.091976	0	0	0	0	0	0	0	0	0	0	0	0	0	0	0
S(0,5)SumVarnc	676.04175	0	0	0	0	0	0	0	0	0	0	0	0	0	0	0
S(0,5)SumEntrp	2.0208904	0	0	0	0	0	0	0	0	0	0	0	0	0	0	0
S(0,5)Entropy	3.6001219	0	0	0	0	0	0	0	0	0	0	0	0	0	0	0
S(0,5)DifVarnc	221.95154	0	0	0	0	0	0	0	0	0	0	0	0	0	0	0
S(0,5)DifEntrp	1.7212533	0	0	0	0	0	0	0	0	0	0	0	0	0	0	0
_Area_S(5,5)	126002	0	0	0	0	0	0	0	0	0	0	0	0	0	0	0
S(5,5)AngScMom	0.00025763858	0	0	0	0	0	0	0	0	0	0	0	0	0	0	0
S(5,5)Contrast	665.72139	0	0	0	0	0	0	0	0	0	0	0	0	0	0	0
S(5,5)Correlat	0.0051723922	0	0	0	0	0	0	0	0	0	0	0	0	0	0	0
S(5,5)SumOfSqs	334.59133	0	0	0	0	0	0	0	0	0	0	0	0	0	0	0
S(5,5)InvDfMom	0.047450007	0	0	0	0	0	0	0	0	0	0	0	0	0	0	0
S(5,5)SumAverg	66.095983	0	0	0	0	0	0	0	0	0	0	0	0	0	0	0
S(5,5)SumVarnc	672.64394	0	0	0	0	0	0	0	0	0	0	0	0	0	0	0
S(5,5)SumEntrp	2.020114	0	0	0	0	0	0	0	0	0	0	0	0	0	0	0
S(5,5)Entropy	3.6002201	0	0	0	0	0	0	0	0	0	0	0	0	0	0	0
S(5,5)DifVarnc	221.89157	0	0	0	0	0	0	0	0	0	0	0	0	0	0	0
S(5,5)DifEntrp	1.7222191	0	0	0	0	0	0	0	0	0	0	0	0	0	0	0
_Area_S(5,-5)	126002	0	0	0	0	0	0	0	0	0	0	0	0	0	0	0
S(5,-5)AngScMom	0.00025861336	0	0	0	0	0	0	0	0	0	0	0	0	0	0	0
S(5,-5)Contrast	667.02005	0	0	0	0	0	0	0	0	0	0	0	0	0	0	0
S(5,-5)Correlat	0.003201274	0	0	0	0	0	0	0	0	0	0	0	0	0	0	0
S(5,-5)SumOfSqs	334.58111	0	0	0	0	0	0	0	0	0	0	0	0	0	0	0
S(5,-5)InvDfMom	0.04663448	0	0	0	0	0	0	0	0	0	0	0	0	0	0	0
S(5,-5)SumAverg	66.095459	0	0	0	0	0	0	0	0	0	0	0	0	0	0	0
S(5,-5)SumVarnc	671.30439	0	0	0	0	0	0	0	0	0	0	0	0	0	0	0
S(5,-5)SumEntrp	2.0195048	0	0	0	0	0	0	0	0	0	0	0	0	0	0	0
S(5,-5)Entropy	3.5994731	0	0	0	0	0	0	0	0	0	0	0	0	0	0	0
S(5,-5)DifVarnc	221.7438	0	0	0	0	0	0	0	0	0	0	0	0	0	0	0
S(5,-5)DifEntrp	1.7221423	0	0	0	0	0	0	0	0	0	0	0	0	0	0	0
Horzl_RLNonUni	60972.786	0	0	0	0	0	0	0	0	0	0	0	0	0	0	0
Horzl_GLevNonU	1011.2047	0	0	0	0	0	0	0	0	0	0	0	0	0	0	0
Horzl_LngREmph	1.0756434	0	0	0	0	0	0	0	0	0	0	0	0	0	0	0
Horzl_ShrtREmp	0.98197624	0	0	0	0	0	0	0	0	0	0	0	0	0	0	0
Horzl_Fraction	0.97592163	0	0	0	0	0	0	0	0	0	0	0	0	0	0	0
Vertl_RLNonUni	62233.577	0	0	0	0	0	0	0	0	0	0	0	0	0	0	0
Vertl_GLevNonU	1018.509	0	0	0	0	0	0	0	0	0	0	0	0	0	0	0
Vertl_LngREmph	1.0528473	0	0	0	0	0	0	0	0	0	0	0	0	0	0	0
Vertl_ShrtREmp	0.98706418	0	0	0	0	0	0	0	0	0	0	0	0	0	0	0
Vertl_Fraction	0.98284912	0	0	0	0	0	0	0	0	0	0	0	0	0	0	0
45dgr_RLNonUni	62566.99	0	0	0	0	0	0	0	0	0	0	0	0	0	0	0
45dgr_GLevNonU	1020.1353	0	0	0	0	0	0	0	0	0	0	0	0	0	0	0
45dgr_LngREmph	1.0477504	0	0	0	0	0	0	0	0	0	0	0	0	0	0	0
45dgr_ShrtREmp	0.98841595	0	0	0	0	0	0	0	0	0	0	0	0	0	0	0
45dgr_Fraction	0.98454285	0	0	0	0	0	0	0	0	0	0	0	0	0	0	0
135dr_RLNonUni	62420.111	0	0	0	0	0	0	0	0	0	0	0	0	0	0	0
135dr_GLevNonU	1019.5452	0	0	0	0	0	0	0	0	0	0	0	0	0	0	0
135dr_LngREmph	1.050083	0	0	0	0	0	0	0	0	0	0	0	0	0	0	0
135dr_ShrtREmp	0.98782393	0	0	0	0	0	0	0	0	0	0	0	0	0	0	0
135dr_Fraction	0.98377991	0	0	0	0	0	0	0	0	0	0	0	0	0	0	0
_AreaGr	64516	0	0	0	0	0	0	0	0	0	0	0	0	0	0	0
GrMean	8.0932634	0	0	0	0	0	0	0	0	0	0	0	0	0	0	0
GrVariance	15.132078	0	0	0	0	0	0	0	0	0	0	0	0	0	0	0
GrSkewness	0.20020314	0	0	0	0	0	0	0	0	0	0	0	0	0	0	0
GrKurtosis	-0.63593225	0	0	0	0	0	0	0	0	0	0	0	0	0	0	0
GrNonZeros	0.99562899	0	0	0	0	0	0	0	0	0	0	0	0	0	0	0
_AreaARM	64770	0	0	0	0	0	0	0	0	0	0	0	0	0	0	0
Teta1	0.12013117	0	0	0	0	0	0	0	0	0	0	0	0	0	0	0
Teta2	-6.8588576e-05	0	0	0	0	0	0	0	0	0	0	0	0	0	0	0
Teta3	-0.0020138034	0	0	0	0	0	0	0	0	0	0	0	0	0	0	0
Teta4	0.002415325	0	0	0	0	0	0	0	0	0	0	0	0	0	0	0
Sigma	0.99232695	0	0	0	0	0	0	0	0	0	0	0	0	0	0	0
WavEnLL_s-1	18323.647	0	0	0	0	0	0	0	0	0	0	0	0	0	0	0
WavEnLH_s-1	1528.3634	0	0	0	0	0	0	0	0	0	0	0	0	0	0	0
WavEnHL_s-1	1169.1894	0	0	0	0	0	0	0	0	0	0	0	0	0	0	0
WavEnHH_s-1	1181.0586	0	0	0	0	0	0	0	0	0	0	0	0	0	0	0
WavEnLL_s-2	17256.114	0	0	0	0	0	0	0	0	0	0	0	0	0	0	0
WavEnLH_s-2	403.41609	0	0	0	0	0	0	0	0	0	0	0	0	0	0	0
WavEnHL_s-2	332.73582	0	0	0	0	0	0	0	0	0	0	0	0	0	0	0
WavEnHH_s-2	331.38047	0	0	0	0	0	0	0	0	0	0	0	0	0	0	0
WavEnLL_s-3	16953.343	0	0	0	0	0	0	0	0	0	0	0	0	0	0	0
WavEnLH_s-3	104.54551	0	0	0	0	0	0	0	0	0	0	0	0	0	0	0
WavEnHL_s-3	103.65878	0	0	0	0	0	0	0	0	0	0	0	0	0	0	0
WavEnHH_s-3	94.566424	0	0	0	0	0	0	0	0	0	0	0	0	0	0	0
WavEnLL_s-4	16868.219	0	0	0	0	0	0	0	0	0	0	0	0	0	0	0
WavEnLH_s-4	32.752274	0	0	0	0	0	0	0	0	0	0	0	0	0	0	0
WavEnHL_s-4	27.172967	0	0	0	0	0	0	0	0	0	0	0	0	0	0	0
WavEnHH_s-4	25.199523	0	0	0	0	0	0	0	0	0	0	0	0	0	0	0
