Image File: linseeds1-a-p034.png 
ROI File: allred.roi 
Image size: 256 x 256
Min. lum.: 1
Max. lum.: 256
Bits/pixel: 8

Normalisation =  No
Histogram analysis = Yes
CO matrix analysis = Yes, Dimensions = 6 x 6, Distances = 1 2 3 4 5
RL matrix analysis = Yes, Dimension = 6
Gradient analysis = Yes, Max pixel value = 16
AR model analysis = Yes
Wavelet analysis = Yes

--------------- CLASS NAMES ----------------

----------------- FEATURES -----------------
_Area	65536	0	0	0	0	0	0	0	0	0	0	0	0	0	0	0
Mean	132.2359	0	0	0	0	0	0	0	0	0	0	0	0	0	0	0
Variance	5382.4284	0	0	0	0	0	0	0	0	0	0	0	0	0	0	0
Skewness	-0.032125151	0	0	0	0	0	0	0	0	0	0	0	0	0	0	0
Kurtosis	-1.1811893	0	0	0	0	0	0	0	0	0	0	0	0	0	0	0
Perc.01%	3	0	0	0	0	0	0	0	0	0	0	0	0	0	0	0
Perc.10%	31	0	0	0	0	0	0	0	0	0	0	0	0	0	0	0
Perc.50%	133	0	0	0	0	0	0	0	0	0	0	0	0	0	0	0
Perc.90%	234	0	0	0	0	0	0	0	0	0	0	0	0	0	0	0
Perc.99%	254	0	0	0	0	0	0	0	0	0	0	0	0	0	0	0
_Area_S(1,0)	130560	0	0	0	0	0	0	0	0	0	0	0	0	0	0	0
S(1,0)AngScMom	0.00028121872	0	0	0	0	0	0	0	0	0	0	0	0	0	0	0
S(1,0)Contrast	601.40671	0	0	0	0	0	0	0	0	0	0	0	0	0	0	0
S(1,0)Correlat	0.10415746	0	0	0	0	0	0	0	0	0	0	0	0	0	0	0
S(1,0)SumOfSqs	335.66541	0	0	0	0	0	0	0	0	0	0	0	0	0	0	0
S(1,0)InvDfMom	0.057671921	0	0	0	0	0	0	0	0	0	0	0	0	0	0	0
S(1,0)SumAverg	66.849632	0	0	0	0	0	0	0	0	0	0	0	0	0	0	0
S(1,0)SumVarnc	741.25493	0	0	0	0	0	0	0	0	0	0	0	0	0	0	0
S(1,0)SumEntrp	2.0364655	0	0	0	0	0	0	0	0	0	0	0	0	0	0	0
S(1,0)Entropy	3.5833782	0	0	0	0	0	0	0	0	0	0	0	0	0	0	0
S(1,0)DifVarnc	209.32182	0	0	0	0	0	0	0	0	0	0	0	0	0	0	0
S(1,0)DifEntrp	1.7016383	0	0	0	0	0	0	0	0	0	0	0	0	0	0	0
_Area_S(0,1)	130560	0	0	0	0	0	0	0	0	0	0	0	0	0	0	0
S(0,1)AngScMom	0.0002587345	0	0	0	0	0	0	0	0	0	0	0	0	0	0	0
S(0,1)Contrast	675.61922	0	0	0	0	0	0	0	0	0	0	0	0	0	0	0
S(0,1)Correlat	-0.0070829972	0	0	0	0	0	0	0	0	0	0	0	0	0	0	0
S(0,1)SumOfSqs	335.43374	0	0	0	0	0	0	0	0	0	0	0	0	0	0	0
S(0,1)InvDfMom	0.045931398	0	0	0	0	0	0	0	0	0	0	0	0	0	0	0
S(0,1)SumAverg	66.859819	0	0	0	0	0	0	0	0	0	0	0	0	0	0	0
S(0,1)SumVarnc	666.11572	0	0	0	0	0	0	0	0	0	0	0	0	0	0	0
S(0,1)SumEntrp	2.0182045	0	0	0	0	0	0	0	0	0	0	0	0	0	0	0
S(0,1)Entropy	3.599244	0	0	0	0	0	0	0	0	0	0	0	0	0	0	0
S(0,1)DifVarnc	224.70298	0	0	0	0	0	0	0	0	0	0	0	0	0	0	0
S(0,1)DifEntrp	1.7248254	0	0	0	0	0	0	0	0	0	0	0	0	0	0	0
_Area_S(1,1)	130050	0	0	0	0	0	0	0	0	0	0	0	0	0	0	0
S(1,1)AngScMom	0.00025903928	0	0	0	0	0	0	0	0	0	0	0	0	0	0	0
S(1,1)Contrast	671.28506	0	0	0	0	0	0	0	0	0	0	0	0	0	0	0
S(1,1)Correlat	-0.00054459455	0	0	0	0	0	0	0	0	0	0	0	0	0	0	0
S(1,1)SumOfSqs	335.45984	0	0	0	0	0	0	0	0	0	0	0	0	0	0	0
S(1,1)InvDfMom	0.047270172	0	0	0	0	0	0	0	0	0	0	0	0	0	0	0
S(1,1)SumAverg	66.858793	0	0	0	0	0	0	0	0	0	0	0	0	0	0	0
S(1,1)SumVarnc	670.5543	0	0	0	0	0	0	0	0	0	0	0	0	0	0	0
S(1,1)SumEntrp	2.0193698	0	0	0	0	0	0	0	0	0	0	0	0	0	0	0
S(1,1)Entropy	3.5990428	0	0	0	0	0	0	0	0	0	0	0	0	0	0	0
S(1,1)DifVarnc	224.21736	0	0	0	0	0	0	0	0	0	0	0	0	0	0	0
S(1,1)DifEntrp	1.7237839	0	0	0	0	0	0	0	0	0	0	0	0	0	0	0
_Area_S(1,-1)	130050	0	0	0	0	0	0	0	0	0	0	0	0	0	0	0
S(1,-1)AngScMom	0.0002588541	0	0	0	0	0	0	0	0	0	0	0	0	0	0	0
S(1,-1)Contrast	671.65855	0	0	0	0	0	0	0	0	0	0	0	0	0	0	0
S(1,-1)Correlat	-0.0011282132	0	0	0	0	0	0	0	0	0	0	0	0	0	0	0
S(1,-1)SumOfSqs	335.45081	0	0	0	0	0	0	0	0	0	0	0	0	0	0	0
S(1,-1)InvDfMom	0.048320169	0	0	0	0	0	0	0	0	0	0	0	0	0	0	0
S(1,-1)SumAverg	66.858147	0	0	0	0	0	0	0	0	0	0	0	0	0	0	0
S(1,-1)SumVarnc	670.14471	0	0	0	0	0	0	0	0	0	0	0	0	0	0	0
S(1,-1)SumEntrp	2.019462	0	0	0	0	0	0	0	0	0	0	0	0	0	0	0
S(1,-1)Entropy	3.5992071	0	0	0	0	0	0	0	0	0	0	0	0	0	0	0
S(1,-1)DifVarnc	225.83862	0	0	0	0	0	0	0	0	0	0	0	0	0	0	0
S(1,-1)DifEntrp	1.7240562	0	0	0	0	0	0	0	0	0	0	0	0	0	0	0
_Area_S(2,0)	130048	0	0	0	0	0	0	0	0	0	0	0	0	0	0	0
S(2,0)AngScMom	0.00026229041	0	0	0	0	0	0	0	0	0	0	0	0	0	0	0
S(2,0)Contrast	638.0497	0	0	0	0	0	0	0	0	0	0	0	0	0	0	0
S(2,0)Correlat	0.049680875	0	0	0	0	0	0	0	0	0	0	0	0	0	0	0
S(2,0)SumOfSqs	335.70286	0	0	0	0	0	0	0	0	0	0	0	0	0	0	0
S(2,0)InvDfMom	0.050920791	0	0	0	0	0	0	0	0	0	0	0	0	0	0	0
S(2,0)SumAverg	66.843935	0	0	0	0	0	0	0	0	0	0	0	0	0	0	0
S(2,0)SumVarnc	704.76175	0	0	0	0	0	0	0	0	0	0	0	0	0	0	0
S(2,0)SumEntrp	2.0291038	0	0	0	0	0	0	0	0	0	0	0	0	0	0	0
S(2,0)Entropy	3.5966495	0	0	0	0	0	0	0	0	0	0	0	0	0	0	0
S(2,0)DifVarnc	216.60462	0	0	0	0	0	0	0	0	0	0	0	0	0	0	0
S(2,0)DifEntrp	1.7140528	0	0	0	0	0	0	0	0	0	0	0	0	0	0	0
_Area_S(0,2)	130048	0	0	0	0	0	0	0	0	0	0	0	0	0	0	0
S(0,2)AngScMom	0.00025861502	0	0	0	0	0	0	0	0	0	0	0	0	0	0	0
S(0,2)Contrast	669.24451	0	0	0	0	0	0	0	0	0	0	0	0	0	0	0
S(0,2)Correlat	0.0022394914	0	0	0	0	0	0	0	0	0	0	0	0	0	0	0
S(0,2)SumOfSqs	335.37332	0	0	0	0	0	0	0	0	0	0	0	0	0	0	0
S(0,2)InvDfMom	0.046905649	0	0	0	0	0	0	0	0	0	0	0	0	0	0	0
S(0,2)SumAverg	66.839798	0	0	0	0	0	0	0	0	0	0	0	0	0	0	0
S(0,2)SumVarnc	672.24877	0	0	0	0	0	0	0	0	0	0	0	0	0	0	0
S(0,2)SumEntrp	2.0198518	0	0	0	0	0	0	0	0	0	0	0	0	0	0	0
S(0,2)Entropy	3.599437	0	0	0	0	0	0	0	0	0	0	0	0	0	0	0
S(0,2)DifVarnc	223.54075	0	0	0	0	0	0	0	0	0	0	0	0	0	0	0
S(0,2)DifEntrp	1.7232329	0	0	0	0	0	0	0	0	0	0	0	0	0	0	0
_Area_S(2,2)	129032	0	0	0	0	0	0	0	0	0	0	0	0	0	0	0
S(2,2)AngScMom	0.00025845093	0	0	0	0	0	0	0	0	0	0	0	0	0	0	0
S(2,2)Contrast	669.01917	0	0	0	0	0	0	0	0	0	0	0	0	0	0	0
S(2,2)Correlat	0.0027872515	0	0	0	0	0	0	0	0	0	0	0	0	0	0	0
S(2,2)SumOfSqs	335.44456	0	0	0	0	0	0	0	0	0	0	0	0	0	0	0
S(2,2)InvDfMom	0.046361758	0	0	0	0	0	0	0	0	0	0	0	0	0	0	0
S(2,2)SumAverg	66.83463	0	0	0	0	0	0	0	0	0	0	0	0	0	0	0
S(2,2)SumVarnc	672.75905	0	0	0	0	0	0	0	0	0	0	0	0	0	0	0
S(2,2)SumEntrp	2.0202306	0	0	0	0	0	0	0	0	0	0	0	0	0	0	0
S(2,2)Entropy	3.5995375	0	0	0	0	0	0	0	0	0	0	0	0	0	0	0
S(2,2)DifVarnc	222.38248	0	0	0	0	0	0	0	0	0	0	0	0	0	0	0
S(2,2)DifEntrp	1.7230403	0	0	0	0	0	0	0	0	0	0	0	0	0	0	0
_Area_S(2,-2)	129032	0	0	0	0	0	0	0	0	0	0	0	0	0	0	0
S(2,-2)AngScMom	0.00025893071	0	0	0	0	0	0	0	0	0	0	0	0	0	0	0
S(2,-2)Contrast	666.22185	0	0	0	0	0	0	0	0	0	0	0	0	0	0	0
S(2,-2)Correlat	0.0068996258	0	0	0	0	0	0	0	0	0	0	0	0	0	0	0
S(2,-2)SumOfSqs	335.42523	0	0	0	0	0	0	0	0	0	0	0	0	0	0	0
S(2,-2)InvDfMom	0.046401937	0	0	0	0	0	0	0	0	0	0	0	0	0	0	0
S(2,-2)SumAverg	66.832491	0	0	0	0	0	0	0	0	0	0	0	0	0	0	0
S(2,-2)SumVarnc	675.47909	0	0	0	0	0	0	0	0	0	0	0	0	0	0	0
S(2,-2)SumEntrp	2.0208928	0	0	0	0	0	0	0	0	0	0	0	0	0	0	0
S(2,-2)Entropy	3.5991569	0	0	0	0	0	0	0	0	0	0	0	0	0	0	0
S(2,-2)DifVarnc	221.33531	0	0	0	0	0	0	0	0	0	0	0	0	0	0	0
S(2,-2)DifEntrp	1.7220967	0	0	0	0	0	0	0	0	0	0	0	0	0	0	0
_Area_S(3,0)	129536	0	0	0	0	0	0	0	0	0	0	0	0	0	0	0
S(3,0)AngScMom	0.00026002982	0	0	0	0	0	0	0	0	0	0	0	0	0	0	0
S(3,0)Contrast	657.62977	0	0	0	0	0	0	0	0	0	0	0	0	0	0	0
S(3,0)Correlat	0.020622114	0	0	0	0	0	0	0	0	0	0	0	0	0	0	0
S(3,0)SumOfSqs	335.73852	0	0	0	0	0	0	0	0	0	0	0	0	0	0	0
S(3,0)InvDfMom	0.048428628	0	0	0	0	0	0	0	0	0	0	0	0	0	0	0
S(3,0)SumAverg	66.841202	0	0	0	0	0	0	0	0	0	0	0	0	0	0	0
S(3,0)SumVarnc	685.32432	0	0	0	0	0	0	0	0	0	0	0	0	0	0	0
S(3,0)SumEntrp	2.0238282	0	0	0	0	0	0	0	0	0	0	0	0	0	0	0
S(3,0)Entropy	3.5983242	0	0	0	0	0	0	0	0	0	0	0	0	0	0	0
S(3,0)DifVarnc	220.39643	0	0	0	0	0	0	0	0	0	0	0	0	0	0	0
S(3,0)DifEntrp	1.7202187	0	0	0	0	0	0	0	0	0	0	0	0	0	0	0
_Area_S(0,3)	129536	0	0	0	0	0	0	0	0	0	0	0	0	0	0	0
S(0,3)AngScMom	0.00025926794	0	0	0	0	0	0	0	0	0	0	0	0	0	0	0
S(0,3)Contrast	670.43602	0	0	0	0	0	0	0	0	0	0	0	0	0	0	0
S(0,3)Correlat	0.0004900686	0	0	0	0	0	0	0	0	0	0	0	0	0	0	0
S(0,3)SumOfSqs	335.38237	0	0	0	0	0	0	0	0	0	0	0	0	0	0	0
S(0,3)InvDfMom	0.046444232	0	0	0	0	0	0	0	0	0	0	0	0	0	0	0
S(0,3)SumAverg	66.848691	0	0	0	0	0	0	0	0	0	0	0	0	0	0	0
S(0,3)SumVarnc	671.09346	0	0	0	0	0	0	0	0	0	0	0	0	0	0	0
S(0,3)SumEntrp	2.019871	0	0	0	0	0	0	0	0	0	0	0	0	0	0	0
S(0,3)Entropy	3.59883	0	0	0	0	0	0	0	0	0	0	0	0	0	0	0
S(0,3)DifVarnc	223.01372	0	0	0	0	0	0	0	0	0	0	0	0	0	0	0
S(0,3)DifEntrp	1.7233933	0	0	0	0	0	0	0	0	0	0	0	0	0	0	0
_Area_S(3,3)	128018	0	0	0	0	0	0	0	0	0	0	0	0	0	0	0
S(3,3)AngScMom	0.000258826	0	0	0	0	0	0	0	0	0	0	0	0	0	0	0
S(3,3)Contrast	669.55286	0	0	0	0	0	0	0	0	0	0	0	0	0	0	0
S(3,3)Correlat	0.0021557851	0	0	0	0	0	0	0	0	0	0	0	0	0	0	0
S(3,3)SumOfSqs	335.4997	0	0	0	0	0	0	0	0	0	0	0	0	0	0	0
S(3,3)InvDfMom	0.046673444	0	0	0	0	0	0	0	0	0	0	0	0	0	0	0
S(3,3)SumAverg	66.841647	0	0	0	0	0	0	0	0	0	0	0	0	0	0	0
S(3,3)SumVarnc	672.44592	0	0	0	0	0	0	0	0	0	0	0	0	0	0	0
S(3,3)SumEntrp	2.0200219	0	0	0	0	0	0	0	0	0	0	0	0	0	0	0
S(3,3)Entropy	3.5992634	0	0	0	0	0	0	0	0	0	0	0	0	0	0	0
S(3,3)DifVarnc	223.08465	0	0	0	0	0	0	0	0	0	0	0	0	0	0	0
S(3,3)DifEntrp	1.7233256	0	0	0	0	0	0	0	0	0	0	0	0	0	0	0
_Area_S(3,-3)	128018	0	0	0	0	0	0	0	0	0	0	0	0	0	0	0
S(3,-3)AngScMom	0.00025868322	0	0	0	0	0	0	0	0	0	0	0	0	0	0	0
S(3,-3)Contrast	670.17237	0	0	0	0	0	0	0	0	0	0	0	0	0	0	0
S(3,-3)Correlat	0.0011278348	0	0	0	0	0	0	0	0	0	0	0	0	0	0	0
S(3,-3)SumOfSqs	335.46453	0	0	0	0	0	0	0	0	0	0	0	0	0	0	0
S(3,-3)InvDfMom	0.04709651	0	0	0	0	0	0	0	0	0	0	0	0	0	0	0
S(3,-3)SumAverg	66.838179	0	0	0	0	0	0	0	0	0	0	0	0	0	0	0
S(3,-3)SumVarnc	671.68576	0	0	0	0	0	0	0	0	0	0	0	0	0	0	0
S(3,-3)SumEntrp	2.0199673	0	0	0	0	0	0	0	0	0	0	0	0	0	0	0
S(3,-3)Entropy	3.5994592	0	0	0	0	0	0	0	0	0	0	0	0	0	0	0
S(3,-3)DifVarnc	224.06061	0	0	0	0	0	0	0	0	0	0	0	0	0	0	0
S(3,-3)DifEntrp	1.7232653	0	0	0	0	0	0	0	0	0	0	0	0	0	0	0
_Area_S(4,0)	129024	0	0	0	0	0	0	0	0	0	0	0	0	0	0	0
S(4,0)AngScMom	0.00025881866	0	0	0	0	0	0	0	0	0	0	0	0	0	0	0
S(4,0)Contrast	663.45201	0	0	0	0	0	0	0	0	0	0	0	0	0	0	0
S(4,0)Correlat	0.011923917	0	0	0	0	0	0	0	0	0	0	0	0	0	0	0
S(4,0)SumOfSqs	335.72921	0	0	0	0	0	0	0	0	0	0	0	0	0	0	0
S(4,0)InvDfMom	0.048315764	0	0	0	0	0	0	0	0	0	0	0	0	0	0	0
S(4,0)SumAverg	66.851407	0	0	0	0	0	0	0	0	0	0	0	0	0	0	0
S(4,0)SumVarnc	679.46484	0	0	0	0	0	0	0	0	0	0	0	0	0	0	0
S(4,0)SumEntrp	2.0218112	0	0	0	0	0	0	0	0	0	0	0	0	0	0	0
S(4,0)Entropy	3.5992759	0	0	0	0	0	0	0	0	0	0	0	0	0	0	0
S(4,0)DifVarnc	223.3708	0	0	0	0	0	0	0	0	0	0	0	0	0	0	0
S(4,0)DifEntrp	1.7216861	0	0	0	0	0	0	0	0	0	0	0	0	0	0	0
_Area_S(0,4)	129024	0	0	0	0	0	0	0	0	0	0	0	0	0	0	0
S(0,4)AngScMom	0.0002586042	0	0	0	0	0	0	0	0	0	0	0	0	0	0	0
S(0,4)Contrast	669.72737	0	0	0	0	0	0	0	0	0	0	0	0	0	0	0
S(0,4)Correlat	0.0015182964	0	0	0	0	0	0	0	0	0	0	0	0	0	0	0
S(0,4)SumOfSqs	335.37288	0	0	0	0	0	0	0	0	0	0	0	0	0	0	0
S(0,4)InvDfMom	0.047418647	0	0	0	0	0	0	0	0	0	0	0	0	0	0	0
S(0,4)SumAverg	66.864118	0	0	0	0	0	0	0	0	0	0	0	0	0	0	0
S(0,4)SumVarnc	671.76415	0	0	0	0	0	0	0	0	0	0	0	0	0	0	0
S(0,4)SumEntrp	2.0194308	0	0	0	0	0	0	0	0	0	0	0	0	0	0	0
S(0,4)Entropy	3.5995166	0	0	0	0	0	0	0	0	0	0	0	0	0	0	0
S(0,4)DifVarnc	224.4619	0	0	0	0	0	0	0	0	0	0	0	0	0	0	0
S(0,4)DifEntrp	1.7236028	0	0	0	0	0	0	0	0	0	0	0	0	0	0	0
_Area_S(4,4)	127008	0	0	0	0	0	0	0	0	0	0	0	0	0	0	0
S(4,4)AngScMom	0.00025917821	0	0	0	0	0	0	0	0	0	0	0	0	0	0	0
S(4,4)Contrast	671.90168	0	0	0	0	0	0	0	0	0	0	0	0	0	0	0
S(4,4)Correlat	-0.0013931853	0	0	0	0	0	0	0	0	0	0	0	0	0	0	0
S(4,4)SumOfSqs	335.48345	0	0	0	0	0	0	0	0	0	0	0	0	0	0	0
S(4,4)InvDfMom	0.046875701	0	0	0	0	0	0	0	0	0	0	0	0	0	0	0
S(4,4)SumAverg	66.865741	0	0	0	0	0	0	0	0	0	0	0	0	0	0	0
S(4,4)SumVarnc	670.03211	0	0	0	0	0	0	0	0	0	0	0	0	0	0	0
S(4,4)SumEntrp	2.0192975	0	0	0	0	0	0	0	0	0	0	0	0	0	0	0
S(4,4)Entropy	3.5988668	0	0	0	0	0	0	0	0	0	0	0	0	0	0	0
S(4,4)DifVarnc	224.48165	0	0	0	0	0	0	0	0	0	0	0	0	0	0	0
S(4,4)DifEntrp	1.7240404	0	0	0	0	0	0	0	0	0	0	0	0	0	0	0
_Area_S(4,-4)	127008	0	0	0	0	0	0	0	0	0	0	0	0	0	0	0
S(4,-4)AngScMom	0.00025896	0	0	0	0	0	0	0	0	0	0	0	0	0	0	0
S(4,-4)Contrast	668.57505	0	0	0	0	0	0	0	0	0	0	0	0	0	0	0
S(4,-4)Correlat	0.0034251844	0	0	0	0	0	0	0	0	0	0	0	0	0	0	0
S(4,-4)SumOfSqs	335.43646	0	0	0	0	0	0	0	0	0	0	0	0	0	0	0
S(4,-4)InvDfMom	0.047071901	0	0	0	0	0	0	0	0	0	0	0	0	0	0	0
S(4,-4)SumAverg	66.863631	0	0	0	0	0	0	0	0	0	0	0	0	0	0	0
S(4,-4)SumVarnc	673.17078	0	0	0	0	0	0	0	0	0	0	0	0	0	0	0
S(4,-4)SumEntrp	2.0204212	0	0	0	0	0	0	0	0	0	0	0	0	0	0	0
S(4,-4)Entropy	3.5991747	0	0	0	0	0	0	0	0	0	0	0	0	0	0	0
S(4,-4)DifVarnc	223.03299	0	0	0	0	0	0	0	0	0	0	0	0	0	0	0
S(4,-4)DifEntrp	1.7230625	0	0	0	0	0	0	0	0	0	0	0	0	0	0	0
_Area_S(5,0)	128512	0	0	0	0	0	0	0	0	0	0	0	0	0	0	0
S(5,0)AngScMom	0.00025864835	0	0	0	0	0	0	0	0	0	0	0	0	0	0	0
S(5,0)Contrast	668.2486	0	0	0	0	0	0	0	0	0	0	0	0	0	0	0
S(5,0)Correlat	0.0048168067	0	0	0	0	0	0	0	0	0	0	0	0	0	0	0
S(5,0)SumOfSqs	335.7415	0	0	0	0	0	0	0	0	0	0	0	0	0	0	0
S(5,0)InvDfMom	0.046952959	0	0	0	0	0	0	0	0	0	0	0	0	0	0	0
S(5,0)SumAverg	66.850909	0	0	0	0	0	0	0	0	0	0	0	0	0	0	0
S(5,0)SumVarnc	674.71741	0	0	0	0	0	0	0	0	0	0	0	0	0	0	0
S(5,0)SumEntrp	2.0203737	0	0	0	0	0	0	0	0	0	0	0	0	0	0	0
S(5,0)Entropy	3.599299	0	0	0	0	0	0	0	0	0	0	0	0	0	0	0
S(5,0)DifVarnc	223.12896	0	0	0	0	0	0	0	0	0	0	0	0	0	0	0
S(5,0)DifEntrp	1.7230922	0	0	0	0	0	0	0	0	0	0	0	0	0	0	0
_Area_S(0,5)	128512	0	0	0	0	0	0	0	0	0	0	0	0	0	0	0
S(0,5)AngScMom	0.00025899882	0	0	0	0	0	0	0	0	0	0	0	0	0	0	0
S(0,5)Contrast	666.90376	0	0	0	0	0	0	0	0	0	0	0	0	0	0	0
S(0,5)Correlat	0.005673407	0	0	0	0	0	0	0	0	0	0	0	0	0	0	0
S(0,5)SumOfSqs	335.35448	0	0	0	0	0	0	0	0	0	0	0	0	0	0	0
S(0,5)InvDfMom	0.04808686	0	0	0	0	0	0	0	0	0	0	0	0	0	0	0
S(0,5)SumAverg	66.859219	0	0	0	0	0	0	0	0	0	0	0	0	0	0	0
S(0,5)SumVarnc	674.51417	0	0	0	0	0	0	0	0	0	0	0	0	0	0	0
S(0,5)SumEntrp	2.0205425	0	0	0	0	0	0	0	0	0	0	0	0	0	0	0
S(0,5)Entropy	3.5992094	0	0	0	0	0	0	0	0	0	0	0	0	0	0	0
S(0,5)DifVarnc	224.49863	0	0	0	0	0	0	0	0	0	0	0	0	0	0	0
S(0,5)DifEntrp	1.7225922	0	0	0	0	0	0	0	0	0	0	0	0	0	0	0
_Area_S(5,5)	126002	0	0	0	0	0	0	0	0	0	0	0	0	0	0	0
S(5,5)AngScMom	0.00025894958	0	0	0	0	0	0	0	0	0	0	0	0	0	0	0
S(5,5)Contrast	670.99049	0	0	0	0	0	0	0	0	0	0	0	0	0	0	0
S(5,5)Correlat	-6.9933117e-05	0	0	0	0	0	0	0	0	0	0	0	0	0	0	0
S(5,5)SumOfSqs	335.47179	0	0	0	0	0	0	0	0	0	0	0	0	0	0	0
S(5,5)InvDfMom	0.047447363	0	0	0	0	0	0	0	0	0	0	0	0	0	0	0
S(5,5)SumAverg	66.859415	0	0	0	0	0	0	0	0	0	0	0	0	0	0	0
S(5,5)SumVarnc	670.89665	0	0	0	0	0	0	0	0	0	0	0	0	0	0	0
S(5,5)SumEntrp	2.0196317	0	0	0	0	0	0	0	0	0	0	0	0	0	0	0
S(5,5)Entropy	3.5991736	0	0	0	0	0	0	0	0	0	0	0	0	0	0	0
S(5,5)DifVarnc	222.88958	0	0	0	0	0	0	0	0	0	0	0	0	0	0	0
S(5,5)DifEntrp	1.723519	0	0	0	0	0	0	0	0	0	0	0	0	0	0	0
_Area_S(5,-5)	126002	0	0	0	0	0	0	0	0	0	0	0	0	0	0	0
S(5,-5)AngScMom	0.0002593052	0	0	0	0	0	0	0	0	0	0	0	0	0	0	0
S(5,-5)Contrast	667.46156	0	0	0	0	0	0	0	0	0	0	0	0	0	0	0
S(5,-5)Correlat	0.0050930365	0	0	0	0	0	0	0	0	0	0	0	0	0	0	0
S(5,-5)SumOfSqs	335.43919	0	0	0	0	0	0	0	0	0	0	0	0	0	0	0
S(5,-5)InvDfMom	0.046550571	0	0	0	0	0	0	0	0	0	0	0	0	0	0	0
S(5,-5)SumAverg	66.858336	0	0	0	0	0	0	0	0	0	0	0	0	0	0	0
S(5,-5)SumVarnc	674.29518	0	0	0	0	0	0	0	0	0	0	0	0	0	0	0
S(5,-5)SumEntrp	2.0204839	0	0	0	0	0	0	0	0	0	0	0	0	0	0	0
S(5,-5)Entropy	3.5988463	0	0	0	0	0	0	0	0	0	0	0	0	0	0	0
S(5,-5)DifVarnc	222.37688	0	0	0	0	0	0	0	0	0	0	0	0	0	0	0
S(5,-5)DifEntrp	1.722819	0	0	0	0	0	0	0	0	0	0	0	0	0	0	0
Horzl_RLNonUni	61255.114	0	0	0	0	0	0	0	0	0	0	0	0	0	0	0
Horzl_GLevNonU	1014.0064	0	0	0	0	0	0	0	0	0	0	0	0	0	0	0
Horzl_LngREmph	1.0708275	0	0	0	0	0	0	0	0	0	0	0	0	0	0	0
Horzl_ShrtREmp	0.983136	0	0	0	0	0	0	0	0	0	0	0	0	0	0	0
Horzl_Fraction	0.97743225	0	0	0	0	0	0	0	0	0	0	0	0	0	0	0
Vertl_RLNonUni	62686.755	0	0	0	0	0	0	0	0	0	0	0	0	0	0	0
Vertl_GLevNonU	1022.967	0	0	0	0	0	0	0	0	0	0	0	0	0	0	0
Vertl_LngREmph	1.0454876	0	0	0	0	0	0	0	0	0	0	0	0	0	0	0
Vertl_ShrtREmp	0.98888622	0	0	0	0	0	0	0	0	0	0	0	0	0	0	0
Vertl_Fraction	0.98521423	0	0	0	0	0	0	0	0	0	0	0	0	0	0	0
45dgr_RLNonUni	62551.12	0	0	0	0	0	0	0	0	0	0	0	0	0	0	0
45dgr_GLevNonU	1022.0098	0	0	0	0	0	0	0	0	0	0	0	0	0	0	0
45dgr_LngREmph	1.0482523	0	0	0	0	0	0	0	0	0	0	0	0	0	0	0
45dgr_ShrtREmp	0.9883594	0	0	0	0	0	0	0	0	0	0	0	0	0	0	0
45dgr_Fraction	0.98442078	0	0	0	0	0	0	0	0	0	0	0	0	0	0	0
135dr_RLNonUni	62363.479	0	0	0	0	0	0	0	0	0	0	0	0	0	0	0
135dr_GLevNonU	1021.12	0	0	0	0	0	0	0	0	0	0	0	0	0	0	0
135dr_LngREmph	1.0508727	0	0	0	0	0	0	0	0	0	0	0	0	0	0	0
135dr_ShrtREmp	0.98759212	0	0	0	0	0	0	0	0	0	0	0	0	0	0	0
135dr_Fraction	0.98350525	0	0	0	0	0	0	0	0	0	0	0	0	0	0	0
_AreaGr	64516	0	0	0	0	0	0	0	0	0	0	0	0	0	0	0
GrMean	8.1315612	0	0	0	0	0	0	0	0	0	0	0	0	0	0	0
GrVariance	15.112754	0	0	0	0	0	0	0	0	0	0	0	0	0	0	0
GrSkewness	0.18428981	0	0	0	0	0	0	0	0	0	0	0	0	0	0	0
GrKurtosis	-0.63969461	0	0	0	0	0	0	0	0	0	0	0	0	0	0	0
GrNonZeros	0.99547399	0	0	0	0	0	0	0	0	0	0	0	0	0	0	0
_AreaARM	64770	0	0	0	0	0	0	0	0	0	0	0	0	0	0	0
Teta1	0.10378583	0	0	0	0	0	0	0	0	0	0	0	0	0	0	0
Teta2	0.00034800088	0	0	0	0	0	0	0	0	0	0	0	0	0	0	0
Teta3	-0.0073940059	0	0	0	0	0	0	0	0	0	0	0	0	0	0	0
Teta4	0.00081017304	0	0	0	0	0	0	0	0	0	0	0	0	0	0	0
Sigma	0.99397691	0	0	0	0	0	0	0	0	0	0	0	0	0	0	0
WavEnLL_s-1	18688.461	0	0	0	0	0	0	0	0	0	0	0	0	0	0	0
WavEnLH_s-1	1513.9255	0	0	0	0	0	0	0	0	0	0	0	0	0	0	0
WavEnHL_s-1	1202.1969	0	0	0	0	0	0	0	0	0	0	0	0	0	0	0
WavEnHH_s-1	1200.7069	0	0	0	0	0	0	0	0	0	0	0	0	0	0	0
WavEnLL_s-2	17639.742	0	0	0	0	0	0	0	0	0	0	0	0	0	0	0
WavEnLH_s-2	395.73866	0	0	0	0	0	0	0	0	0	0	0	0	0	0	0
WavEnHL_s-2	323.40859	0	0	0	0	0	0	0	0	0	0	0	0	0	0	0
WavEnHH_s-2	329.57121	0	0	0	0	0	0	0	0	0	0	0	0	0	0	0
WavEnLL_s-3	17344.14	0	0	0	0	0	0	0	0	0	0	0	0	0	0	0
WavEnLH_s-3	105.58902	0	0	0	0	0	0	0	0	0	0	0	0	0	0	0
WavEnHL_s-3	95.00949	0	0	0	0	0	0	0	0	0	0	0	0	0	0	0
WavEnHH_s-3	95.004144	0	0	0	0	0	0	0	0	0	0	0	0	0	0	0
WavEnLL_s-4	17256.781	0	0	0	0	0	0	0	0	0	0	0	0	0	0	0
WavEnLH_s-4	27.492258	0	0	0	0	0	0	0	0	0	0	0	0	0	0	0
WavEnHL_s-4	30.575741	0	0	0	0	0	0	0	0	0	0	0	0	0	0	0
WavEnHH_s-4	29.290149	0	0	0	0	0	0	0	0	0	0	0	0	0	0	0
