Image File: linseeds1-a-p001.png 
ROI File: allred.roi 
Image size: 256 x 256
Min. lum.: 1
Max. lum.: 256
Bits/pixel: 8

Normalisation =  No
Histogram analysis = Yes
CO matrix analysis = Yes, Dimensions = 6 x 6, Distances = 1 2 3 4 5
RL matrix analysis = Yes, Dimension = 6
Gradient analysis = Yes, Max pixel value = 16
AR model analysis = Yes
Wavelet analysis = Yes

--------------- CLASS NAMES ----------------

----------------- FEATURES -----------------
_Area	65536	0	0	0	0	0	0	0	0	0	0	0	0	0	0	0
Mean	131.43741	0	0	0	0	0	0	0	0	0	0	0	0	0	0	0
Variance	5394.8896	0	0	0	0	0	0	0	0	0	0	0	0	0	0	0
Skewness	-0.015824883	0	0	0	0	0	0	0	0	0	0	0	0	0	0	0
Kurtosis	-1.1887994	0	0	0	0	0	0	0	0	0	0	0	0	0	0	0
Perc.01%	3	0	0	0	0	0	0	0	0	0	0	0	0	0	0	0
Perc.10%	31	0	0	0	0	0	0	0	0	0	0	0	0	0	0	0
Perc.50%	131	0	0	0	0	0	0	0	0	0	0	0	0	0	0	0
Perc.90%	233	0	0	0	0	0	0	0	0	0	0	0	0	0	0	0
Perc.99%	254	0	0	0	0	0	0	0	0	0	0	0	0	0	0	0
_Area_S(1,0)	130560	0	0	0	0	0	0	0	0	0	0	0	0	0	0	0
S(1,0)AngScMom	0.00028716607	0	0	0	0	0	0	0	0	0	0	0	0	0	0	0
S(1,0)Contrast	600.20011	0	0	0	0	0	0	0	0	0	0	0	0	0	0	0
S(1,0)Correlat	0.10760092	0	0	0	0	0	0	0	0	0	0	0	0	0	0	0
S(1,0)SumOfSqs	336.28458	0	0	0	0	0	0	0	0	0	0	0	0	0	0	0
S(1,0)InvDfMom	0.061957531	0	0	0	0	0	0	0	0	0	0	0	0	0	0	0
S(1,0)SumAverg	66.451302	0	0	0	0	0	0	0	0	0	0	0	0	0	0	0
S(1,0)SumVarnc	744.93822	0	0	0	0	0	0	0	0	0	0	0	0	0	0	0
S(1,0)SumEntrp	2.0375135	0	0	0	0	0	0	0	0	0	0	0	0	0	0	0
S(1,0)Entropy	3.5793024	0	0	0	0	0	0	0	0	0	0	0	0	0	0	0
S(1,0)DifVarnc	210.17452	0	0	0	0	0	0	0	0	0	0	0	0	0	0	0
S(1,0)DifEntrp	1.7017231	0	0	0	0	0	0	0	0	0	0	0	0	0	0	0
_Area_S(0,1)	130560	0	0	0	0	0	0	0	0	0	0	0	0	0	0	0
S(0,1)AngScMom	0.0002591881	0	0	0	0	0	0	0	0	0	0	0	0	0	0	0
S(0,1)Contrast	672.78627	0	0	0	0	0	0	0	0	0	0	0	0	0	0	0
S(0,1)Correlat	-0.00066855439	0	0	0	0	0	0	0	0	0	0	0	0	0	0	0
S(0,1)SumOfSqs	336.16839	0	0	0	0	0	0	0	0	0	0	0	0	0	0	0
S(0,1)InvDfMom	0.047496659	0	0	0	0	0	0	0	0	0	0	0	0	0	0	0
S(0,1)SumAverg	66.461275	0	0	0	0	0	0	0	0	0	0	0	0	0	0	0
S(0,1)SumVarnc	671.88729	0	0	0	0	0	0	0	0	0	0	0	0	0	0	0
S(0,1)SumEntrp	2.0198086	0	0	0	0	0	0	0	0	0	0	0	0	0	0	0
S(0,1)Entropy	3.5987874	0	0	0	0	0	0	0	0	0	0	0	0	0	0	0
S(0,1)DifVarnc	225.21103	0	0	0	0	0	0	0	0	0	0	0	0	0	0	0
S(0,1)DifEntrp	1.7243583	0	0	0	0	0	0	0	0	0	0	0	0	0	0	0
_Area_S(1,1)	130050	0	0	0	0	0	0	0	0	0	0	0	0	0	0	0
S(1,1)AngScMom	0.00025981714	0	0	0	0	0	0	0	0	0	0	0	0	0	0	0
S(1,1)Contrast	670.96792	0	0	0	0	0	0	0	0	0	0	0	0	0	0	0
S(1,1)Correlat	0.002047624	0	0	0	0	0	0	0	0	0	0	0	0	0	0	0
S(1,1)SumOfSqs	336.17231	0	0	0	0	0	0	0	0	0	0	0	0	0	0	0
S(1,1)InvDfMom	0.04659169	0	0	0	0	0	0	0	0	0	0	0	0	0	0	0
S(1,1)SumAverg	66.46193	0	0	0	0	0	0	0	0	0	0	0	0	0	0	0
S(1,1)SumVarnc	673.72134	0	0	0	0	0	0	0	0	0	0	0	0	0	0	0
S(1,1)SumEntrp	2.0200561	0	0	0	0	0	0	0	0	0	0	0	0	0	0	0
S(1,1)Entropy	3.598181	0	0	0	0	0	0	0	0	0	0	0	0	0	0	0
S(1,1)DifVarnc	223.31734	0	0	0	0	0	0	0	0	0	0	0	0	0	0	0
S(1,1)DifEntrp	1.7234497	0	0	0	0	0	0	0	0	0	0	0	0	0	0	0
_Area_S(1,-1)	130050	0	0	0	0	0	0	0	0	0	0	0	0	0	0	0
S(1,-1)AngScMom	0.0002598389	0	0	0	0	0	0	0	0	0	0	0	0	0	0	0
S(1,-1)Contrast	671.54668	0	0	0	0	0	0	0	0	0	0	0	0	0	0	0
S(1,-1)Correlat	0.0011769252	0	0	0	0	0	0	0	0	0	0	0	0	0	0	0
S(1,-1)SumOfSqs	336.16899	0	0	0	0	0	0	0	0	0	0	0	0	0	0	0
S(1,-1)InvDfMom	0.04747075	0	0	0	0	0	0	0	0	0	0	0	0	0	0	0
S(1,-1)SumAverg	66.462022	0	0	0	0	0	0	0	0	0	0	0	0	0	0	0
S(1,-1)SumVarnc	673.12927	0	0	0	0	0	0	0	0	0	0	0	0	0	0	0
S(1,-1)SumEntrp	2.0203564	0	0	0	0	0	0	0	0	0	0	0	0	0	0	0
S(1,-1)Entropy	3.5981866	0	0	0	0	0	0	0	0	0	0	0	0	0	0	0
S(1,-1)DifVarnc	223.95857	0	0	0	0	0	0	0	0	0	0	0	0	0	0	0
S(1,-1)DifEntrp	1.7239291	0	0	0	0	0	0	0	0	0	0	0	0	0	0	0
_Area_S(2,0)	130048	0	0	0	0	0	0	0	0	0	0	0	0	0	0	0
S(2,0)AngScMom	0.00026559614	0	0	0	0	0	0	0	0	0	0	0	0	0	0	0
S(2,0)Contrast	634.03617	0	0	0	0	0	0	0	0	0	0	0	0	0	0	0
S(2,0)Correlat	0.057350885	0	0	0	0	0	0	0	0	0	0	0	0	0	0	0
S(2,0)SumOfSqs	336.3055	0	0	0	0	0	0	0	0	0	0	0	0	0	0	0
S(2,0)InvDfMom	0.05401332	0	0	0	0	0	0	0	0	0	0	0	0	0	0	0
S(2,0)SumAverg	66.44685	0	0	0	0	0	0	0	0	0	0	0	0	0	0	0
S(2,0)SumVarnc	711.18584	0	0	0	0	0	0	0	0	0	0	0	0	0	0	0
S(2,0)SumEntrp	2.0305347	0	0	0	0	0	0	0	0	0	0	0	0	0	0	0
S(2,0)Entropy	3.5939684	0	0	0	0	0	0	0	0	0	0	0	0	0	0	0
S(2,0)DifVarnc	217.56841	0	0	0	0	0	0	0	0	0	0	0	0	0	0	0
S(2,0)DifEntrp	1.7132621	0	0	0	0	0	0	0	0	0	0	0	0	0	0	0
_Area_S(0,2)	130048	0	0	0	0	0	0	0	0	0	0	0	0	0	0	0
S(0,2)AngScMom	0.00025944955	0	0	0	0	0	0	0	0	0	0	0	0	0	0	0
S(0,2)Contrast	666.12497	0	0	0	0	0	0	0	0	0	0	0	0	0	0	0
S(0,2)Correlat	0.0093570168	0	0	0	0	0	0	0	0	0	0	0	0	0	0	0
S(0,2)SumOfSqs	336.20839	0	0	0	0	0	0	0	0	0	0	0	0	0	0	0
S(0,2)InvDfMom	0.047772415	0	0	0	0	0	0	0	0	0	0	0	0	0	0	0
S(0,2)SumAverg	66.45494	0	0	0	0	0	0	0	0	0	0	0	0	0	0	0
S(0,2)SumVarnc	678.7086	0	0	0	0	0	0	0	0	0	0	0	0	0	0	0
S(0,2)SumEntrp	2.0215475	0	0	0	0	0	0	0	0	0	0	0	0	0	0	0
S(0,2)Entropy	3.5985931	0	0	0	0	0	0	0	0	0	0	0	0	0	0	0
S(0,2)DifVarnc	222.27966	0	0	0	0	0	0	0	0	0	0	0	0	0	0	0
S(0,2)DifEntrp	1.7226206	0	0	0	0	0	0	0	0	0	0	0	0	0	0	0
_Area_S(2,2)	129032	0	0	0	0	0	0	0	0	0	0	0	0	0	0	0
S(2,2)AngScMom	0.0002599286	0	0	0	0	0	0	0	0	0	0	0	0	0	0	0
S(2,2)Contrast	671.06212	0	0	0	0	0	0	0	0	0	0	0	0	0	0	0
S(2,2)Correlat	0.0020680116	0	0	0	0	0	0	0	0	0	0	0	0	0	0	0
S(2,2)SumOfSqs	336.22638	0	0	0	0	0	0	0	0	0	0	0	0	0	0	0
S(2,2)InvDfMom	0.048132144	0	0	0	0	0	0	0	0	0	0	0	0	0	0	0
S(2,2)SumAverg	66.450524	0	0	0	0	0	0	0	0	0	0	0	0	0	0	0
S(2,2)SumVarnc	673.8434	0	0	0	0	0	0	0	0	0	0	0	0	0	0	0
S(2,2)SumEntrp	2.0206221	0	0	0	0	0	0	0	0	0	0	0	0	0	0	0
S(2,2)Entropy	3.5981775	0	0	0	0	0	0	0	0	0	0	0	0	0	0	0
S(2,2)DifVarnc	224.15875	0	0	0	0	0	0	0	0	0	0	0	0	0	0	0
S(2,2)DifEntrp	1.7235433	0	0	0	0	0	0	0	0	0	0	0	0	0	0	0
_Area_S(2,-2)	129032	0	0	0	0	0	0	0	0	0	0	0	0	0	0	0
S(2,-2)AngScMom	0.00025961315	0	0	0	0	0	0	0	0	0	0	0	0	0	0	0
S(2,-2)Contrast	670.48989	0	0	0	0	0	0	0	0	0	0	0	0	0	0	0
S(2,-2)Correlat	0.002902883	0	0	0	0	0	0	0	0	0	0	0	0	0	0	0
S(2,-2)SumOfSqs	336.22096	0	0	0	0	0	0	0	0	0	0	0	0	0	0	0
S(2,-2)InvDfMom	0.047620181	0	0	0	0	0	0	0	0	0	0	0	0	0	0	0
S(2,-2)SumAverg	66.450524	0	0	0	0	0	0	0	0	0	0	0	0	0	0	0
S(2,-2)SumVarnc	674.39393	0	0	0	0	0	0	0	0	0	0	0	0	0	0	0
S(2,-2)SumEntrp	2.020194	0	0	0	0	0	0	0	0	0	0	0	0	0	0	0
S(2,-2)Entropy	3.5984613	0	0	0	0	0	0	0	0	0	0	0	0	0	0	0
S(2,-2)DifVarnc	224.63969	0	0	0	0	0	0	0	0	0	0	0	0	0	0	0
S(2,-2)DifEntrp	1.7232854	0	0	0	0	0	0	0	0	0	0	0	0	0	0	0
_Area_S(3,0)	129536	0	0	0	0	0	0	0	0	0	0	0	0	0	0	0
S(3,0)AngScMom	0.00026129267	0	0	0	0	0	0	0	0	0	0	0	0	0	0	0
S(3,0)Contrast	650.34037	0	0	0	0	0	0	0	0	0	0	0	0	0	0	0
S(3,0)Correlat	0.033159273	0	0	0	0	0	0	0	0	0	0	0	0	0	0	0
S(3,0)SumOfSqs	336.32239	0	0	0	0	0	0	0	0	0	0	0	0	0	0	0
S(3,0)InvDfMom	0.050593776	0	0	0	0	0	0	0	0	0	0	0	0	0	0	0
S(3,0)SumAverg	66.460181	0	0	0	0	0	0	0	0	0	0	0	0	0	0	0
S(3,0)SumVarnc	694.94919	0	0	0	0	0	0	0	0	0	0	0	0	0	0	0
S(3,0)SumEntrp	2.0265131	0	0	0	0	0	0	0	0	0	0	0	0	0	0	0
S(3,0)Entropy	3.5973643	0	0	0	0	0	0	0	0	0	0	0	0	0	0	0
S(3,0)DifVarnc	219.26704	0	0	0	0	0	0	0	0	0	0	0	0	0	0	0
S(3,0)DifEntrp	1.7181237	0	0	0	0	0	0	0	0	0	0	0	0	0	0	0
_Area_S(0,3)	129536	0	0	0	0	0	0	0	0	0	0	0	0	0	0	0
S(0,3)AngScMom	0.00025958822	0	0	0	0	0	0	0	0	0	0	0	0	0	0	0
S(0,3)Contrast	673.49824	0	0	0	0	0	0	0	0	0	0	0	0	0	0	0
S(0,3)Correlat	-0.0016993494	0	0	0	0	0	0	0	0	0	0	0	0	0	0	0
S(0,3)SumOfSqs	336.17784	0	0	0	0	0	0	0	0	0	0	0	0	0	0	0
S(0,3)InvDfMom	0.047123793	0	0	0	0	0	0	0	0	0	0	0	0	0	0	0
S(0,3)SumAverg	66.451303	0	0	0	0	0	0	0	0	0	0	0	0	0	0	0
S(0,3)SumVarnc	671.21311	0	0	0	0	0	0	0	0	0	0	0	0	0	0	0
S(0,3)SumEntrp	2.0197985	0	0	0	0	0	0	0	0	0	0	0	0	0	0	0
S(0,3)Entropy	3.5984378	0	0	0	0	0	0	0	0	0	0	0	0	0	0	0
S(0,3)DifVarnc	224.4991	0	0	0	0	0	0	0	0	0	0	0	0	0	0	0
S(0,3)DifEntrp	1.72451	0	0	0	0	0	0	0	0	0	0	0	0	0	0	0
_Area_S(3,3)	128018	0	0	0	0	0	0	0	0	0	0	0	0	0	0	0
S(3,3)AngScMom	0.00026039941	0	0	0	0	0	0	0	0	0	0	0	0	0	0	0
S(3,3)Contrast	673.22548	0	0	0	0	0	0	0	0	0	0	0	0	0	0	0
S(3,3)Correlat	-0.0011668608	0	0	0	0	0	0	0	0	0	0	0	0	0	0	0
S(3,3)SumOfSqs	336.22042	0	0	0	0	0	0	0	0	0	0	0	0	0	0	0
S(3,3)InvDfMom	0.047476502	0	0	0	0	0	0	0	0	0	0	0	0	0	0	0
S(3,3)SumAverg	66.458373	0	0	0	0	0	0	0	0	0	0	0	0	0	0	0
S(3,3)SumVarnc	671.65619	0	0	0	0	0	0	0	0	0	0	0	0	0	0	0
S(3,3)SumEntrp	2.0198442	0	0	0	0	0	0	0	0	0	0	0	0	0	0	0
S(3,3)Entropy	3.5978524	0	0	0	0	0	0	0	0	0	0	0	0	0	0	0
S(3,3)DifVarnc	223.95028	0	0	0	0	0	0	0	0	0	0	0	0	0	0	0
S(3,3)DifEntrp	1.7243289	0	0	0	0	0	0	0	0	0	0	0	0	0	0	0
_Area_S(3,-3)	128018	0	0	0	0	0	0	0	0	0	0	0	0	0	0	0
S(3,-3)AngScMom	0.00025913317	0	0	0	0	0	0	0	0	0	0	0	0	0	0	0
S(3,-3)Contrast	674.34387	0	0	0	0	0	0	0	0	0	0	0	0	0	0	0
S(3,-3)Correlat	-0.002871784	0	0	0	0	0	0	0	0	0	0	0	0	0	0	0
S(3,-3)SumOfSqs	336.20642	0	0	0	0	0	0	0	0	0	0	0	0	0	0	0
S(3,-3)InvDfMom	0.047061633	0	0	0	0	0	0	0	0	0	0	0	0	0	0	0
S(3,-3)SumAverg	66.461045	0	0	0	0	0	0	0	0	0	0	0	0	0	0	0
S(3,-3)SumVarnc	670.48182	0	0	0	0	0	0	0	0	0	0	0	0	0	0	0
S(3,-3)SumEntrp	2.0195983	0	0	0	0	0	0	0	0	0	0	0	0	0	0	0
S(3,-3)Entropy	3.5989211	0	0	0	0	0	0	0	0	0	0	0	0	0	0	0
S(3,-3)DifVarnc	225.24018	0	0	0	0	0	0	0	0	0	0	0	0	0	0	0
S(3,-3)DifEntrp	1.7243452	0	0	0	0	0	0	0	0	0	0	0	0	0	0	0
_Area_S(4,0)	129024	0	0	0	0	0	0	0	0	0	0	0	0	0	0	0
S(4,0)AngScMom	0.00026080818	0	0	0	0	0	0	0	0	0	0	0	0	0	0	0
S(4,0)Contrast	660.57241	0	0	0	0	0	0	0	0	0	0	0	0	0	0	0
S(4,0)Correlat	0.018176775	0	0	0	0	0	0	0	0	0	0	0	0	0	0	0
S(4,0)SumOfSqs	336.40089	0	0	0	0	0	0	0	0	0	0	0	0	0	0	0
S(4,0)InvDfMom	0.048832932	0	0	0	0	0	0	0	0	0	0	0	0	0	0	0
S(4,0)SumAverg	66.459992	0	0	0	0	0	0	0	0	0	0	0	0	0	0	0
S(4,0)SumVarnc	685.03114	0	0	0	0	0	0	0	0	0	0	0	0	0	0	0
S(4,0)SumEntrp	2.0236872	0	0	0	0	0	0	0	0	0	0	0	0	0	0	0
S(4,0)Entropy	3.5974813	0	0	0	0	0	0	0	0	0	0	0	0	0	0	0
S(4,0)DifVarnc	222.06432	0	0	0	0	0	0	0	0	0	0	0	0	0	0	0
S(4,0)DifEntrp	1.7207296	0	0	0	0	0	0	0	0	0	0	0	0	0	0	0
_Area_S(0,4)	129024	0	0	0	0	0	0	0	0	0	0	0	0	0	0	0
S(0,4)AngScMom	0.00025994581	0	0	0	0	0	0	0	0	0	0	0	0	0	0	0
S(0,4)Contrast	666.59755	0	0	0	0	0	0	0	0	0	0	0	0	0	0	0
S(0,4)Correlat	0.0087324297	0	0	0	0	0	0	0	0	0	0	0	0	0	0	0
S(0,4)SumOfSqs	336.23492	0	0	0	0	0	0	0	0	0	0	0	0	0	0	0
S(0,4)InvDfMom	0.046961297	0	0	0	0	0	0	0	0	0	0	0	0	0	0	0
S(0,4)SumAverg	66.460643	0	0	0	0	0	0	0	0	0	0	0	0	0	0	0
S(0,4)SumVarnc	678.34214	0	0	0	0	0	0	0	0	0	0	0	0	0	0	0
S(0,4)SumEntrp	2.0212377	0	0	0	0	0	0	0	0	0	0	0	0	0	0	0
S(0,4)Entropy	3.5981977	0	0	0	0	0	0	0	0	0	0	0	0	0	0	0
S(0,4)DifVarnc	223.38449	0	0	0	0	0	0	0	0	0	0	0	0	0	0	0
S(0,4)DifEntrp	1.7224152	0	0	0	0	0	0	0	0	0	0	0	0	0	0	0
_Area_S(4,4)	127008	0	0	0	0	0	0	0	0	0	0	0	0	0	0	0
S(4,4)AngScMom	0.00025938092	0	0	0	0	0	0	0	0	0	0	0	0	0	0	0
S(4,4)Contrast	675.64172	0	0	0	0	0	0	0	0	0	0	0	0	0	0	0
S(4,4)Correlat	-0.0043862535	0	0	0	0	0	0	0	0	0	0	0	0	0	0	0
S(4,4)SumOfSqs	336.34556	0	0	0	0	0	0	0	0	0	0	0	0	0	0	0
S(4,4)InvDfMom	0.046793616	0	0	0	0	0	0	0	0	0	0	0	0	0	0	0
S(4,4)SumAverg	66.468002	0	0	0	0	0	0	0	0	0	0	0	0	0	0	0
S(4,4)SumVarnc	669.74054	0	0	0	0	0	0	0	0	0	0	0	0	0	0	0
S(4,4)SumEntrp	2.0190979	0	0	0	0	0	0	0	0	0	0	0	0	0	0	0
S(4,4)Entropy	3.5986034	0	0	0	0	0	0	0	0	0	0	0	0	0	0	0
S(4,4)DifVarnc	225.37663	0	0	0	0	0	0	0	0	0	0	0	0	0	0	0
S(4,4)DifEntrp	1.7249078	0	0	0	0	0	0	0	0	0	0	0	0	0	0	0
_Area_S(4,-4)	127008	0	0	0	0	0	0	0	0	0	0	0	0	0	0	0
S(4,-4)AngScMom	0.0002604581	0	0	0	0	0	0	0	0	0	0	0	0	0	0	0
S(4,-4)Contrast	675.39695	0	0	0	0	0	0	0	0	0	0	0	0	0	0	0
S(4,-4)Correlat	-0.004009332	0	0	0	0	0	0	0	0	0	0	0	0	0	0	0
S(4,-4)SumOfSqs	336.34994	0	0	0	0	0	0	0	0	0	0	0	0	0	0	0
S(4,-4)InvDfMom	0.047894474	0	0	0	0	0	0	0	0	0	0	0	0	0	0	0
S(4,-4)SumAverg	66.469167	0	0	0	0	0	0	0	0	0	0	0	0	0	0	0
S(4,-4)SumVarnc	670.0028	0	0	0	0	0	0	0	0	0	0	0	0	0	0	0
S(4,-4)SumEntrp	2.0192399	0	0	0	0	0	0	0	0	0	0	0	0	0	0	0
S(4,-4)Entropy	3.5977353	0	0	0	0	0	0	0	0	0	0	0	0	0	0	0
S(4,-4)DifVarnc	225.31629	0	0	0	0	0	0	0	0	0	0	0	0	0	0	0
S(4,-4)DifEntrp	1.7249012	0	0	0	0	0	0	0	0	0	0	0	0	0	0	0
_Area_S(5,0)	128512	0	0	0	0	0	0	0	0	0	0	0	0	0	0	0
S(5,0)AngScMom	0.0002601116	0	0	0	0	0	0	0	0	0	0	0	0	0	0	0
S(5,0)Contrast	666.91503	0	0	0	0	0	0	0	0	0	0	0	0	0	0	0
S(5,0)Correlat	0.0088319376	0	0	0	0	0	0	0	0	0	0	0	0	0	0	0
S(5,0)SumOfSqs	336.42883	0	0	0	0	0	0	0	0	0	0	0	0	0	0	0
S(5,0)InvDfMom	0.048183193	0	0	0	0	0	0	0	0	0	0	0	0	0	0	0
S(5,0)SumAverg	66.467505	0	0	0	0	0	0	0	0	0	0	0	0	0	0	0
S(5,0)SumVarnc	678.8003	0	0	0	0	0	0	0	0	0	0	0	0	0	0	0
S(5,0)SumEntrp	2.0220711	0	0	0	0	0	0	0	0	0	0	0	0	0	0	0
S(5,0)Entropy	3.5981077	0	0	0	0	0	0	0	0	0	0	0	0	0	0	0
S(5,0)DifVarnc	222.98975	0	0	0	0	0	0	0	0	0	0	0	0	0	0	0
S(5,0)DifEntrp	1.7225763	0	0	0	0	0	0	0	0	0	0	0	0	0	0	0
_Area_S(0,5)	128512	0	0	0	0	0	0	0	0	0	0	0	0	0	0	0
S(0,5)AngScMom	0.00025957997	0	0	0	0	0	0	0	0	0	0	0	0	0	0	0
S(0,5)Contrast	664.92278	0	0	0	0	0	0	0	0	0	0	0	0	0	0	0
S(0,5)Correlat	0.011243831	0	0	0	0	0	0	0	0	0	0	0	0	0	0	0
S(0,5)SumOfSqs	336.24204	0	0	0	0	0	0	0	0	0	0	0	0	0	0	0
S(0,5)InvDfMom	0.04796106	0	0	0	0	0	0	0	0	0	0	0	0	0	0	0
S(0,5)SumAverg	66.481262	0	0	0	0	0	0	0	0	0	0	0	0	0	0	0
S(0,5)SumVarnc	680.04537	0	0	0	0	0	0	0	0	0	0	0	0	0	0	0
S(0,5)SumEntrp	2.0220587	0	0	0	0	0	0	0	0	0	0	0	0	0	0	0
S(0,5)Entropy	3.5985316	0	0	0	0	0	0	0	0	0	0	0	0	0	0	0
S(0,5)DifVarnc	222.52944	0	0	0	0	0	0	0	0	0	0	0	0	0	0	0
S(0,5)DifEntrp	1.7217323	0	0	0	0	0	0	0	0	0	0	0	0	0	0	0
_Area_S(5,5)	126002	0	0	0	0	0	0	0	0	0	0	0	0	0	0	0
S(5,5)AngScMom	0.00025987144	0	0	0	0	0	0	0	0	0	0	0	0	0	0	0
S(5,5)Contrast	669.65418	0	0	0	0	0	0	0	0	0	0	0	0	0	0	0
S(5,5)Correlat	0.0046636288	0	0	0	0	0	0	0	0	0	0	0	0	0	0	0
S(5,5)SumOfSqs	336.39592	0	0	0	0	0	0	0	0	0	0	0	0	0	0	0
S(5,5)InvDfMom	0.046929207	0	0	0	0	0	0	0	0	0	0	0	0	0	0	0
S(5,5)SumAverg	66.493214	0	0	0	0	0	0	0	0	0	0	0	0	0	0	0
S(5,5)SumVarnc	675.92948	0	0	0	0	0	0	0	0	0	0	0	0	0	0	0
S(5,5)SumEntrp	2.0209739	0	0	0	0	0	0	0	0	0	0	0	0	0	0	0
S(5,5)Entropy	3.5982064	0	0	0	0	0	0	0	0	0	0	0	0	0	0	0
S(5,5)DifVarnc	223.80634	0	0	0	0	0	0	0	0	0	0	0	0	0	0	0
S(5,5)DifEntrp	1.7229172	0	0	0	0	0	0	0	0	0	0	0	0	0	0	0
_Area_S(5,-5)	126002	0	0	0	0	0	0	0	0	0	0	0	0	0	0	0
S(5,-5)AngScMom	0.00026009278	0	0	0	0	0	0	0	0	0	0	0	0	0	0	0
S(5,-5)Contrast	670.97898	0	0	0	0	0	0	0	0	0	0	0	0	0	0	0
S(5,-5)Correlat	0.0026967111	0	0	0	0	0	0	0	0	0	0	0	0	0	0	0
S(5,-5)SumOfSqs	336.39666	0	0	0	0	0	0	0	0	0	0	0	0	0	0	0
S(5,-5)InvDfMom	0.046718794	0	0	0	0	0	0	0	0	0	0	0	0	0	0	0
S(5,-5)SumAverg	66.498484	0	0	0	0	0	0	0	0	0	0	0	0	0	0	0
S(5,-5)SumVarnc	674.60764	0	0	0	0	0	0	0	0	0	0	0	0	0	0	0
S(5,-5)SumEntrp	2.020619	0	0	0	0	0	0	0	0	0	0	0	0	0	0	0
S(5,-5)Entropy	3.598091	0	0	0	0	0	0	0	0	0	0	0	0	0	0	0
S(5,-5)DifVarnc	223.95867	0	0	0	0	0	0	0	0	0	0	0	0	0	0	0
S(5,-5)DifEntrp	1.7234297	0	0	0	0	0	0	0	0	0	0	0	0	0	0	0
Horzl_RLNonUni	60750.877	0	0	0	0	0	0	0	0	0	0	0	0	0	0	0
Horzl_GLevNonU	1012.6471	0	0	0	0	0	0	0	0	0	0	0	0	0	0	0
Horzl_LngREmph	1.0824406	0	0	0	0	0	0	0	0	0	0	0	0	0	0	0
Horzl_ShrtREmp	0.98115181	0	0	0	0	0	0	0	0	0	0	0	0	0	0	0
Horzl_Fraction	0.9743042	0	0	0	0	0	0	0	0	0	0	0	0	0	0	0
Vertl_RLNonUni	62388.857	0	0	0	0	0	0	0	0	0	0	0	0	0	0	0
Vertl_GLevNonU	1022.9501	0	0	0	0	0	0	0	0	0	0	0	0	0	0	0
Vertl_LngREmph	1.0505251	0	0	0	0	0	0	0	0	0	0	0	0	0	0	0
Vertl_ShrtREmp	0.98769622	0	0	0	0	0	0	0	0	0	0	0	0	0	0	0
Vertl_Fraction	0.98362732	0	0	0	0	0	0	0	0	0	0	0	0	0	0	0
45dgr_RLNonUni	62545.845	0	0	0	0	0	0	0	0	0	0	0	0	0	0	0
45dgr_GLevNonU	1023.9804	0	0	0	0	0	0	0	0	0	0	0	0	0	0	0
45dgr_LngREmph	1.0475969	0	0	0	0	0	0	0	0	0	0	0	0	0	0	0
45dgr_ShrtREmp	0.98831657	0	0	0	0	0	0	0	0	0	0	0	0	0	0	0
45dgr_Fraction	0.98451233	0	0	0	0	0	0	0	0	0	0	0	0	0	0	0
135dr_RLNonUni	62430.105	0	0	0	0	0	0	0	0	0	0	0	0	0	0	0
135dr_GLevNonU	1023.4306	0	0	0	0	0	0	0	0	0	0	0	0	0	0	0
135dr_LngREmph	1.0496751	0	0	0	0	0	0	0	0	0	0	0	0	0	0	0
135dr_ShrtREmp	0.98785694	0	0	0	0	0	0	0	0	0	0	0	0	0	0	0
135dr_Fraction	0.98387146	0	0	0	0	0	0	0	0	0	0	0	0	0	0	0
_AreaGr	64516	0	0	0	0	0	0	0	0	0	0	0	0	0	0	0
GrMean	8.0996463	0	0	0	0	0	0	0	0	0	0	0	0	0	0	0
GrVariance	15.178606	0	0	0	0	0	0	0	0	0	0	0	0	0	0	0
GrSkewness	0.19479957	0	0	0	0	0	0	0	0	0	0	0	0	0	0	0
GrKurtosis	-0.63984952	0	0	0	0	0	0	0	0	0	0	0	0	0	0	0
GrNonZeros	0.99522599	0	0	0	0	0	0	0	0	0	0	0	0	0	0	0
_AreaARM	64770	0	0	0	0	0	0	0	0	0	0	0	0	0	0	0
Teta1	0.10720558	0	0	0	0	0	0	0	0	0	0	0	0	0	0	0
Teta2	0.0010783423	0	0	0	0	0	0	0	0	0	0	0	0	0	0	0
Teta3	-0.00074538782	0	0	0	0	0	0	0	0	0	0	0	0	0	0	0
Teta4	0.002125946	0	0	0	0	0	0	0	0	0	0	0	0	0	0	0
Sigma	0.99379901	0	0	0	0	0	0	0	0	0	0	0	0	0	0	0
WavEnLL_s-1	18521.544	0	0	0	0	0	0	0	0	0	0	0	0	0	0	0
WavEnLH_s-1	1481.0626	0	0	0	0	0	0	0	0	0	0	0	0	0	0	0
WavEnHL_s-1	1200.0574	0	0	0	0	0	0	0	0	0	0	0	0	0	0	0
WavEnHH_s-1	1206.1429	0	0	0	0	0	0	0	0	0	0	0	0	0	0	0
WavEnLL_s-2	17450.562	0	0	0	0	0	0	0	0	0	0	0	0	0	0	0
WavEnLH_s-2	412.11895	0	0	0	0	0	0	0	0	0	0	0	0	0	0	0
WavEnHL_s-2	332.45792	0	0	0	0	0	0	0	0	0	0	0	0	0	0	0
WavEnHH_s-2	326.40582	0	0	0	0	0	0	0	0	0	0	0	0	0	0	0
WavEnLL_s-3	17133.342	0	0	0	0	0	0	0	0	0	0	0	0	0	0	0
WavEnLH_s-3	121.43813	0	0	0	0	0	0	0	0	0	0	0	0	0	0	0
WavEnHL_s-3	98.677932	0	0	0	0	0	0	0	0	0	0	0	0	0	0	0
WavEnHH_s-3	97.103394	0	0	0	0	0	0	0	0	0	0	0	0	0	0	0
WavEnLL_s-4	17053.784	0	0	0	0	0	0	0	0	0	0	0	0	0	0	0
WavEnLH_s-4	29.852197	0	0	0	0	0	0	0	0	0	0	0	0	0	0	0
WavEnHL_s-4	27.178684	0	0	0	0	0	0	0	0	0	0	0	0	0	0	0
WavEnHH_s-4	22.527688	0	0	0	0	0	0	0	0	0	0	0	0	0	0	0
