Image File: linseeds1-a-p019.png 
ROI File: allred.roi 
Image size: 256 x 256
Min. lum.: 1
Max. lum.: 256
Bits/pixel: 8

Normalisation =  No
Histogram analysis = Yes
CO matrix analysis = Yes, Dimensions = 6 x 6, Distances = 1 2 3 4 5
RL matrix analysis = Yes, Dimension = 6
Gradient analysis = Yes, Max pixel value = 16
AR model analysis = Yes
Wavelet analysis = Yes

--------------- CLASS NAMES ----------------

----------------- FEATURES -----------------
_Area	65536	0	0	0	0	0	0	0	0	0	0	0	0	0	0	0
Mean	129.50429	0	0	0	0	0	0	0	0	0	0	0	0	0	0	0
Variance	5448.5942	0	0	0	0	0	0	0	0	0	0	0	0	0	0	0
Skewness	-0.0051493613	0	0	0	0	0	0	0	0	0	0	0	0	0	0	0
Kurtosis	-1.1973334	0	0	0	0	0	0	0	0	0	0	0	0	0	0	0
Perc.01%	3	0	0	0	0	0	0	0	0	0	0	0	0	0	0	0
Perc.10%	27	0	0	0	0	0	0	0	0	0	0	0	0	0	0	0
Perc.50%	130	0	0	0	0	0	0	0	0	0	0	0	0	0	0	0
Perc.90%	232	0	0	0	0	0	0	0	0	0	0	0	0	0	0	0
Perc.99%	254	0	0	0	0	0	0	0	0	0	0	0	0	0	0	0
_Area_S(1,0)	130560	0	0	0	0	0	0	0	0	0	0	0	0	0	0	0
S(1,0)AngScMom	0.00027526128	0	0	0	0	0	0	0	0	0	0	0	0	0	0	0
S(1,0)Contrast	603.443	0	0	0	0	0	0	0	0	0	0	0	0	0	0	0
S(1,0)Correlat	0.11179476	0	0	0	0	0	0	0	0	0	0	0	0	0	0	0
S(1,0)SumOfSqs	339.69795	0	0	0	0	0	0	0	0	0	0	0	0	0	0	0
S(1,0)InvDfMom	0.058186672	0	0	0	0	0	0	0	0	0	0	0	0	0	0	0
S(1,0)SumAverg	65.497779	0	0	0	0	0	0	0	0	0	0	0	0	0	0	0
S(1,0)SumVarnc	755.3488	0	0	0	0	0	0	0	0	0	0	0	0	0	0	0
S(1,0)SumEntrp	2.0398715	0	0	0	0	0	0	0	0	0	0	0	0	0	0	0
S(1,0)Entropy	3.5865015	0	0	0	0	0	0	0	0	0	0	0	0	0	0	0
S(1,0)DifVarnc	209.67892	0	0	0	0	0	0	0	0	0	0	0	0	0	0	0
S(1,0)DifEntrp	1.7019075	0	0	0	0	0	0	0	0	0	0	0	0	0	0	0
_Area_S(0,1)	130560	0	0	0	0	0	0	0	0	0	0	0	0	0	0	0
S(0,1)AngScMom	0.00025550781	0	0	0	0	0	0	0	0	0	0	0	0	0	0	0
S(0,1)Contrast	680.51111	0	0	0	0	0	0	0	0	0	0	0	0	0	0	0
S(0,1)Correlat	-0.0021323518	0	0	0	0	0	0	0	0	0	0	0	0	0	0	0
S(0,1)SumOfSqs	339.53155	0	0	0	0	0	0	0	0	0	0	0	0	0	0	0
S(0,1)InvDfMom	0.047106912	0	0	0	0	0	0	0	0	0	0	0	0	0	0	0
S(0,1)SumAverg	65.498974	0	0	0	0	0	0	0	0	0	0	0	0	0	0	0
S(0,1)SumVarnc	677.6151	0	0	0	0	0	0	0	0	0	0	0	0	0	0	0
S(0,1)SumEntrp	2.0216795	0	0	0	0	0	0	0	0	0	0	0	0	0	0	0
S(0,1)Entropy	3.6022092	0	0	0	0	0	0	0	0	0	0	0	0	0	0	0
S(0,1)DifVarnc	226.45886	0	0	0	0	0	0	0	0	0	0	0	0	0	0	0
S(0,1)DifEntrp	1.7262057	0	0	0	0	0	0	0	0	0	0	0	0	0	0	0
_Area_S(1,1)	130050	0	0	0	0	0	0	0	0	0	0	0	0	0	0	0
S(1,1)AngScMom	0.00025598707	0	0	0	0	0	0	0	0	0	0	0	0	0	0	0
S(1,1)Contrast	681.77329	0	0	0	0	0	0	0	0	0	0	0	0	0	0	0
S(1,1)Correlat	-0.0040645629	0	0	0	0	0	0	0	0	0	0	0	0	0	0	0
S(1,1)SumOfSqs	339.5067	0	0	0	0	0	0	0	0	0	0	0	0	0	0	0
S(1,1)InvDfMom	0.046466276	0	0	0	0	0	0	0	0	0	0	0	0	0	0	0
S(1,1)SumAverg	65.502099	0	0	0	0	0	0	0	0	0	0	0	0	0	0	0
S(1,1)SumVarnc	676.2535	0	0	0	0	0	0	0	0	0	0	0	0	0	0	0
S(1,1)SumEntrp	2.0211427	0	0	0	0	0	0	0	0	0	0	0	0	0	0	0
S(1,1)Entropy	3.6017806	0	0	0	0	0	0	0	0	0	0	0	0	0	0	0
S(1,1)DifVarnc	227.17777	0	0	0	0	0	0	0	0	0	0	0	0	0	0	0
S(1,1)DifEntrp	1.7262551	0	0	0	0	0	0	0	0	0	0	0	0	0	0	0
_Area_S(1,-1)	130050	0	0	0	0	0	0	0	0	0	0	0	0	0	0	0
S(1,-1)AngScMom	0.0002561408	0	0	0	0	0	0	0	0	0	0	0	0	0	0	0
S(1,-1)Contrast	676.80217	0	0	0	0	0	0	0	0	0	0	0	0	0	0	0
S(1,-1)Correlat	0.0032551181	0	0	0	0	0	0	0	0	0	0	0	0	0	0	0
S(1,-1)SumOfSqs	339.50622	0	0	0	0	0	0	0	0	0	0	0	0	0	0	0
S(1,-1)InvDfMom	0.047847172	0	0	0	0	0	0	0	0	0	0	0	0	0	0	0
S(1,-1)SumAverg	65.501745	0	0	0	0	0	0	0	0	0	0	0	0	0	0	0
S(1,-1)SumVarnc	681.2227	0	0	0	0	0	0	0	0	0	0	0	0	0	0	0
S(1,-1)SumEntrp	2.0224535	0	0	0	0	0	0	0	0	0	0	0	0	0	0	0
S(1,-1)Entropy	3.6016907	0	0	0	0	0	0	0	0	0	0	0	0	0	0	0
S(1,-1)DifVarnc	227.30283	0	0	0	0	0	0	0	0	0	0	0	0	0	0	0
S(1,-1)DifEntrp	1.725451	0	0	0	0	0	0	0	0	0	0	0	0	0	0	0
_Area_S(2,0)	130048	0	0	0	0	0	0	0	0	0	0	0	0	0	0	0
S(2,0)AngScMom	0.00026016441	0	0	0	0	0	0	0	0	0	0	0	0	0	0	0
S(2,0)Contrast	643.94653	0	0	0	0	0	0	0	0	0	0	0	0	0	0	0
S(2,0)Correlat	0.052394897	0	0	0	0	0	0	0	0	0	0	0	0	0	0	0
S(2,0)SumOfSqs	339.77578	0	0	0	0	0	0	0	0	0	0	0	0	0	0	0
S(2,0)InvDfMom	0.051019168	0	0	0	0	0	0	0	0	0	0	0	0	0	0	0
S(2,0)SumAverg	65.492664	0	0	0	0	0	0	0	0	0	0	0	0	0	0	0
S(2,0)SumVarnc	715.1566	0	0	0	0	0	0	0	0	0	0	0	0	0	0	0
S(2,0)SumEntrp	2.0317655	0	0	0	0	0	0	0	0	0	0	0	0	0	0	0
S(2,0)Entropy	3.5984971	0	0	0	0	0	0	0	0	0	0	0	0	0	0	0
S(2,0)DifVarnc	217.75303	0	0	0	0	0	0	0	0	0	0	0	0	0	0	0
S(2,0)DifEntrp	1.7157664	0	0	0	0	0	0	0	0	0	0	0	0	0	0	0
_Area_S(0,2)	130048	0	0	0	0	0	0	0	0	0	0	0	0	0	0	0
S(0,2)AngScMom	0.000255742	0	0	0	0	0	0	0	0	0	0	0	0	0	0	0
S(0,2)Contrast	681.91937	0	0	0	0	0	0	0	0	0	0	0	0	0	0	0
S(0,2)Correlat	-0.0041086133	0	0	0	0	0	0	0	0	0	0	0	0	0	0	0
S(0,2)SumOfSqs	339.56454	0	0	0	0	0	0	0	0	0	0	0	0	0	0	0
S(0,2)InvDfMom	0.047554616	0	0	0	0	0	0	0	0	0	0	0	0	0	0	0
S(0,2)SumAverg	65.483744	0	0	0	0	0	0	0	0	0	0	0	0	0	0	0
S(0,2)SumVarnc	676.33881	0	0	0	0	0	0	0	0	0	0	0	0	0	0	0
S(0,2)SumEntrp	2.020907	0	0	0	0	0	0	0	0	0	0	0	0	0	0	0
S(0,2)Entropy	3.6019917	0	0	0	0	0	0	0	0	0	0	0	0	0	0	0
S(0,2)DifVarnc	227.72621	0	0	0	0	0	0	0	0	0	0	0	0	0	0	0
S(0,2)DifEntrp	1.726734	0	0	0	0	0	0	0	0	0	0	0	0	0	0	0
_Area_S(2,2)	129032	0	0	0	0	0	0	0	0	0	0	0	0	0	0	0
S(2,2)AngScMom	0.00025550522	0	0	0	0	0	0	0	0	0	0	0	0	0	0	0
S(2,2)Contrast	681.32361	0	0	0	0	0	0	0	0	0	0	0	0	0	0	0
S(2,2)Correlat	-0.0030626674	0	0	0	0	0	0	0	0	0	0	0	0	0	0	0
S(2,2)SumOfSqs	339.62166	0	0	0	0	0	0	0	0	0	0	0	0	0	0	0
S(2,2)InvDfMom	0.046254137	0	0	0	0	0	0	0	0	0	0	0	0	0	0	0
S(2,2)SumAverg	65.481617	0	0	0	0	0	0	0	0	0	0	0	0	0	0	0
S(2,2)SumVarnc	677.16302	0	0	0	0	0	0	0	0	0	0	0	0	0	0	0
S(2,2)SumEntrp	2.0213368	0	0	0	0	0	0	0	0	0	0	0	0	0	0	0
S(2,2)Entropy	3.6022251	0	0	0	0	0	0	0	0	0	0	0	0	0	0	0
S(2,2)DifVarnc	225.80326	0	0	0	0	0	0	0	0	0	0	0	0	0	0	0
S(2,2)DifEntrp	1.7260613	0	0	0	0	0	0	0	0	0	0	0	0	0	0	0
_Area_S(2,-2)	129032	0	0	0	0	0	0	0	0	0	0	0	0	0	0	0
S(2,-2)AngScMom	0.00025610584	0	0	0	0	0	0	0	0	0	0	0	0	0	0	0
S(2,-2)Contrast	676.48583	0	0	0	0	0	0	0	0	0	0	0	0	0	0	0
S(2,-2)Correlat	0.0040390246	0	0	0	0	0	0	0	0	0	0	0	0	0	0	0
S(2,-2)SumOfSqs	339.61463	0	0	0	0	0	0	0	0	0	0	0	0	0	0	0
S(2,-2)InvDfMom	0.046154275	0	0	0	0	0	0	0	0	0	0	0	0	0	0	0
S(2,-2)SumAverg	65.480098	0	0	0	0	0	0	0	0	0	0	0	0	0	0	0
S(2,-2)SumVarnc	681.97268	0	0	0	0	0	0	0	0	0	0	0	0	0	0	0
S(2,-2)SumEntrp	2.022726	0	0	0	0	0	0	0	0	0	0	0	0	0	0	0
S(2,-2)Entropy	3.6017247	0	0	0	0	0	0	0	0	0	0	0	0	0	0	0
S(2,-2)DifVarnc	224.16347	0	0	0	0	0	0	0	0	0	0	0	0	0	0	0
S(2,-2)DifEntrp	1.7251509	0	0	0	0	0	0	0	0	0	0	0	0	0	0	0
_Area_S(3,0)	129536	0	0	0	0	0	0	0	0	0	0	0	0	0	0	0
S(3,0)AngScMom	0.00025695573	0	0	0	0	0	0	0	0	0	0	0	0	0	0	0
S(3,0)Contrast	661.39977	0	0	0	0	0	0	0	0	0	0	0	0	0	0	0
S(3,0)Correlat	0.026780886	0	0	0	0	0	0	0	0	0	0	0	0	0	0	0
S(3,0)SumOfSqs	339.80003	0	0	0	0	0	0	0	0	0	0	0	0	0	0	0
S(3,0)InvDfMom	0.049934934	0	0	0	0	0	0	0	0	0	0	0	0	0	0	0
S(3,0)SumAverg	65.486969	0	0	0	0	0	0	0	0	0	0	0	0	0	0	0
S(3,0)SumVarnc	697.80035	0	0	0	0	0	0	0	0	0	0	0	0	0	0	0
S(3,0)SumEntrp	2.027334	0	0	0	0	0	0	0	0	0	0	0	0	0	0	0
S(3,0)Entropy	3.6010563	0	0	0	0	0	0	0	0	0	0	0	0	0	0	0
S(3,0)DifVarnc	222.44654	0	0	0	0	0	0	0	0	0	0	0	0	0	0	0
S(3,0)DifEntrp	1.7211643	0	0	0	0	0	0	0	0	0	0	0	0	0	0	0
_Area_S(0,3)	129536	0	0	0	0	0	0	0	0	0	0	0	0	0	0	0
S(0,3)AngScMom	0.00025546916	0	0	0	0	0	0	0	0	0	0	0	0	0	0	0
S(0,3)Contrast	678.67408	0	0	0	0	0	0	0	0	0	0	0	0	0	0	0
S(0,3)Correlat	0.0011084621	0	0	0	0	0	0	0	0	0	0	0	0	0	0	0
S(0,3)SumOfSqs	339.7136	0	0	0	0	0	0	0	0	0	0	0	0	0	0	0
S(0,3)InvDfMom	0.046204921	0	0	0	0	0	0	0	0	0	0	0	0	0	0	0
S(0,3)SumAverg	65.480376	0	0	0	0	0	0	0	0	0	0	0	0	0	0	0
S(0,3)SumVarnc	680.18032	0	0	0	0	0	0	0	0	0	0	0	0	0	0	0
S(0,3)SumEntrp	2.0220965	0	0	0	0	0	0	0	0	0	0	0	0	0	0	0
S(0,3)Entropy	3.6022406	0	0	0	0	0	0	0	0	0	0	0	0	0	0	0
S(0,3)DifVarnc	226.05516	0	0	0	0	0	0	0	0	0	0	0	0	0	0	0
S(0,3)DifEntrp	1.7255784	0	0	0	0	0	0	0	0	0	0	0	0	0	0	0
_Area_S(3,3)	128018	0	0	0	0	0	0	0	0	0	0	0	0	0	0	0
S(3,3)AngScMom	0.00025605286	0	0	0	0	0	0	0	0	0	0	0	0	0	0	0
S(3,3)Contrast	677.38459	0	0	0	0	0	0	0	0	0	0	0	0	0	0	0
S(3,3)Correlat	0.003241561	0	0	0	0	0	0	0	0	0	0	0	0	0	0	0
S(3,3)SumOfSqs	339.79376	0	0	0	0	0	0	0	0	0	0	0	0	0	0	0
S(3,3)InvDfMom	0.047285087	0	0	0	0	0	0	0	0	0	0	0	0	0	0	0
S(3,3)SumAverg	65.473699	0	0	0	0	0	0	0	0	0	0	0	0	0	0	0
S(3,3)SumVarnc	681.79044	0	0	0	0	0	0	0	0	0	0	0	0	0	0	0
S(3,3)SumEntrp	2.0224592	0	0	0	0	0	0	0	0	0	0	0	0	0	0	0
S(3,3)Entropy	3.6016469	0	0	0	0	0	0	0	0	0	0	0	0	0	0	0
S(3,3)DifVarnc	225.63035	0	0	0	0	0	0	0	0	0	0	0	0	0	0	0
S(3,3)DifEntrp	1.7254471	0	0	0	0	0	0	0	0	0	0	0	0	0	0	0
_Area_S(3,-3)	128018	0	0	0	0	0	0	0	0	0	0	0	0	0	0	0
S(3,-3)AngScMom	0.00025603516	0	0	0	0	0	0	0	0	0	0	0	0	0	0	0
S(3,-3)Contrast	679.68982	0	0	0	0	0	0	0	0	0	0	0	0	0	0	0
S(3,-3)Correlat	-0.00020259752	0	0	0	0	0	0	0	0	0	0	0	0	0	0	0
S(3,-3)SumOfSqs	339.77607	0	0	0	0	0	0	0	0	0	0	0	0	0	0	0
S(3,-3)InvDfMom	0.046461548	0	0	0	0	0	0	0	0	0	0	0	0	0	0	0
S(3,-3)SumAverg	65.470106	0	0	0	0	0	0	0	0	0	0	0	0	0	0	0
S(3,-3)SumVarnc	679.41447	0	0	0	0	0	0	0	0	0	0	0	0	0	0	0
S(3,-3)SumEntrp	2.0218855	0	0	0	0	0	0	0	0	0	0	0	0	0	0	0
S(3,-3)Entropy	3.6017311	0	0	0	0	0	0	0	0	0	0	0	0	0	0	0
S(3,-3)DifVarnc	226.1061	0	0	0	0	0	0	0	0	0	0	0	0	0	0	0
S(3,-3)DifEntrp	1.7259469	0	0	0	0	0	0	0	0	0	0	0	0	0	0	0
_Area_S(4,0)	129024	0	0	0	0	0	0	0	0	0	0	0	0	0	0	0
S(4,0)AngScMom	0.00025641357	0	0	0	0	0	0	0	0	0	0	0	0	0	0	0
S(4,0)Contrast	670.67888	0	0	0	0	0	0	0	0	0	0	0	0	0	0	0
S(4,0)Correlat	0.012881127	0	0	0	0	0	0	0	0	0	0	0	0	0	0	0
S(4,0)SumOfSqs	339.71536	0	0	0	0	0	0	0	0	0	0	0	0	0	0	0
S(4,0)InvDfMom	0.047304328	0	0	0	0	0	0	0	0	0	0	0	0	0	0	0
S(4,0)SumAverg	65.486669	0	0	0	0	0	0	0	0	0	0	0	0	0	0	0
S(4,0)SumVarnc	688.18255	0	0	0	0	0	0	0	0	0	0	0	0	0	0	0
S(4,0)SumEntrp	2.024514	0	0	0	0	0	0	0	0	0	0	0	0	0	0	0
S(4,0)Entropy	3.6014482	0	0	0	0	0	0	0	0	0	0	0	0	0	0	0
S(4,0)DifVarnc	224.29405	0	0	0	0	0	0	0	0	0	0	0	0	0	0	0
S(4,0)DifEntrp	1.723366	0	0	0	0	0	0	0	0	0	0	0	0	0	0	0
_Area_S(0,4)	129024	0	0	0	0	0	0	0	0	0	0	0	0	0	0	0
S(0,4)AngScMom	0.00025614481	0	0	0	0	0	0	0	0	0	0	0	0	0	0	0
S(0,4)Contrast	677.16361	0	0	0	0	0	0	0	0	0	0	0	0	0	0	0
S(0,4)Correlat	0.003439427	0	0	0	0	0	0	0	0	0	0	0	0	0	0	0
S(0,4)SumOfSqs	339.75035	0	0	0	0	0	0	0	0	0	0	0	0	0	0	0
S(0,4)InvDfMom	0.046614239	0	0	0	0	0	0	0	0	0	0	0	0	0	0	0
S(0,4)SumAverg	65.470564	0	0	0	0	0	0	0	0	0	0	0	0	0	0	0
S(0,4)SumVarnc	681.8378	0	0	0	0	0	0	0	0	0	0	0	0	0	0	0
S(0,4)SumEntrp	2.0223799	0	0	0	0	0	0	0	0	0	0	0	0	0	0	0
S(0,4)Entropy	3.6016399	0	0	0	0	0	0	0	0	0	0	0	0	0	0	0
S(0,4)DifVarnc	226.01935	0	0	0	0	0	0	0	0	0	0	0	0	0	0	0
S(0,4)DifEntrp	1.725144	0	0	0	0	0	0	0	0	0	0	0	0	0	0	0
_Area_S(4,4)	127008	0	0	0	0	0	0	0	0	0	0	0	0	0	0	0
S(4,4)AngScMom	0.00025641732	0	0	0	0	0	0	0	0	0	0	0	0	0	0	0
S(4,4)Contrast	678.04108	0	0	0	0	0	0	0	0	0	0	0	0	0	0	0
S(4,4)Correlat	0.002120053	0	0	0	0	0	0	0	0	0	0	0	0	0	0	0
S(4,4)SumOfSqs	339.74081	0	0	0	0	0	0	0	0	0	0	0	0	0	0	0
S(4,4)InvDfMom	0.047781717	0	0	0	0	0	0	0	0	0	0	0	0	0	0	0
S(4,4)SumAverg	65.463357	0	0	0	0	0	0	0	0	0	0	0	0	0	0	0
S(4,4)SumVarnc	680.92216	0	0	0	0	0	0	0	0	0	0	0	0	0	0	0
S(4,4)SumEntrp	2.0223227	0	0	0	0	0	0	0	0	0	0	0	0	0	0	0
S(4,4)Entropy	3.6014505	0	0	0	0	0	0	0	0	0	0	0	0	0	0	0
S(4,4)DifVarnc	226.97035	0	0	0	0	0	0	0	0	0	0	0	0	0	0	0
S(4,4)DifEntrp	1.7251838	0	0	0	0	0	0	0	0	0	0	0	0	0	0	0
_Area_S(4,-4)	127008	0	0	0	0	0	0	0	0	0	0	0	0	0	0	0
S(4,-4)AngScMom	0.00025600941	0	0	0	0	0	0	0	0	0	0	0	0	0	0	0
S(4,-4)Contrast	678.62069	0	0	0	0	0	0	0	0	0	0	0	0	0	0	0
S(4,-4)Correlat	0.0012114556	0	0	0	0	0	0	0	0	0	0	0	0	0	0	0
S(4,-4)SumOfSqs	339.7219	0	0	0	0	0	0	0	0	0	0	0	0	0	0	0
S(4,-4)InvDfMom	0.047693484	0	0	0	0	0	0	0	0	0	0	0	0	0	0	0
S(4,-4)SumAverg	65.459593	0	0	0	0	0	0	0	0	0	0	0	0	0	0	0
S(4,-4)SumVarnc	680.26692	0	0	0	0	0	0	0	0	0	0	0	0	0	0	0
S(4,-4)SumEntrp	2.0222774	0	0	0	0	0	0	0	0	0	0	0	0	0	0	0
S(4,-4)Entropy	3.6017228	0	0	0	0	0	0	0	0	0	0	0	0	0	0	0
S(4,-4)DifVarnc	226.8266	0	0	0	0	0	0	0	0	0	0	0	0	0	0	0
S(4,-4)DifEntrp	1.7254993	0	0	0	0	0	0	0	0	0	0	0	0	0	0	0
_Area_S(5,0)	128512	0	0	0	0	0	0	0	0	0	0	0	0	0	0	0
S(5,0)AngScMom	0.0002561669	0	0	0	0	0	0	0	0	0	0	0	0	0	0	0
S(5,0)Contrast	668.93079	0	0	0	0	0	0	0	0	0	0	0	0	0	0	0
S(5,0)Correlat	0.015467538	0	0	0	0	0	0	0	0	0	0	0	0	0	0	0
S(5,0)SumOfSqs	339.72003	0	0	0	0	0	0	0	0	0	0	0	0	0	0	0
S(5,0)InvDfMom	0.047312265	0	0	0	0	0	0	0	0	0	0	0	0	0	0	0
S(5,0)SumAverg	65.497806	0	0	0	0	0	0	0	0	0	0	0	0	0	0	0
S(5,0)SumVarnc	689.94932	0	0	0	0	0	0	0	0	0	0	0	0	0	0	0
S(5,0)SumEntrp	2.0247277	0	0	0	0	0	0	0	0	0	0	0	0	0	0	0
S(5,0)Entropy	3.6015264	0	0	0	0	0	0	0	0	0	0	0	0	0	0	0
S(5,0)DifVarnc	223.5583	0	0	0	0	0	0	0	0	0	0	0	0	0	0	0
S(5,0)DifEntrp	1.7232778	0	0	0	0	0	0	0	0	0	0	0	0	0	0	0
_Area_S(0,5)	128512	0	0	0	0	0	0	0	0	0	0	0	0	0	0	0
S(0,5)AngScMom	0.00025640414	0	0	0	0	0	0	0	0	0	0	0	0	0	0	0
S(0,5)Contrast	683.13505	0	0	0	0	0	0	0	0	0	0	0	0	0	0	0
S(0,5)Correlat	-0.0053703781	0	0	0	0	0	0	0	0	0	0	0	0	0	0	0
S(0,5)SumOfSqs	339.74298	0	0	0	0	0	0	0	0	0	0	0	0	0	0	0
S(0,5)InvDfMom	0.046719602	0	0	0	0	0	0	0	0	0	0	0	0	0	0	0
S(0,5)SumAverg	65.462432	0	0	0	0	0	0	0	0	0	0	0	0	0	0	0
S(0,5)SumVarnc	675.83686	0	0	0	0	0	0	0	0	0	0	0	0	0	0	0
S(0,5)SumEntrp	2.0208946	0	0	0	0	0	0	0	0	0	0	0	0	0	0	0
S(0,5)Entropy	3.6013596	0	0	0	0	0	0	0	0	0	0	0	0	0	0	0
S(0,5)DifVarnc	228.79564	0	0	0	0	0	0	0	0	0	0	0	0	0	0	0
S(0,5)DifEntrp	1.7267363	0	0	0	0	0	0	0	0	0	0	0	0	0	0	0
_Area_S(5,5)	126002	0	0	0	0	0	0	0	0	0	0	0	0	0	0	0
S(5,5)AngScMom	0.00025624117	0	0	0	0	0	0	0	0	0	0	0	0	0	0	0
S(5,5)Contrast	676.65724	0	0	0	0	0	0	0	0	0	0	0	0	0	0	0
S(5,5)Correlat	0.0042056497	0	0	0	0	0	0	0	0	0	0	0	0	0	0	0
S(5,5)SumOfSqs	339.75752	0	0	0	0	0	0	0	0	0	0	0	0	0	0	0
S(5,5)InvDfMom	0.04604204	0	0	0	0	0	0	0	0	0	0	0	0	0	0	0
S(5,5)SumAverg	65.466088	0	0	0	0	0	0	0	0	0	0	0	0	0	0	0
S(5,5)SumVarnc	682.37285	0	0	0	0	0	0	0	0	0	0	0	0	0	0	0
S(5,5)SumEntrp	2.022601	0	0	0	0	0	0	0	0	0	0	0	0	0	0	0
S(5,5)Entropy	3.6015764	0	0	0	0	0	0	0	0	0	0	0	0	0	0	0
S(5,5)DifVarnc	225.76656	0	0	0	0	0	0	0	0	0	0	0	0	0	0	0
S(5,5)DifEntrp	1.7249341	0	0	0	0	0	0	0	0	0	0	0	0	0	0	0
_Area_S(5,-5)	126002	0	0	0	0	0	0	0	0	0	0	0	0	0	0	0
S(5,-5)AngScMom	0.00025600535	0	0	0	0	0	0	0	0	0	0	0	0	0	0	0
S(5,-5)Contrast	676.55999	0	0	0	0	0	0	0	0	0	0	0	0	0	0	0
S(5,-5)Correlat	0.0042301569	0	0	0	0	0	0	0	0	0	0	0	0	0	0	0
S(5,-5)SumOfSqs	339.71705	0	0	0	0	0	0	0	0	0	0	0	0	0	0	0
S(5,-5)InvDfMom	0.047768307	0	0	0	0	0	0	0	0	0	0	0	0	0	0	0
S(5,-5)SumAverg	65.460104	0	0	0	0	0	0	0	0	0	0	0	0	0	0	0
S(5,-5)SumVarnc	682.30822	0	0	0	0	0	0	0	0	0	0	0	0	0	0	0
S(5,-5)SumEntrp	2.0227599	0	0	0	0	0	0	0	0	0	0	0	0	0	0	0
S(5,-5)Entropy	3.6017282	0	0	0	0	0	0	0	0	0	0	0	0	0	0	0
S(5,-5)DifVarnc	226.10938	0	0	0	0	0	0	0	0	0	0	0	0	0	0	0
S(5,-5)DifEntrp	1.7251385	0	0	0	0	0	0	0	0	0	0	0	0	0	0	0
Horzl_RLNonUni	61343.473	0	0	0	0	0	0	0	0	0	0	0	0	0	0	0
Horzl_GLevNonU	1009.383	0	0	0	0	0	0	0	0	0	0	0	0	0	0	0
Horzl_LngREmph	1.0692797	0	0	0	0	0	0	0	0	0	0	0	0	0	0	0
Horzl_ShrtREmp	0.983496	0	0	0	0	0	0	0	0	0	0	0	0	0	0	0
Horzl_Fraction	0.97790527	0	0	0	0	0	0	0	0	0	0	0	0	0	0	0
Vertl_RLNonUni	62458.587	0	0	0	0	0	0	0	0	0	0	0	0	0	0	0
Vertl_GLevNonU	1015.8703	0	0	0	0	0	0	0	0	0	0	0	0	0	0	0
Vertl_LngREmph	1.0490929	0	0	0	0	0	0	0	0	0	0	0	0	0	0	0
Vertl_ShrtREmp	0.98796799	0	0	0	0	0	0	0	0	0	0	0	0	0	0	0
Vertl_Fraction	0.98403931	0	0	0	0	0	0	0	0	0	0	0	0	0	0	0
45dgr_RLNonUni	62699.547	0	0	0	0	0	0	0	0	0	0	0	0	0	0	0
45dgr_GLevNonU	1017.1437	0	0	0	0	0	0	0	0	0	0	0	0	0	0	0
45dgr_LngREmph	1.0452208	0	0	0	0	0	0	0	0	0	0	0	0	0	0	0
45dgr_ShrtREmp	0.98893569	0	0	0	0	0	0	0	0	0	0	0	0	0	0	0
45dgr_Fraction	0.98529053	0	0	0	0	0	0	0	0	0	0	0	0	0	0	0
135dr_RLNonUni	62366.253	0	0	0	0	0	0	0	0	0	0	0	0	0	0	0
135dr_GLevNonU	1015.1884	0	0	0	0	0	0	0	0	0	0	0	0	0	0	0
135dr_LngREmph	1.0510131	0	0	0	0	0	0	0	0	0	0	0	0	0	0	0
135dr_ShrtREmp	0.98760873	0	0	0	0	0	0	0	0	0	0	0	0	0	0	0
135dr_Fraction	0.98348999	0	0	0	0	0	0	0	0	0	0	0	0	0	0	0
_AreaGr	64516	0	0	0	0	0	0	0	0	0	0	0	0	0	0	0
GrMean	8.1894037	0	0	0	0	0	0	0	0	0	0	0	0	0	0	0
GrVariance	15.3553	0	0	0	0	0	0	0	0	0	0	0	0	0	0	0
GrSkewness	0.18017283	0	0	0	0	0	0	0	0	0	0	0	0	0	0	0
GrKurtosis	-0.6544338	0	0	0	0	0	0	0	0	0	0	0	0	0	0	0
GrNonZeros	0.99564449	0	0	0	0	0	0	0	0	0	0	0	0	0	0	0
_AreaARM	64770	0	0	0	0	0	0	0	0	0	0	0	0	0	0	0
Teta1	0.1115286	0	0	0	0	0	0	0	0	0	0	0	0	0	0	0
Teta2	0.003902959	0	0	0	0	0	0	0	0	0	0	0	0	0	0	0
Teta3	-0.0019744282	0	0	0	0	0	0	0	0	0	0	0	0	0	0	0
Teta4	-0.0038610154	0	0	0	0	0	0	0	0	0	0	0	0	0	0	0
Sigma	0.9931301	0	0	0	0	0	0	0	0	0	0	0	0	0	0	0
WavEnLL_s-1	18013.705	0	0	0	0	0	0	0	0	0	0	0	0	0	0	0
WavEnLH_s-1	1518.2192	0	0	0	0	0	0	0	0	0	0	0	0	0	0	0
WavEnHL_s-1	1203.8726	0	0	0	0	0	0	0	0	0	0	0	0	0	0	0
WavEnHH_s-1	1226.1491	0	0	0	0	0	0	0	0	0	0	0	0	0	0	0
WavEnLL_s-2	16913.28	0	0	0	0	0	0	0	0	0	0	0	0	0	0	0
WavEnLH_s-2	417.19054	0	0	0	0	0	0	0	0	0	0	0	0	0	0	0
WavEnHL_s-2	335.88848	0	0	0	0	0	0	0	0	0	0	0	0	0	0	0
WavEnHH_s-2	347.34659	0	0	0	0	0	0	0	0	0	0	0	0	0	0	0
WavEnLL_s-3	16614.708	0	0	0	0	0	0	0	0	0	0	0	0	0	0	0
WavEnLH_s-3	110.91235	0	0	0	0	0	0	0	0	0	0	0	0	0	0	0
WavEnHL_s-3	90.497173	0	0	0	0	0	0	0	0	0	0	0	0	0	0	0
WavEnHH_s-3	97.162069	0	0	0	0	0	0	0	0	0	0	0	0	0	0	0
WavEnLL_s-4	16545.554	0	0	0	0	0	0	0	0	0	0	0	0	0	0	0
WavEnLH_s-4	25.268105	0	0	0	0	0	0	0	0	0	0	0	0	0	0	0
WavEnHL_s-4	21.190367	0	0	0	0	0	0	0	0	0	0	0	0	0	0	0
WavEnHH_s-4	22.696041	0	0	0	0	0	0	0	0	0	0	0	0	0	0	0
