Image File: linseeds1-a-p022.png 
ROI File: allred.roi 
Image size: 256 x 256
Min. lum.: 1
Max. lum.: 256
Bits/pixel: 8

Normalisation =  No
Histogram analysis = Yes
CO matrix analysis = Yes, Dimensions = 6 x 6, Distances = 1 2 3 4 5
RL matrix analysis = Yes, Dimension = 6
Gradient analysis = Yes, Max pixel value = 16
AR model analysis = Yes
Wavelet analysis = Yes

--------------- CLASS NAMES ----------------

----------------- FEATURES -----------------
_Area	65536	0	0	0	0	0	0	0	0	0	0	0	0	0	0	0
Mean	128.73668	0	0	0	0	0	0	0	0	0	0	0	0	0	0	0
Variance	5467.8974	0	0	0	0	0	0	0	0	0	0	0	0	0	0	0
Skewness	0.013183314	0	0	0	0	0	0	0	0	0	0	0	0	0	0	0
Kurtosis	-1.1982199	0	0	0	0	0	0	0	0	0	0	0	0	0	0	0
Perc.01%	3	0	0	0	0	0	0	0	0	0	0	0	0	0	0	0
Perc.10%	27	0	0	0	0	0	0	0	0	0	0	0	0	0	0	0
Perc.50%	128	0	0	0	0	0	0	0	0	0	0	0	0	0	0	0
Perc.90%	232	0	0	0	0	0	0	0	0	0	0	0	0	0	0	0
Perc.99%	254	0	0	0	0	0	0	0	0	0	0	0	0	0	0	0
_Area_S(1,0)	130560	0	0	0	0	0	0	0	0	0	0	0	0	0	0	0
S(1,0)AngScMom	0.00027932407	0	0	0	0	0	0	0	0	0	0	0	0	0	0	0
S(1,0)Contrast	604.27353	0	0	0	0	0	0	0	0	0	0	0	0	0	0	0
S(1,0)Correlat	0.11377867	0	0	0	0	0	0	0	0	0	0	0	0	0	0	0
S(1,0)SumOfSqs	340.92698	0	0	0	0	0	0	0	0	0	0	0	0	0	0	0
S(1,0)InvDfMom	0.059785109	0	0	0	0	0	0	0	0	0	0	0	0	0	0	0
S(1,0)SumAverg	65.109436	0	0	0	0	0	0	0	0	0	0	0	0	0	0	0
S(1,0)SumVarnc	759.43441	0	0	0	0	0	0	0	0	0	0	0	0	0	0	0
S(1,0)SumEntrp	2.0411527	0	0	0	0	0	0	0	0	0	0	0	0	0	0	0
S(1,0)Entropy	3.583911	0	0	0	0	0	0	0	0	0	0	0	0	0	0	0
S(1,0)DifVarnc	210.87961	0	0	0	0	0	0	0	0	0	0	0	0	0	0	0
S(1,0)DifEntrp	1.7024383	0	0	0	0	0	0	0	0	0	0	0	0	0	0	0
_Area_S(0,1)	130560	0	0	0	0	0	0	0	0	0	0	0	0	0	0	0
S(0,1)AngScMom	0.00025691401	0	0	0	0	0	0	0	0	0	0	0	0	0	0	0
S(0,1)Contrast	685.08586	0	0	0	0	0	0	0	0	0	0	0	0	0	0	0
S(0,1)Correlat	-0.0056493595	0	0	0	0	0	0	0	0	0	0	0	0	0	0	0
S(0,1)SumOfSqs	340.61865	0	0	0	0	0	0	0	0	0	0	0	0	0	0	0
S(0,1)InvDfMom	0.047090058	0	0	0	0	0	0	0	0	0	0	0	0	0	0	0
S(0,1)SumAverg	65.125567	0	0	0	0	0	0	0	0	0	0	0	0	0	0	0
S(0,1)SumVarnc	677.38875	0	0	0	0	0	0	0	0	0	0	0	0	0	0	0
S(0,1)SumEntrp	2.0212662	0	0	0	0	0	0	0	0	0	0	0	0	0	0	0
S(0,1)Entropy	3.6009418	0	0	0	0	0	0	0	0	0	0	0	0	0	0	0
S(0,1)DifVarnc	228.37793	0	0	0	0	0	0	0	0	0	0	0	0	0	0	0
S(0,1)DifEntrp	1.7273708	0	0	0	0	0	0	0	0	0	0	0	0	0	0	0
_Area_S(1,1)	130050	0	0	0	0	0	0	0	0	0	0	0	0	0	0	0
S(1,1)AngScMom	0.00025647049	0	0	0	0	0	0	0	0	0	0	0	0	0	0	0
S(1,1)Contrast	681.20511	0	0	0	0	0	0	0	0	0	0	0	0	0	0	0
S(1,1)Correlat	0.00031099451	0	0	0	0	0	0	0	0	0	0	0	0	0	0	0
S(1,1)SumOfSqs	340.70851	0	0	0	0	0	0	0	0	0	0	0	0	0	0	0
S(1,1)InvDfMom	0.047885703	0	0	0	0	0	0	0	0	0	0	0	0	0	0	0
S(1,1)SumAverg	65.118247	0	0	0	0	0	0	0	0	0	0	0	0	0	0	0
S(1,1)SumVarnc	681.62894	0	0	0	0	0	0	0	0	0	0	0	0	0	0	0
S(1,1)SumEntrp	2.0226501	0	0	0	0	0	0	0	0	0	0	0	0	0	0	0
S(1,1)Entropy	3.6013168	0	0	0	0	0	0	0	0	0	0	0	0	0	0	0
S(1,1)DifVarnc	228.23187	0	0	0	0	0	0	0	0	0	0	0	0	0	0	0
S(1,1)DifEntrp	1.7265045	0	0	0	0	0	0	0	0	0	0	0	0	0	0	0
_Area_S(1,-1)	130050	0	0	0	0	0	0	0	0	0	0	0	0	0	0	0
S(1,-1)AngScMom	0.00025694574	0	0	0	0	0	0	0	0	0	0	0	0	0	0	0
S(1,-1)Contrast	683.14624	0	0	0	0	0	0	0	0	0	0	0	0	0	0	0
S(1,-1)Correlat	-0.0025662514	0	0	0	0	0	0	0	0	0	0	0	0	0	0	0
S(1,-1)SumOfSqs	340.6988	0	0	0	0	0	0	0	0	0	0	0	0	0	0	0
S(1,-1)InvDfMom	0.047211415	0	0	0	0	0	0	0	0	0	0	0	0	0	0	0
S(1,-1)SumAverg	65.118124	0	0	0	0	0	0	0	0	0	0	0	0	0	0	0
S(1,-1)SumVarnc	679.64896	0	0	0	0	0	0	0	0	0	0	0	0	0	0	0
S(1,-1)SumEntrp	2.0220967	0	0	0	0	0	0	0	0	0	0	0	0	0	0	0
S(1,-1)Entropy	3.6009921	0	0	0	0	0	0	0	0	0	0	0	0	0	0	0
S(1,-1)DifVarnc	227.791	0	0	0	0	0	0	0	0	0	0	0	0	0	0	0
S(1,-1)DifEntrp	1.7271917	0	0	0	0	0	0	0	0	0	0	0	0	0	0	0
_Area_S(2,0)	130048	0	0	0	0	0	0	0	0	0	0	0	0	0	0	0
S(2,0)AngScMom	0.0002611561	0	0	0	0	0	0	0	0	0	0	0	0	0	0	0
S(2,0)Contrast	641.61405	0	0	0	0	0	0	0	0	0	0	0	0	0	0	0
S(2,0)Correlat	0.059204489	0	0	0	0	0	0	0	0	0	0	0	0	0	0	0
S(2,0)SumOfSqs	340.99549	0	0	0	0	0	0	0	0	0	0	0	0	0	0	0
S(2,0)InvDfMom	0.051352664	0	0	0	0	0	0	0	0	0	0	0	0	0	0	0
S(2,0)SumAverg	65.115896	0	0	0	0	0	0	0	0	0	0	0	0	0	0	0
S(2,0)SumVarnc	722.3679	0	0	0	0	0	0	0	0	0	0	0	0	0	0	0
S(2,0)SumEntrp	2.0334547	0	0	0	0	0	0	0	0	0	0	0	0	0	0	0
S(2,0)Entropy	3.5975684	0	0	0	0	0	0	0	0	0	0	0	0	0	0	0
S(2,0)DifVarnc	218.20419	0	0	0	0	0	0	0	0	0	0	0	0	0	0	0
S(2,0)DifEntrp	1.715499	0	0	0	0	0	0	0	0	0	0	0	0	0	0	0
_Area_S(0,2)	130048	0	0	0	0	0	0	0	0	0	0	0	0	0	0	0
S(0,2)AngScMom	0.00025660751	0	0	0	0	0	0	0	0	0	0	0	0	0	0	0
S(0,2)Contrast	682.8135	0	0	0	0	0	0	0	0	0	0	0	0	0	0	0
S(0,2)Correlat	-0.0023400843	0	0	0	0	0	0	0	0	0	0	0	0	0	0	0
S(0,2)SumOfSqs	340.60969	0	0	0	0	0	0	0	0	0	0	0	0	0	0	0
S(0,2)InvDfMom	0.047113154	0	0	0	0	0	0	0	0	0	0	0	0	0	0	0
S(0,2)SumAverg	65.107606	0	0	0	0	0	0	0	0	0	0	0	0	0	0	0
S(0,2)SumVarnc	679.62528	0	0	0	0	0	0	0	0	0	0	0	0	0	0	0
S(0,2)SumEntrp	2.0219081	0	0	0	0	0	0	0	0	0	0	0	0	0	0	0
S(0,2)Entropy	3.6012116	0	0	0	0	0	0	0	0	0	0	0	0	0	0	0
S(0,2)DifVarnc	228.47219	0	0	0	0	0	0	0	0	0	0	0	0	0	0	0
S(0,2)DifEntrp	1.7265267	0	0	0	0	0	0	0	0	0	0	0	0	0	0	0
_Area_S(2,2)	129032	0	0	0	0	0	0	0	0	0	0	0	0	0	0	0
S(2,2)AngScMom	0.00025701483	0	0	0	0	0	0	0	0	0	0	0	0	0	0	0
S(2,2)Contrast	683.16726	0	0	0	0	0	0	0	0	0	0	0	0	0	0	0
S(2,2)Correlat	-0.0024305168	0	0	0	0	0	0	0	0	0	0	0	0	0	0	0
S(2,2)SumOfSqs	340.75542	0	0	0	0	0	0	0	0	0	0	0	0	0	0	0
S(2,2)InvDfMom	0.045932444	0	0	0	0	0	0	0	0	0	0	0	0	0	0	0
S(2,2)SumAverg	65.106346	0	0	0	0	0	0	0	0	0	0	0	0	0	0	0
S(2,2)SumVarnc	679.85441	0	0	0	0	0	0	0	0	0	0	0	0	0	0	0
S(2,2)SumEntrp	2.0218837	0	0	0	0	0	0	0	0	0	0	0	0	0	0	0
S(2,2)Entropy	3.6009239	0	0	0	0	0	0	0	0	0	0	0	0	0	0	0
S(2,2)DifVarnc	227.16445	0	0	0	0	0	0	0	0	0	0	0	0	0	0	0
S(2,2)DifEntrp	1.7267168	0	0	0	0	0	0	0	0	0	0	0	0	0	0	0
_Area_S(2,-2)	129032	0	0	0	0	0	0	0	0	0	0	0	0	0	0	0
S(2,-2)AngScMom	0.00025676521	0	0	0	0	0	0	0	0	0	0	0	0	0	0	0
S(2,-2)Contrast	683.09233	0	0	0	0	0	0	0	0	0	0	0	0	0	0	0
S(2,-2)Correlat	-0.0023173942	0	0	0	0	0	0	0	0	0	0	0	0	0	0	0
S(2,-2)SumOfSqs	340.7565	0	0	0	0	0	0	0	0	0	0	0	0	0	0	0
S(2,-2)InvDfMom	0.046618695	0	0	0	0	0	0	0	0	0	0	0	0	0	0	0
S(2,-2)SumAverg	65.106129	0	0	0	0	0	0	0	0	0	0	0	0	0	0	0
S(2,-2)SumVarnc	679.93367	0	0	0	0	0	0	0	0	0	0	0	0	0	0	0
S(2,-2)SumEntrp	2.0221727	0	0	0	0	0	0	0	0	0	0	0	0	0	0	0
S(2,-2)Entropy	3.6010695	0	0	0	0	0	0	0	0	0	0	0	0	0	0	0
S(2,-2)DifVarnc	227.7817	0	0	0	0	0	0	0	0	0	0	0	0	0	0	0
S(2,-2)DifEntrp	1.7269433	0	0	0	0	0	0	0	0	0	0	0	0	0	0	0
_Area_S(3,0)	129536	0	0	0	0	0	0	0	0	0	0	0	0	0	0	0
S(3,0)AngScMom	0.00025820081	0	0	0	0	0	0	0	0	0	0	0	0	0	0	0
S(3,0)Contrast	661.29014	0	0	0	0	0	0	0	0	0	0	0	0	0	0	0
S(3,0)Correlat	0.030634223	0	0	0	0	0	0	0	0	0	0	0	0	0	0	0
S(3,0)SumOfSqs	341.09423	0	0	0	0	0	0	0	0	0	0	0	0	0	0	0
S(3,0)InvDfMom	0.049601854	0	0	0	0	0	0	0	0	0	0	0	0	0	0	0
S(3,0)SumAverg	65.129138	0	0	0	0	0	0	0	0	0	0	0	0	0	0	0
S(3,0)SumVarnc	703.08677	0	0	0	0	0	0	0	0	0	0	0	0	0	0	0
S(3,0)SumEntrp	2.0285109	0	0	0	0	0	0	0	0	0	0	0	0	0	0	0
S(3,0)Entropy	3.5999104	0	0	0	0	0	0	0	0	0	0	0	0	0	0	0
S(3,0)DifVarnc	222.72372	0	0	0	0	0	0	0	0	0	0	0	0	0	0	0
S(3,0)DifEntrp	1.7209178	0	0	0	0	0	0	0	0	0	0	0	0	0	0	0
_Area_S(0,3)	129536	0	0	0	0	0	0	0	0	0	0	0	0	0	0	0
S(0,3)AngScMom	0.00025649612	0	0	0	0	0	0	0	0	0	0	0	0	0	0	0
S(0,3)Contrast	681.44473	0	0	0	0	0	0	0	0	0	0	0	0	0	0	0
S(0,3)Correlat	-0.00043227897	0	0	0	0	0	0	0	0	0	0	0	0	0	0	0
S(0,3)SumOfSqs	340.57514	0	0	0	0	0	0	0	0	0	0	0	0	0	0	0
S(0,3)InvDfMom	0.04694975	0	0	0	0	0	0	0	0	0	0	0	0	0	0	0
S(0,3)SumAverg	65.114254	0	0	0	0	0	0	0	0	0	0	0	0	0	0	0
S(0,3)SumVarnc	680.85583	0	0	0	0	0	0	0	0	0	0	0	0	0	0	0
S(0,3)SumEntrp	2.0222791	0	0	0	0	0	0	0	0	0	0	0	0	0	0	0
S(0,3)Entropy	3.6012763	0	0	0	0	0	0	0	0	0	0	0	0	0	0	0
S(0,3)DifVarnc	227.19048	0	0	0	0	0	0	0	0	0	0	0	0	0	0	0
S(0,3)DifEntrp	1.7262535	0	0	0	0	0	0	0	0	0	0	0	0	0	0	0
_Area_S(3,3)	128018	0	0	0	0	0	0	0	0	0	0	0	0	0	0	0
S(3,3)AngScMom	0.00025713532	0	0	0	0	0	0	0	0	0	0	0	0	0	0	0
S(3,3)Contrast	687.29199	0	0	0	0	0	0	0	0	0	0	0	0	0	0	0
S(3,3)Correlat	-0.008292222	0	0	0	0	0	0	0	0	0	0	0	0	0	0	0
S(3,3)SumOfSqs	340.81984	0	0	0	0	0	0	0	0	0	0	0	0	0	0	0
S(3,3)InvDfMom	0.046027847	0	0	0	0	0	0	0	0	0	0	0	0	0	0	0
S(3,3)SumAverg	65.126982	0	0	0	0	0	0	0	0	0	0	0	0	0	0	0
S(3,3)SumVarnc	675.98738	0	0	0	0	0	0	0	0	0	0	0	0	0	0	0
S(3,3)SumEntrp	2.0208322	0	0	0	0	0	0	0	0	0	0	0	0	0	0	0
S(3,3)Entropy	3.6007305	0	0	0	0	0	0	0	0	0	0	0	0	0	0	0
S(3,3)DifVarnc	228.0778	0	0	0	0	0	0	0	0	0	0	0	0	0	0	0
S(3,3)DifEntrp	1.7279578	0	0	0	0	0	0	0	0	0	0	0	0	0	0	0
_Area_S(3,-3)	128018	0	0	0	0	0	0	0	0	0	0	0	0	0	0	0
S(3,-3)AngScMom	0.0002571081	0	0	0	0	0	0	0	0	0	0	0	0	0	0	0
S(3,-3)Contrast	683.28699	0	0	0	0	0	0	0	0	0	0	0	0	0	0	0
S(3,-3)Correlat	-0.0023990666	0	0	0	0	0	0	0	0	0	0	0	0	0	0	0
S(3,-3)SumOfSqs	340.82583	0	0	0	0	0	0	0	0	0	0	0	0	0	0	0
S(3,-3)InvDfMom	0.046692949	0	0	0	0	0	0	0	0	0	0	0	0	0	0	0
S(3,-3)SumAverg	65.125639	0	0	0	0	0	0	0	0	0	0	0	0	0	0	0
S(3,-3)SumVarnc	680.01634	0	0	0	0	0	0	0	0	0	0	0	0	0	0	0
S(3,-3)SumEntrp	2.0220707	0	0	0	0	0	0	0	0	0	0	0	0	0	0	0
S(3,-3)Entropy	3.60082	0	0	0	0	0	0	0	0	0	0	0	0	0	0	0
S(3,-3)DifVarnc	226.33985	0	0	0	0	0	0	0	0	0	0	0	0	0	0	0
S(3,-3)DifEntrp	1.7271104	0	0	0	0	0	0	0	0	0	0	0	0	0	0	0
_Area_S(4,0)	129024	0	0	0	0	0	0	0	0	0	0	0	0	0	0	0
S(4,0)AngScMom	0.00025709788	0	0	0	0	0	0	0	0	0	0	0	0	0	0	0
S(4,0)Contrast	667.08126	0	0	0	0	0	0	0	0	0	0	0	0	0	0	0
S(4,0)Correlat	0.021799798	0	0	0	0	0	0	0	0	0	0	0	0	0	0	0
S(4,0)SumOfSqs	340.97379	0	0	0	0	0	0	0	0	0	0	0	0	0	0	0
S(4,0)InvDfMom	0.048015796	0	0	0	0	0	0	0	0	0	0	0	0	0	0	0
S(4,0)SumAverg	65.127697	0	0	0	0	0	0	0	0	0	0	0	0	0	0	0
S(4,0)SumVarnc	696.8139	0	0	0	0	0	0	0	0	0	0	0	0	0	0	0
S(4,0)SumEntrp	2.0267922	0	0	0	0	0	0	0	0	0	0	0	0	0	0	0
S(4,0)Entropy	3.60082	0	0	0	0	0	0	0	0	0	0	0	0	0	0	0
S(4,0)DifVarnc	224.60998	0	0	0	0	0	0	0	0	0	0	0	0	0	0	0
S(4,0)DifEntrp	1.7224887	0	0	0	0	0	0	0	0	0	0	0	0	0	0	0
_Area_S(0,4)	129024	0	0	0	0	0	0	0	0	0	0	0	0	0	0	0
S(0,4)AngScMom	0.00025700778	0	0	0	0	0	0	0	0	0	0	0	0	0	0	0
S(0,4)Contrast	679.15045	0	0	0	0	0	0	0	0	0	0	0	0	0	0	0
S(0,4)Correlat	0.002828816	0	0	0	0	0	0	0	0	0	0	0	0	0	0	0
S(0,4)SumOfSqs	340.53855	0	0	0	0	0	0	0	0	0	0	0	0	0	0	0
S(0,4)InvDfMom	0.047457271	0	0	0	0	0	0	0	0	0	0	0	0	0	0	0
S(0,4)SumAverg	65.115792	0	0	0	0	0	0	0	0	0	0	0	0	0	0	0
S(0,4)SumVarnc	683.00374	0	0	0	0	0	0	0	0	0	0	0	0	0	0	0
S(0,4)SumEntrp	2.0228329	0	0	0	0	0	0	0	0	0	0	0	0	0	0	0
S(0,4)Entropy	3.600911	0	0	0	0	0	0	0	0	0	0	0	0	0	0	0
S(0,4)DifVarnc	226.62428	0	0	0	0	0	0	0	0	0	0	0	0	0	0	0
S(0,4)DifEntrp	1.7257778	0	0	0	0	0	0	0	0	0	0	0	0	0	0	0
_Area_S(4,4)	127008	0	0	0	0	0	0	0	0	0	0	0	0	0	0	0
S(4,4)AngScMom	0.00025685275	0	0	0	0	0	0	0	0	0	0	0	0	0	0	0
S(4,4)Contrast	682.5403	0	0	0	0	0	0	0	0	0	0	0	0	0	0	0
S(4,4)Correlat	-0.0017963856	0	0	0	0	0	0	0	0	0	0	0	0	0	0	0
S(4,4)SumOfSqs	340.65819	0	0	0	0	0	0	0	0	0	0	0	0	0	0	0
S(4,4)InvDfMom	0.047438518	0	0	0	0	0	0	0	0	0	0	0	0	0	0	0
S(4,4)SumAverg	65.127724	0	0	0	0	0	0	0	0	0	0	0	0	0	0	0
S(4,4)SumVarnc	680.09248	0	0	0	0	0	0	0	0	0	0	0	0	0	0	0
S(4,4)SumEntrp	2.0223046	0	0	0	0	0	0	0	0	0	0	0	0	0	0	0
S(4,4)Entropy	3.6010363	0	0	0	0	0	0	0	0	0	0	0	0	0	0	0
S(4,4)DifVarnc	228.42234	0	0	0	0	0	0	0	0	0	0	0	0	0	0	0
S(4,4)DifEntrp	1.7267566	0	0	0	0	0	0	0	0	0	0	0	0	0	0	0
_Area_S(4,-4)	127008	0	0	0	0	0	0	0	0	0	0	0	0	0	0	0
S(4,-4)AngScMom	0.00025693731	0	0	0	0	0	0	0	0	0	0	0	0	0	0	0
S(4,-4)Contrast	684.57179	0	0	0	0	0	0	0	0	0	0	0	0	0	0	0
S(4,-4)Correlat	-0.0047434772	0	0	0	0	0	0	0	0	0	0	0	0	0	0	0
S(4,-4)SumOfSqs	340.66994	0	0	0	0	0	0	0	0	0	0	0	0	0	0	0
S(4,-4)InvDfMom	0.046449554	0	0	0	0	0	0	0	0	0	0	0	0	0	0	0
S(4,-4)SumAverg	65.126842	0	0	0	0	0	0	0	0	0	0	0	0	0	0	0
S(4,-4)SumVarnc	678.10795	0	0	0	0	0	0	0	0	0	0	0	0	0	0	0
S(4,-4)SumEntrp	2.0216081	0	0	0	0	0	0	0	0	0	0	0	0	0	0	0
S(4,-4)Entropy	3.6009333	0	0	0	0	0	0	0	0	0	0	0	0	0	0	0
S(4,-4)DifVarnc	228.3467	0	0	0	0	0	0	0	0	0	0	0	0	0	0	0
S(4,-4)DifEntrp	1.7273622	0	0	0	0	0	0	0	0	0	0	0	0	0	0	0
_Area_S(5,0)	128512	0	0	0	0	0	0	0	0	0	0	0	0	0	0	0
S(5,0)AngScMom	0.00025736494	0	0	0	0	0	0	0	0	0	0	0	0	0	0	0
S(5,0)Contrast	673.30039	0	0	0	0	0	0	0	0	0	0	0	0	0	0	0
S(5,0)Correlat	0.012952514	0	0	0	0	0	0	0	0	0	0	0	0	0	0	0
S(5,0)SumOfSqs	341.06788	0	0	0	0	0	0	0	0	0	0	0	0	0	0	0
S(5,0)InvDfMom	0.048354728	0	0	0	0	0	0	0	0	0	0	0	0	0	0	0
S(5,0)SumAverg	65.12528	0	0	0	0	0	0	0	0	0	0	0	0	0	0	0
S(5,0)SumVarnc	690.97114	0	0	0	0	0	0	0	0	0	0	0	0	0	0	0
S(5,0)SumEntrp	2.0251571	0	0	0	0	0	0	0	0	0	0	0	0	0	0	0
S(5,0)Entropy	3.6005939	0	0	0	0	0	0	0	0	0	0	0	0	0	0	0
S(5,0)DifVarnc	225.39603	0	0	0	0	0	0	0	0	0	0	0	0	0	0	0
S(5,0)DifEntrp	1.7244625	0	0	0	0	0	0	0	0	0	0	0	0	0	0	0
_Area_S(0,5)	128512	0	0	0	0	0	0	0	0	0	0	0	0	0	0	0
S(0,5)AngScMom	0.0002567879	0	0	0	0	0	0	0	0	0	0	0	0	0	0	0
S(0,5)Contrast	685.83286	0	0	0	0	0	0	0	0	0	0	0	0	0	0	0
S(0,5)Correlat	-0.0067648385	0	0	0	0	0	0	0	0	0	0	0	0	0	0	0
S(0,5)SumOfSqs	340.61224	0	0	0	0	0	0	0	0	0	0	0	0	0	0	0
S(0,5)InvDfMom	0.046659058	0	0	0	0	0	0	0	0	0	0	0	0	0	0	0
S(0,5)SumAverg	65.115911	0	0	0	0	0	0	0	0	0	0	0	0	0	0	0
S(0,5)SumVarnc	676.61611	0	0	0	0	0	0	0	0	0	0	0	0	0	0	0
S(0,5)SumEntrp	2.0213117	0	0	0	0	0	0	0	0	0	0	0	0	0	0	0
S(0,5)Entropy	3.6011192	0	0	0	0	0	0	0	0	0	0	0	0	0	0	0
S(0,5)DifVarnc	226.85211	0	0	0	0	0	0	0	0	0	0	0	0	0	0	0
S(0,5)DifEntrp	1.7271557	0	0	0	0	0	0	0	0	0	0	0	0	0	0	0
_Area_S(5,5)	126002	0	0	0	0	0	0	0	0	0	0	0	0	0	0	0
S(5,5)AngScMom	0.00025700368	0	0	0	0	0	0	0	0	0	0	0	0	0	0	0
S(5,5)Contrast	680.70243	0	0	0	0	0	0	0	0	0	0	0	0	0	0	0
S(5,5)Correlat	0.0013583751	0	0	0	0	0	0	0	0	0	0	0	0	0	0	0
S(5,5)SumOfSqs	340.81417	0	0	0	0	0	0	0	0	0	0	0	0	0	0	0
S(5,5)InvDfMom	0.047363392	0	0	0	0	0	0	0	0	0	0	0	0	0	0	0
S(5,5)SumAverg	65.125411	0	0	0	0	0	0	0	0	0	0	0	0	0	0	0
S(5,5)SumVarnc	682.55425	0	0	0	0	0	0	0	0	0	0	0	0	0	0	0
S(5,5)SumEntrp	2.0229199	0	0	0	0	0	0	0	0	0	0	0	0	0	0	0
S(5,5)Entropy	3.6008524	0	0	0	0	0	0	0	0	0	0	0	0	0	0	0
S(5,5)DifVarnc	227.68654	0	0	0	0	0	0	0	0	0	0	0	0	0	0	0
S(5,5)DifEntrp	1.7262226	0	0	0	0	0	0	0	0	0	0	0	0	0	0	0
_Area_S(5,-5)	126002	0	0	0	0	0	0	0	0	0	0	0	0	0	0	0
S(5,-5)AngScMom	0.00025714641	0	0	0	0	0	0	0	0	0	0	0	0	0	0	0
S(5,-5)Contrast	676.225	0	0	0	0	0	0	0	0	0	0	0	0	0	0	0
S(5,-5)Correlat	0.0079915792	0	0	0	0	0	0	0	0	0	0	0	0	0	0	0
S(5,-5)SumOfSqs	340.83632	0	0	0	0	0	0	0	0	0	0	0	0	0	0	0
S(5,-5)InvDfMom	0.047624558	0	0	0	0	0	0	0	0	0	0	0	0	0	0	0
S(5,-5)SumAverg	65.123014	0	0	0	0	0	0	0	0	0	0	0	0	0	0	0
S(5,-5)SumVarnc	687.12028	0	0	0	0	0	0	0	0	0	0	0	0	0	0	0
S(5,-5)SumEntrp	2.0241539	0	0	0	0	0	0	0	0	0	0	0	0	0	0	0
S(5,-5)Entropy	3.6007204	0	0	0	0	0	0	0	0	0	0	0	0	0	0	0
S(5,-5)DifVarnc	225.7508	0	0	0	0	0	0	0	0	0	0	0	0	0	0	0
S(5,-5)DifEntrp	1.7250594	0	0	0	0	0	0	0	0	0	0	0	0	0	0	0
Horzl_RLNonUni	60993.078	0	0	0	0	0	0	0	0	0	0	0	0	0	0	0
Horzl_GLevNonU	1008.9657	0	0	0	0	0	0	0	0	0	0	0	0	0	0	0
Horzl_LngREmph	1.0752755	0	0	0	0	0	0	0	0	0	0	0	0	0	0	0
Horzl_ShrtREmp	0.98205887	0	0	0	0	0	0	0	0	0	0	0	0	0	0	0
Horzl_Fraction	0.97602844	0	0	0	0	0	0	0	0	0	0	0	0	0	0	0
Vertl_RLNonUni	62494.606	0	0	0	0	0	0	0	0	0	0	0	0	0	0	0
Vertl_GLevNonU	1017.4672	0	0	0	0	0	0	0	0	0	0	0	0	0	0	0
Vertl_LngREmph	1.0489155	0	0	0	0	0	0	0	0	0	0	0	0	0	0	0
Vertl_ShrtREmp	0.9881249	0	0	0	0	0	0	0	0	0	0	0	0	0	0	0
Vertl_Fraction	0.98417664	0	0	0	0	0	0	0	0	0	0	0	0	0	0	0
45dgr_RLNonUni	62472.237	0	0	0	0	0	0	0	0	0	0	0	0	0	0	0
45dgr_GLevNonU	1017.4929	0	0	0	0	0	0	0	0	0	0	0	0	0	0	0
45dgr_LngREmph	1.0489348	0	0	0	0	0	0	0	0	0	0	0	0	0	0	0
45dgr_ShrtREmp	0.98802473	0	0	0	0	0	0	0	0	0	0	0	0	0	0	0
45dgr_Fraction	0.98410034	0	0	0	0	0	0	0	0	0	0	0	0	0	0	0
135dr_RLNonUni	62443.939	0	0	0	0	0	0	0	0	0	0	0	0	0	0	0
135dr_GLevNonU	1017.3528	0	0	0	0	0	0	0	0	0	0	0	0	0	0	0
135dr_LngREmph	1.0493603	0	0	0	0	0	0	0	0	0	0	0	0	0	0	0
135dr_ShrtREmp	0.9879103	0	0	0	0	0	0	0	0	0	0	0	0	0	0	0
135dr_Fraction	0.98396301	0	0	0	0	0	0	0	0	0	0	0	0	0	0	0
_AreaGr	64516	0	0	0	0	0	0	0	0	0	0	0	0	0	0	0
GrMean	8.1778594	0	0	0	0	0	0	0	0	0	0	0	0	0	0	0
GrVariance	15.394594	0	0	0	0	0	0	0	0	0	0	0	0	0	0	0
GrSkewness	0.19551137	0	0	0	0	0	0	0	0	0	0	0	0	0	0	0
GrKurtosis	-0.63437824	0	0	0	0	0	0	0	0	0	0	0	0	0	0	0
GrNonZeros	0.99579949	0	0	0	0	0	0	0	0	0	0	0	0	0	0	0
_AreaARM	64770	0	0	0	0	0	0	0	0	0	0	0	0	0	0	0
Teta1	0.11339681	0	0	0	0	0	0	0	0	0	0	0	0	0	0	0
Teta2	-0.0011983045	0	0	0	0	0	0	0	0	0	0	0	0	0	0	0
Teta3	-0.0052658027	0	0	0	0	0	0	0	0	0	0	0	0	0	0	0
Teta4	0.00036823891	0	0	0	0	0	0	0	0	0	0	0	0	0	0	0
Sigma	0.99317734	0	0	0	0	0	0	0	0	0	0	0	0	0	0	0
WavEnLL_s-1	17831.887	0	0	0	0	0	0	0	0	0	0	0	0	0	0	0
WavEnLH_s-1	1532.0993	0	0	0	0	0	0	0	0	0	0	0	0	0	0	0
WavEnHL_s-1	1204.7857	0	0	0	0	0	0	0	0	0	0	0	0	0	0	0
WavEnHH_s-1	1215.7845	0	0	0	0	0	0	0	0	0	0	0	0	0	0	0
WavEnLL_s-2	16737.574	0	0	0	0	0	0	0	0	0	0	0	0	0	0	0
WavEnLH_s-2	434.83493	0	0	0	0	0	0	0	0	0	0	0	0	0	0	0
WavEnHL_s-2	322.0343	0	0	0	0	0	0	0	0	0	0	0	0	0	0	0
WavEnHH_s-2	337.44386	0	0	0	0	0	0	0	0	0	0	0	0	0	0	0
WavEnLL_s-3	16430.563	0	0	0	0	0	0	0	0	0	0	0	0	0	0	0
WavEnLH_s-3	109.61769	0	0	0	0	0	0	0	0	0	0	0	0	0	0	0
WavEnHL_s-3	94.718191	0	0	0	0	0	0	0	0	0	0	0	0	0	0	0
WavEnHH_s-3	102.67493	0	0	0	0	0	0	0	0	0	0	0	0	0	0	0
WavEnLL_s-4	16347.316	0	0	0	0	0	0	0	0	0	0	0	0	0	0	0
WavEnLH_s-4	25.331209	0	0	0	0	0	0	0	0	0	0	0	0	0	0	0
WavEnHL_s-4	30.203201	0	0	0	0	0	0	0	0	0	0	0	0	0	0	0
WavEnHH_s-4	27.712924	0	0	0	0	0	0	0	0	0	0	0	0	0	0	0
