Image File: linseeds1-a-p028.png 
ROI File: allred.roi 
Image size: 256 x 256
Min. lum.: 1
Max. lum.: 256
Bits/pixel: 8

Normalisation =  No
Histogram analysis = Yes
CO matrix analysis = Yes, Dimensions = 6 x 6, Distances = 1 2 3 4 5
RL matrix analysis = Yes, Dimension = 6
Gradient analysis = Yes, Max pixel value = 16
AR model analysis = Yes
Wavelet analysis = Yes

--------------- CLASS NAMES ----------------

----------------- FEATURES -----------------
_Area	65536	0	0	0	0	0	0	0	0	0	0	0	0	0	0	0
Mean	128.33092	0	0	0	0	0	0	0	0	0	0	0	0	0	0	0
Variance	5554.93	0	0	0	0	0	0	0	0	0	0	0	0	0	0	0
Skewness	0.011891193	0	0	0	0	0	0	0	0	0	0	0	0	0	0	0
Kurtosis	-1.2120369	0	0	0	0	0	0	0	0	0	0	0	0	0	0	0
Perc.01%	3	0	0	0	0	0	0	0	0	0	0	0	0	0	0	0
Perc.10%	26	0	0	0	0	0	0	0	0	0	0	0	0	0	0	0
Perc.50%	128	0	0	0	0	0	0	0	0	0	0	0	0	0	0	0
Perc.90%	232	0	0	0	0	0	0	0	0	0	0	0	0	0	0	0
Perc.99%	254	0	0	0	0	0	0	0	0	0	0	0	0	0	0	0
_Area_S(1,0)	130560	0	0	0	0	0	0	0	0	0	0	0	0	0	0	0
S(1,0)AngScMom	0.00027292864	0	0	0	0	0	0	0	0	0	0	0	0	0	0	0
S(1,0)Contrast	615.6985	0	0	0	0	0	0	0	0	0	0	0	0	0	0	0
S(1,0)Correlat	0.11109606	0	0	0	0	0	0	0	0	0	0	0	0	0	0	0
S(1,0)SumOfSqs	346.32454	0	0	0	0	0	0	0	0	0	0	0	0	0	0	0
S(1,0)InvDfMom	0.057645392	0	0	0	0	0	0	0	0	0	0	0	0	0	0	0
S(1,0)SumAverg	64.916452	0	0	0	0	0	0	0	0	0	0	0	0	0	0	0
S(1,0)SumVarnc	769.59967	0	0	0	0	0	0	0	0	0	0	0	0	0	0	0
S(1,0)SumEntrp	2.0433537	0	0	0	0	0	0	0	0	0	0	0	0	0	0	0
S(1,0)Entropy	3.5889217	0	0	0	0	0	0	0	0	0	0	0	0	0	0	0
S(1,0)DifVarnc	214.63161	0	0	0	0	0	0	0	0	0	0	0	0	0	0	0
S(1,0)DifEntrp	1.706354	0	0	0	0	0	0	0	0	0	0	0	0	0	0	0
_Area_S(0,1)	130560	0	0	0	0	0	0	0	0	0	0	0	0	0	0	0
S(0,1)AngScMom	0.00025570187	0	0	0	0	0	0	0	0	0	0	0	0	0	0	0
S(0,1)Contrast	688.73797	0	0	0	0	0	0	0	0	0	0	0	0	0	0	0
S(0,1)Correlat	0.0054651539	0	0	0	0	0	0	0	0	0	0	0	0	0	0	0
S(0,1)SumOfSqs	346.26136	0	0	0	0	0	0	0	0	0	0	0	0	0	0	0
S(0,1)InvDfMom	0.047198561	0	0	0	0	0	0	0	0	0	0	0	0	0	0	0
S(0,1)SumAverg	64.923912	0	0	0	0	0	0	0	0	0	0	0	0	0	0	0
S(0,1)SumVarnc	696.30746	0	0	0	0	0	0	0	0	0	0	0	0	0	0	0
S(0,1)SumEntrp	2.0266319	0	0	0	0	0	0	0	0	0	0	0	0	0	0	0
S(0,1)Entropy	3.6021149	0	0	0	0	0	0	0	0	0	0	0	0	0	0	0
S(0,1)DifVarnc	229.52945	0	0	0	0	0	0	0	0	0	0	0	0	0	0	0
S(0,1)DifEntrp	1.7281681	0	0	0	0	0	0	0	0	0	0	0	0	0	0	0
_Area_S(1,1)	130050	0	0	0	0	0	0	0	0	0	0	0	0	0	0	0
S(1,1)AngScMom	0.0002557741	0	0	0	0	0	0	0	0	0	0	0	0	0	0	0
S(1,1)Contrast	689.33796	0	0	0	0	0	0	0	0	0	0	0	0	0	0	0
S(1,1)Correlat	0.0043865247	0	0	0	0	0	0	0	0	0	0	0	0	0	0	0
S(1,1)SumOfSqs	346.18754	0	0	0	0	0	0	0	0	0	0	0	0	0	0	0
S(1,1)InvDfMom	0.046409267	0	0	0	0	0	0	0	0	0	0	0	0	0	0	0
S(1,1)SumAverg	64.921815	0	0	0	0	0	0	0	0	0	0	0	0	0	0	0
S(1,1)SumVarnc	695.4122	0	0	0	0	0	0	0	0	0	0	0	0	0	0	0
S(1,1)SumEntrp	2.026123	0	0	0	0	0	0	0	0	0	0	0	0	0	0	0
S(1,1)Entropy	3.601964	0	0	0	0	0	0	0	0	0	0	0	0	0	0	0
S(1,1)DifVarnc	229.60567	0	0	0	0	0	0	0	0	0	0	0	0	0	0	0
S(1,1)DifEntrp	1.7284862	0	0	0	0	0	0	0	0	0	0	0	0	0	0	0
_Area_S(1,-1)	130050	0	0	0	0	0	0	0	0	0	0	0	0	0	0	0
S(1,-1)AngScMom	0.00025578947	0	0	0	0	0	0	0	0	0	0	0	0	0	0	0
S(1,-1)Contrast	688.62298	0	0	0	0	0	0	0	0	0	0	0	0	0	0	0
S(1,-1)Correlat	0.0054214289	0	0	0	0	0	0	0	0	0	0	0	0	0	0	0
S(1,-1)SumOfSqs	346.18832	0	0	0	0	0	0	0	0	0	0	0	0	0	0	0
S(1,-1)InvDfMom	0.047510829	0	0	0	0	0	0	0	0	0	0	0	0	0	0	0
S(1,-1)SumAverg	64.921753	0	0	0	0	0	0	0	0	0	0	0	0	0	0	0
S(1,-1)SumVarnc	696.13032	0	0	0	0	0	0	0	0	0	0	0	0	0	0	0
S(1,-1)SumEntrp	2.0265368	0	0	0	0	0	0	0	0	0	0	0	0	0	0	0
S(1,-1)Entropy	3.601967	0	0	0	0	0	0	0	0	0	0	0	0	0	0	0
S(1,-1)DifVarnc	231.02097	0	0	0	0	0	0	0	0	0	0	0	0	0	0	0
S(1,-1)DifEntrp	1.7286158	0	0	0	0	0	0	0	0	0	0	0	0	0	0	0
_Area_S(2,0)	130048	0	0	0	0	0	0	0	0	0	0	0	0	0	0	0
S(2,0)AngScMom	0.00025978481	0	0	0	0	0	0	0	0	0	0	0	0	0	0	0
S(2,0)Contrast	652.7528	0	0	0	0	0	0	0	0	0	0	0	0	0	0	0
S(2,0)Correlat	0.05776909	0	0	0	0	0	0	0	0	0	0	0	0	0	0	0
S(2,0)SumOfSqs	346.38685	0	0	0	0	0	0	0	0	0	0	0	0	0	0	0
S(2,0)InvDfMom	0.051660703	0	0	0	0	0	0	0	0	0	0	0	0	0	0	0
S(2,0)SumAverg	64.916892	0	0	0	0	0	0	0	0	0	0	0	0	0	0	0
S(2,0)SumVarnc	732.79461	0	0	0	0	0	0	0	0	0	0	0	0	0	0	0
S(2,0)SumEntrp	2.0361496	0	0	0	0	0	0	0	0	0	0	0	0	0	0	0
S(2,0)Entropy	3.598824	0	0	0	0	0	0	0	0	0	0	0	0	0	0	0
S(2,0)DifVarnc	222.34091	0	0	0	0	0	0	0	0	0	0	0	0	0	0	0
S(2,0)DifEntrp	1.718526	0	0	0	0	0	0	0	0	0	0	0	0	0	0	0
_Area_S(0,2)	130048	0	0	0	0	0	0	0	0	0	0	0	0	0	0	0
S(0,2)AngScMom	0.00025609759	0	0	0	0	0	0	0	0	0	0	0	0	0	0	0
S(0,2)Contrast	691.07343	0	0	0	0	0	0	0	0	0	0	0	0	0	0	0
S(0,2)Correlat	0.0019048877	0	0	0	0	0	0	0	0	0	0	0	0	0	0	0
S(0,2)SumOfSqs	346.19618	0	0	0	0	0	0	0	0	0	0	0	0	0	0	0
S(0,2)InvDfMom	0.047435003	0	0	0	0	0	0	0	0	0	0	0	0	0	0	0
S(0,2)SumAverg	64.907711	0	0	0	0	0	0	0	0	0	0	0	0	0	0	0
S(0,2)SumVarnc	693.71129	0	0	0	0	0	0	0	0	0	0	0	0	0	0	0
S(0,2)SumEntrp	2.0259	0	0	0	0	0	0	0	0	0	0	0	0	0	0	0
S(0,2)Entropy	3.6017504	0	0	0	0	0	0	0	0	0	0	0	0	0	0	0
S(0,2)DifVarnc	231.28479	0	0	0	0	0	0	0	0	0	0	0	0	0	0	0
S(0,2)DifEntrp	1.7290464	0	0	0	0	0	0	0	0	0	0	0	0	0	0	0
_Area_S(2,2)	129032	0	0	0	0	0	0	0	0	0	0	0	0	0	0	0
S(2,2)AngScMom	0.00025560804	0	0	0	0	0	0	0	0	0	0	0	0	0	0	0
S(2,2)Contrast	688.86724	0	0	0	0	0	0	0	0	0	0	0	0	0	0	0
S(2,2)Correlat	0.005061854	0	0	0	0	0	0	0	0	0	0	0	0	0	0	0
S(2,2)SumOfSqs	346.18596	0	0	0	0	0	0	0	0	0	0	0	0	0	0	0
S(2,2)InvDfMom	0.047745265	0	0	0	0	0	0	0	0	0	0	0	0	0	0	0
S(2,2)SumAverg	64.906054	0	0	0	0	0	0	0	0	0	0	0	0	0	0	0
S(2,2)SumVarnc	695.87661	0	0	0	0	0	0	0	0	0	0	0	0	0	0	0
S(2,2)SumEntrp	2.0263414	0	0	0	0	0	0	0	0	0	0	0	0	0	0	0
S(2,2)Entropy	3.6021835	0	0	0	0	0	0	0	0	0	0	0	0	0	0	0
S(2,2)DifVarnc	230.77814	0	0	0	0	0	0	0	0	0	0	0	0	0	0	0
S(2,2)DifEntrp	1.7285209	0	0	0	0	0	0	0	0	0	0	0	0	0	0	0
_Area_S(2,-2)	129032	0	0	0	0	0	0	0	0	0	0	0	0	0	0	0
S(2,-2)AngScMom	0.00025624459	0	0	0	0	0	0	0	0	0	0	0	0	0	0	0
S(2,-2)Contrast	692.79295	0	0	0	0	0	0	0	0	0	0	0	0	0	0	0
S(2,-2)Correlat	-0.00061016755	0	0	0	0	0	0	0	0	0	0	0	0	0	0	0
S(2,-2)SumOfSqs	346.18524	0	0	0	0	0	0	0	0	0	0	0	0	0	0	0
S(2,-2)InvDfMom	0.047978145	0	0	0	0	0	0	0	0	0	0	0	0	0	0	0
S(2,-2)SumAverg	64.906907	0	0	0	0	0	0	0	0	0	0	0	0	0	0	0
S(2,-2)SumVarnc	691.94803	0	0	0	0	0	0	0	0	0	0	0	0	0	0	0
S(2,-2)SumEntrp	2.025397	0	0	0	0	0	0	0	0	0	0	0	0	0	0	0
S(2,-2)Entropy	3.6015996	0	0	0	0	0	0	0	0	0	0	0	0	0	0	0
S(2,-2)DifVarnc	230.04694	0	0	0	0	0	0	0	0	0	0	0	0	0	0	0
S(2,-2)DifEntrp	1.7297376	0	0	0	0	0	0	0	0	0	0	0	0	0	0	0
_Area_S(3,0)	129536	0	0	0	0	0	0	0	0	0	0	0	0	0	0	0
S(3,0)AngScMom	0.00025718613	0	0	0	0	0	0	0	0	0	0	0	0	0	0	0
S(3,0)Contrast	676.74458	0	0	0	0	0	0	0	0	0	0	0	0	0	0	0
S(3,0)Correlat	0.023386266	0	0	0	0	0	0	0	0	0	0	0	0	0	0	0
S(3,0)SumOfSqs	346.47505	0	0	0	0	0	0	0	0	0	0	0	0	0	0	0
S(3,0)InvDfMom	0.048836016	0	0	0	0	0	0	0	0	0	0	0	0	0	0	0
S(3,0)SumAverg	64.920594	0	0	0	0	0	0	0	0	0	0	0	0	0	0	0
S(3,0)SumVarnc	709.15561	0	0	0	0	0	0	0	0	0	0	0	0	0	0	0
S(3,0)SumEntrp	2.0302187	0	0	0	0	0	0	0	0	0	0	0	0	0	0	0
S(3,0)Entropy	3.6009559	0	0	0	0	0	0	0	0	0	0	0	0	0	0	0
S(3,0)DifVarnc	226.68416	0	0	0	0	0	0	0	0	0	0	0	0	0	0	0
S(3,0)DifEntrp	1.7254269	0	0	0	0	0	0	0	0	0	0	0	0	0	0	0
_Area_S(0,3)	129536	0	0	0	0	0	0	0	0	0	0	0	0	0	0	0
S(0,3)AngScMom	0.00025590838	0	0	0	0	0	0	0	0	0	0	0	0	0	0	0
S(0,3)Contrast	687.37288	0	0	0	0	0	0	0	0	0	0	0	0	0	0	0
S(0,3)Correlat	0.0072020453	0	0	0	0	0	0	0	0	0	0	0	0	0	0	0
S(0,3)SumOfSqs	346.17964	0	0	0	0	0	0	0	0	0	0	0	0	0	0	0
S(0,3)InvDfMom	0.047721912	0	0	0	0	0	0	0	0	0	0	0	0	0	0	0
S(0,3)SumAverg	64.903486	0	0	0	0	0	0	0	0	0	0	0	0	0	0	0
S(0,3)SumVarnc	697.34569	0	0	0	0	0	0	0	0	0	0	0	0	0	0	0
S(0,3)SumEntrp	2.0268721	0	0	0	0	0	0	0	0	0	0	0	0	0	0	0
S(0,3)Entropy	3.6019623	0	0	0	0	0	0	0	0	0	0	0	0	0	0	0
S(0,3)DifVarnc	230.14623	0	0	0	0	0	0	0	0	0	0	0	0	0	0	0
S(0,3)DifEntrp	1.7282122	0	0	0	0	0	0	0	0	0	0	0	0	0	0	0
_Area_S(3,3)	128018	0	0	0	0	0	0	0	0	0	0	0	0	0	0	0
S(3,3)AngScMom	0.00025600661	0	0	0	0	0	0	0	0	0	0	0	0	0	0	0
S(3,3)Contrast	690.83385	0	0	0	0	0	0	0	0	0	0	0	0	0	0	0
S(3,3)Correlat	0.0024264547	0	0	0	0	0	0	0	0	0	0	0	0	0	0	0
S(3,3)SumOfSqs	346.2571	0	0	0	0	0	0	0	0	0	0	0	0	0	0	0
S(3,3)InvDfMom	0.04756673	0	0	0	0	0	0	0	0	0	0	0	0	0	0	0
S(3,3)SumAverg	64.903717	0	0	0	0	0	0	0	0	0	0	0	0	0	0	0
S(3,3)SumVarnc	694.19456	0	0	0	0	0	0	0	0	0	0	0	0	0	0	0
S(3,3)SumEntrp	2.0258446	0	0	0	0	0	0	0	0	0	0	0	0	0	0	0
S(3,3)Entropy	3.6017745	0	0	0	0	0	0	0	0	0	0	0	0	0	0	0
S(3,3)DifVarnc	231.04432	0	0	0	0	0	0	0	0	0	0	0	0	0	0	0
S(3,3)DifEntrp	1.7290769	0	0	0	0	0	0	0	0	0	0	0	0	0	0	0
_Area_S(3,-3)	128018	0	0	0	0	0	0	0	0	0	0	0	0	0	0	0
S(3,-3)AngScMom	0.00025612657	0	0	0	0	0	0	0	0	0	0	0	0	0	0	0
S(3,-3)Contrast	688.00958	0	0	0	0	0	0	0	0	0	0	0	0	0	0	0
S(3,-3)Correlat	0.0065042773	0	0	0	0	0	0	0	0	0	0	0	0	0	0	0
S(3,-3)SumOfSqs	346.25694	0	0	0	0	0	0	0	0	0	0	0	0	0	0	0
S(3,-3)InvDfMom	0.047874512	0	0	0	0	0	0	0	0	0	0	0	0	0	0	0
S(3,-3)SumAverg	64.907201	0	0	0	0	0	0	0	0	0	0	0	0	0	0	0
S(3,-3)SumVarnc	697.01818	0	0	0	0	0	0	0	0	0	0	0	0	0	0	0
S(3,-3)SumEntrp	2.0266097	0	0	0	0	0	0	0	0	0	0	0	0	0	0	0
S(3,-3)Entropy	3.6017338	0	0	0	0	0	0	0	0	0	0	0	0	0	0	0
S(3,-3)DifVarnc	231.17463	0	0	0	0	0	0	0	0	0	0	0	0	0	0	0
S(3,-3)DifEntrp	1.728401	0	0	0	0	0	0	0	0	0	0	0	0	0	0	0
_Area_S(4,0)	129024	0	0	0	0	0	0	0	0	0	0	0	0	0	0	0
S(4,0)AngScMom	0.00025609195	0	0	0	0	0	0	0	0	0	0	0	0	0	0	0
S(4,0)Contrast	685.70481	0	0	0	0	0	0	0	0	0	0	0	0	0	0	0
S(4,0)Correlat	0.010670392	0	0	0	0	0	0	0	0	0	0	0	0	0	0	0
S(4,0)SumOfSqs	346.55023	0	0	0	0	0	0	0	0	0	0	0	0	0	0	0
S(4,0)InvDfMom	0.047430036	0	0	0	0	0	0	0	0	0	0	0	0	0	0	0
S(4,0)SumAverg	64.932586	0	0	0	0	0	0	0	0	0	0	0	0	0	0	0
S(4,0)SumVarnc	700.49612	0	0	0	0	0	0	0	0	0	0	0	0	0	0	0
S(4,0)SumEntrp	2.027766	0	0	0	0	0	0	0	0	0	0	0	0	0	0	0
S(4,0)Entropy	3.6017295	0	0	0	0	0	0	0	0	0	0	0	0	0	0	0
S(4,0)DifVarnc	230.27023	0	0	0	0	0	0	0	0	0	0	0	0	0	0	0
S(4,0)DifEntrp	1.7275323	0	0	0	0	0	0	0	0	0	0	0	0	0	0	0
_Area_S(0,4)	129024	0	0	0	0	0	0	0	0	0	0	0	0	0	0	0
S(0,4)AngScMom	0.00025587846	0	0	0	0	0	0	0	0	0	0	0	0	0	0	0
S(0,4)Contrast	687.89495	0	0	0	0	0	0	0	0	0	0	0	0	0	0	0
S(0,4)Correlat	0.0064456793	0	0	0	0	0	0	0	0	0	0	0	0	0	0	0
S(0,4)SumOfSqs	346.17883	0	0	0	0	0	0	0	0	0	0	0	0	0	0	0
S(0,4)InvDfMom	0.047194294	0	0	0	0	0	0	0	0	0	0	0	0	0	0	0
S(0,4)SumAverg	64.905459	0	0	0	0	0	0	0	0	0	0	0	0	0	0	0
S(0,4)SumVarnc	696.82038	0	0	0	0	0	0	0	0	0	0	0	0	0	0	0
S(0,4)SumEntrp	2.0266756	0	0	0	0	0	0	0	0	0	0	0	0	0	0	0
S(0,4)Entropy	3.6019255	0	0	0	0	0	0	0	0	0	0	0	0	0	0	0
S(0,4)DifVarnc	230.1776	0	0	0	0	0	0	0	0	0	0	0	0	0	0	0
S(0,4)DifEntrp	1.7281783	0	0	0	0	0	0	0	0	0	0	0	0	0	0	0
_Area_S(4,4)	127008	0	0	0	0	0	0	0	0	0	0	0	0	0	0	0
S(4,4)AngScMom	0.00025584711	0	0	0	0	0	0	0	0	0	0	0	0	0	0	0
S(4,4)Contrast	697.42504	0	0	0	0	0	0	0	0	0	0	0	0	0	0	0
S(4,4)Correlat	-0.0068650452	0	0	0	0	0	0	0	0	0	0	0	0	0	0	0
S(4,4)SumOfSqs	346.33492	0	0	0	0	0	0	0	0	0	0	0	0	0	0	0
S(4,4)InvDfMom	0.045609336	0	0	0	0	0	0	0	0	0	0	0	0	0	0	0
S(4,4)SumAverg	64.916226	0	0	0	0	0	0	0	0	0	0	0	0	0	0	0
S(4,4)SumVarnc	687.91462	0	0	0	0	0	0	0	0	0	0	0	0	0	0	0
S(4,4)SumEntrp	2.0244146	0	0	0	0	0	0	0	0	0	0	0	0	0	0	0
S(4,4)Entropy	3.6019246	0	0	0	0	0	0	0	0	0	0	0	0	0	0	0
S(4,4)DifVarnc	231.07482	0	0	0	0	0	0	0	0	0	0	0	0	0	0	0
S(4,4)DifEntrp	1.730343	0	0	0	0	0	0	0	0	0	0	0	0	0	0	0
_Area_S(4,-4)	127008	0	0	0	0	0	0	0	0	0	0	0	0	0	0	0
S(4,-4)AngScMom	0.0002560745	0	0	0	0	0	0	0	0	0	0	0	0	0	0	0
S(4,-4)Contrast	683.84228	0	0	0	0	0	0	0	0	0	0	0	0	0	0	0
S(4,-4)Correlat	0.01275302	0	0	0	0	0	0	0	0	0	0	0	0	0	0	0
S(4,-4)SumOfSqs	346.33799	0	0	0	0	0	0	0	0	0	0	0	0	0	0	0
S(4,-4)InvDfMom	0.047273674	0	0	0	0	0	0	0	0	0	0	0	0	0	0	0
S(4,-4)SumAverg	64.921832	0	0	0	0	0	0	0	0	0	0	0	0	0	0	0
S(4,-4)SumVarnc	701.5097	0	0	0	0	0	0	0	0	0	0	0	0	0	0	0
S(4,-4)SumEntrp	2.0279939	0	0	0	0	0	0	0	0	0	0	0	0	0	0	0
S(4,-4)Entropy	3.6017696	0	0	0	0	0	0	0	0	0	0	0	0	0	0	0
S(4,-4)DifVarnc	228.69892	0	0	0	0	0	0	0	0	0	0	0	0	0	0	0
S(4,-4)DifEntrp	1.7270838	0	0	0	0	0	0	0	0	0	0	0	0	0	0	0
_Area_S(5,0)	128512	0	0	0	0	0	0	0	0	0	0	0	0	0	0	0
S(5,0)AngScMom	0.00025595425	0	0	0	0	0	0	0	0	0	0	0	0	0	0	0
S(5,0)Contrast	689.86639	0	0	0	0	0	0	0	0	0	0	0	0	0	0	0
S(5,0)Correlat	0.0046213661	0	0	0	0	0	0	0	0	0	0	0	0	0	0	0
S(5,0)SumOfSqs	346.53466	0	0	0	0	0	0	0	0	0	0	0	0	0	0	0
S(5,0)InvDfMom	0.048008521	0	0	0	0	0	0	0	0	0	0	0	0	0	0	0
S(5,0)SumAverg	64.932193	0	0	0	0	0	0	0	0	0	0	0	0	0	0	0
S(5,0)SumVarnc	696.27225	0	0	0	0	0	0	0	0	0	0	0	0	0	0	0
S(5,0)SumEntrp	2.0265847	0	0	0	0	0	0	0	0	0	0	0	0	0	0	0
S(5,0)Entropy	3.6018995	0	0	0	0	0	0	0	0	0	0	0	0	0	0	0
S(5,0)DifVarnc	231.10634	0	0	0	0	0	0	0	0	0	0	0	0	0	0	0
S(5,0)DifEntrp	1.7290162	0	0	0	0	0	0	0	0	0	0	0	0	0	0	0
_Area_S(0,5)	128512	0	0	0	0	0	0	0	0	0	0	0	0	0	0	0
S(0,5)AngScMom	0.00025578665	0	0	0	0	0	0	0	0	0	0	0	0	0	0	0
S(0,5)Contrast	691.44229	0	0	0	0	0	0	0	0	0	0	0	0	0	0	0
S(0,5)Correlat	0.0016708744	0	0	0	0	0	0	0	0	0	0	0	0	0	0	0
S(0,5)SumOfSqs	346.29977	0	0	0	0	0	0	0	0	0	0	0	0	0	0	0
S(0,5)InvDfMom	0.047256088	0	0	0	0	0	0	0	0	0	0	0	0	0	0	0
S(0,5)SumAverg	64.912506	0	0	0	0	0	0	0	0	0	0	0	0	0	0	0
S(0,5)SumVarnc	693.75679	0	0	0	0	0	0	0	0	0	0	0	0	0	0	0
S(0,5)SumEntrp	2.0257859	0	0	0	0	0	0	0	0	0	0	0	0	0	0	0
S(0,5)Entropy	3.6019753	0	0	0	0	0	0	0	0	0	0	0	0	0	0	0
S(0,5)DifVarnc	230.82369	0	0	0	0	0	0	0	0	0	0	0	0	0	0	0
S(0,5)DifEntrp	1.7292015	0	0	0	0	0	0	0	0	0	0	0	0	0	0	0
_Area_S(5,5)	126002	0	0	0	0	0	0	0	0	0	0	0	0	0	0	0
S(5,5)AngScMom	0.00025612326	0	0	0	0	0	0	0	0	0	0	0	0	0	0	0
S(5,5)Contrast	690.39042	0	0	0	0	0	0	0	0	0	0	0	0	0	0	0
S(5,5)Correlat	0.0035719693	0	0	0	0	0	0	0	0	0	0	0	0	0	0	0
S(5,5)SumOfSqs	346.43266	0	0	0	0	0	0	0	0	0	0	0	0	0	0	0
S(5,5)InvDfMom	0.047226923	0	0	0	0	0	0	0	0	0	0	0	0	0	0	0
S(5,5)SumAverg	64.920573	0	0	0	0	0	0	0	0	0	0	0	0	0	0	0
S(5,5)SumVarnc	695.34021	0	0	0	0	0	0	0	0	0	0	0	0	0	0	0
S(5,5)SumEntrp	2.0261563	0	0	0	0	0	0	0	0	0	0	0	0	0	0	0
S(5,5)Entropy	3.6016936	0	0	0	0	0	0	0	0	0	0	0	0	0	0	0
S(5,5)DifVarnc	231.13901	0	0	0	0	0	0	0	0	0	0	0	0	0	0	0
S(5,5)DifEntrp	1.7287797	0	0	0	0	0	0	0	0	0	0	0	0	0	0	0
_Area_S(5,-5)	126002	0	0	0	0	0	0	0	0	0	0	0	0	0	0	0
S(5,-5)AngScMom	0.00025587963	0	0	0	0	0	0	0	0	0	0	0	0	0	0	0
S(5,-5)Contrast	692.27863	0	0	0	0	0	0	0	0	0	0	0	0	0	0	0
S(5,-5)Correlat	0.00088618175	0	0	0	0	0	0	0	0	0	0	0	0	0	0	0
S(5,-5)SumOfSqs	346.44633	0	0	0	0	0	0	0	0	0	0	0	0	0	0	0
S(5,-5)InvDfMom	0.047642758	0	0	0	0	0	0	0	0	0	0	0	0	0	0	0
S(5,-5)SumAverg	64.928715	0	0	0	0	0	0	0	0	0	0	0	0	0	0	0
S(5,-5)SumVarnc	693.50669	0	0	0	0	0	0	0	0	0	0	0	0	0	0	0
S(5,-5)SumEntrp	2.0258812	0	0	0	0	0	0	0	0	0	0	0	0	0	0	0
S(5,-5)Entropy	3.6018833	0	0	0	0	0	0	0	0	0	0	0	0	0	0	0
S(5,-5)DifVarnc	231.62539	0	0	0	0	0	0	0	0	0	0	0	0	0	0	0
S(5,-5)DifEntrp	1.7294681	0	0	0	0	0	0	0	0	0	0	0	0	0	0	0
Horzl_RLNonUni	61243.554	0	0	0	0	0	0	0	0	0	0	0	0	0	0	0
Horzl_GLevNonU	1008.4909	0	0	0	0	0	0	0	0	0	0	0	0	0	0	0
Horzl_LngREmph	1.071113	0	0	0	0	0	0	0	0	0	0	0	0	0	0	0
Horzl_ShrtREmp	0.98309134	0	0	0	0	0	0	0	0	0	0	0	0	0	0	0
Horzl_Fraction	0.97737122	0	0	0	0	0	0	0	0	0	0	0	0	0	0	0
Vertl_RLNonUni	62513.381	0	0	0	0	0	0	0	0	0	0	0	0	0	0	0
Vertl_GLevNonU	1016.0739	0	0	0	0	0	0	0	0	0	0	0	0	0	0	0
Vertl_LngREmph	1.0483041	0	0	0	0	0	0	0	0	0	0	0	0	0	0	0
Vertl_ShrtREmp	0.98819149	0	0	0	0	0	0	0	0	0	0	0	0	0	0	0
Vertl_Fraction	0.98431396	0	0	0	0	0	0	0	0	0	0	0	0	0	0	0
45dgr_RLNonUni	62500.573	0	0	0	0	0	0	0	0	0	0	0	0	0	0	0
45dgr_GLevNonU	1015.9298	0	0	0	0	0	0	0	0	0	0	0	0	0	0	0
45dgr_LngREmph	1.0485404	0	0	0	0	0	0	0	0	0	0	0	0	0	0	0
45dgr_ShrtREmp	0.98814052	0	0	0	0	0	0	0	0	0	0	0	0	0	0	0
45dgr_Fraction	0.98423767	0	0	0	0	0	0	0	0	0	0	0	0	0	0	0
135dr_RLNonUni	62469.022	0	0	0	0	0	0	0	0	0	0	0	0	0	0	0
135dr_GLevNonU	1015.7283	0	0	0	0	0	0	0	0	0	0	0	0	0	0	0
135dr_LngREmph	1.0493883	0	0	0	0	0	0	0	0	0	0	0	0	0	0	0
135dr_ShrtREmp	0.98802391	0	0	0	0	0	0	0	0	0	0	0	0	0	0	0
135dr_Fraction	0.98402405	0	0	0	0	0	0	0	0	0	0	0	0	0	0	0
_AreaGr	64516	0	0	0	0	0	0	0	0	0	0	0	0	0	0	0
GrMean	8.2487839	0	0	0	0	0	0	0	0	0	0	0	0	0	0	0
GrVariance	15.487974	0	0	0	0	0	0	0	0	0	0	0	0	0	0	0
GrSkewness	0.17599354	0	0	0	0	0	0	0	0	0	0	0	0	0	0	0
GrKurtosis	-0.66252149	0	0	0	0	0	0	0	0	0	0	0	0	0	0	0
GrNonZeros	0.99593899	0	0	0	0	0	0	0	0	0	0	0	0	0	0	0
_AreaARM	64770	0	0	0	0	0	0	0	0	0	0	0	0	0	0	0
Teta1	0.11082334	0	0	0	0	0	0	0	0	0	0	0	0	0	0	0
Teta2	0.0040925419	0	0	0	0	0	0	0	0	0	0	0	0	0	0	0
Teta3	0.0043634391	0	0	0	0	0	0	0	0	0	0	0	0	0	0	0
Teta4	0.0044202838	0	0	0	0	0	0	0	0	0	0	0	0	0	0	0
Sigma	0.9932891	0	0	0	0	0	0	0	0	0	0	0	0	0	0	0
WavEnLL_s-1	17767.32	0	0	0	0	0	0	0	0	0	0	0	0	0	0	0
WavEnLH_s-1	1515.4365	0	0	0	0	0	0	0	0	0	0	0	0	0	0	0
WavEnHL_s-1	1243.8419	0	0	0	0	0	0	0	0	0	0	0	0	0	0	0
WavEnHH_s-1	1241.4938	0	0	0	0	0	0	0	0	0	0	0	0	0	0	0
WavEnLL_s-2	16658.468	0	0	0	0	0	0	0	0	0	0	0	0	0	0	0
WavEnLH_s-2	421.93022	0	0	0	0	0	0	0	0	0	0	0	0	0	0	0
WavEnHL_s-2	341.6668	0	0	0	0	0	0	0	0	0	0	0	0	0	0	0
WavEnHH_s-2	345.25574	0	0	0	0	0	0	0	0	0	0	0	0	0	0	0
WavEnLL_s-3	16344.442	0	0	0	0	0	0	0	0	0	0	0	0	0	0	0
WavEnLH_s-3	109.04536	0	0	0	0	0	0	0	0	0	0	0	0	0	0	0
WavEnHL_s-3	104.14039	0	0	0	0	0	0	0	0	0	0	0	0	0	0	0
WavEnHH_s-3	100.83982	0	0	0	0	0	0	0	0	0	0	0	0	0	0	0
WavEnLL_s-4	16252.101	0	0	0	0	0	0	0	0	0	0	0	0	0	0	0
WavEnLH_s-4	32.061113	0	0	0	0	0	0	0	0	0	0	0	0	0	0	0
WavEnHL_s-4	28.380036	0	0	0	0	0	0	0	0	0	0	0	0	0	0	0
WavEnHH_s-4	31.900188	0	0	0	0	0	0	0	0	0	0	0	0	0	0	0
