Image File: linseeds1-a-p007.png 
ROI File: allred.roi 
Image size: 256 x 256
Min. lum.: 1
Max. lum.: 256
Bits/pixel: 8

Normalisation =  No
Histogram analysis = Yes
CO matrix analysis = Yes, Dimensions = 6 x 6, Distances = 1 2 3 4 5
RL matrix analysis = Yes, Dimension = 6
Gradient analysis = Yes, Max pixel value = 16
AR model analysis = Yes
Wavelet analysis = Yes

--------------- CLASS NAMES ----------------

----------------- FEATURES -----------------
_Area	65536	0	0	0	0	0	0	0	0	0	0	0	0	0	0	0
Mean	131.72937	0	0	0	0	0	0	0	0	0	0	0	0	0	0	0
Variance	5387.6974	0	0	0	0	0	0	0	0	0	0	0	0	0	0	0
Skewness	-0.034760769	0	0	0	0	0	0	0	0	0	0	0	0	0	0	0
Kurtosis	-1.1807392	0	0	0	0	0	0	0	0	0	0	0	0	0	0	0
Perc.01%	3	0	0	0	0	0	0	0	0	0	0	0	0	0	0	0
Perc.10%	30	0	0	0	0	0	0	0	0	0	0	0	0	0	0	0
Perc.50%	133	0	0	0	0	0	0	0	0	0	0	0	0	0	0	0
Perc.90%	233	0	0	0	0	0	0	0	0	0	0	0	0	0	0	0
Perc.99%	254	0	0	0	0	0	0	0	0	0	0	0	0	0	0	0
_Area_S(1,0)	130560	0	0	0	0	0	0	0	0	0	0	0	0	0	0	0
S(1,0)AngScMom	0.0002815314	0	0	0	0	0	0	0	0	0	0	0	0	0	0	0
S(1,0)Contrast	607.7941	0	0	0	0	0	0	0	0	0	0	0	0	0	0	0
S(1,0)Correlat	0.095151697	0	0	0	0	0	0	0	0	0	0	0	0	0	0	0
S(1,0)SumOfSqs	335.85414	0	0	0	0	0	0	0	0	0	0	0	0	0	0	0
S(1,0)InvDfMom	0.059014504	0	0	0	0	0	0	0	0	0	0	0	0	0	0	0
S(1,0)SumAverg	66.582583	0	0	0	0	0	0	0	0	0	0	0	0	0	0	0
S(1,0)SumVarnc	735.62247	0	0	0	0	0	0	0	0	0	0	0	0	0	0	0
S(1,0)SumEntrp	2.0355422	0	0	0	0	0	0	0	0	0	0	0	0	0	0	0
S(1,0)Entropy	3.5834391	0	0	0	0	0	0	0	0	0	0	0	0	0	0	0
S(1,0)DifVarnc	211.74813	0	0	0	0	0	0	0	0	0	0	0	0	0	0	0
S(1,0)DifEntrp	1.7042597	0	0	0	0	0	0	0	0	0	0	0	0	0	0	0
_Area_S(0,1)	130560	0	0	0	0	0	0	0	0	0	0	0	0	0	0	0
S(0,1)AngScMom	0.00025835717	0	0	0	0	0	0	0	0	0	0	0	0	0	0	0
S(0,1)Contrast	665.74718	0	0	0	0	0	0	0	0	0	0	0	0	0	0	0
S(0,1)Correlat	0.0081576233	0	0	0	0	0	0	0	0	0	0	0	0	0	0	0
S(0,1)SumOfSqs	335.61138	0	0	0	0	0	0	0	0	0	0	0	0	0	0	0
S(0,1)InvDfMom	0.048295533	0	0	0	0	0	0	0	0	0	0	0	0	0	0	0
S(0,1)SumAverg	66.603401	0	0	0	0	0	0	0	0	0	0	0	0	0	0	0
S(0,1)SumVarnc	676.69835	0	0	0	0	0	0	0	0	0	0	0	0	0	0	0
S(0,1)SumEntrp	2.021422	0	0	0	0	0	0	0	0	0	0	0	0	0	0	0
S(0,1)Entropy	3.5996511	0	0	0	0	0	0	0	0	0	0	0	0	0	0	0
S(0,1)DifVarnc	223.64245	0	0	0	0	0	0	0	0	0	0	0	0	0	0	0
S(0,1)DifEntrp	1.7224734	0	0	0	0	0	0	0	0	0	0	0	0	0	0	0
_Area_S(1,1)	130050	0	0	0	0	0	0	0	0	0	0	0	0	0	0	0
S(1,1)AngScMom	0.00025864006	0	0	0	0	0	0	0	0	0	0	0	0	0	0	0
S(1,1)Contrast	671.46736	0	0	0	0	0	0	0	0	0	0	0	0	0	0	0
S(1,1)Correlat	-0.00041572144	0	0	0	0	0	0	0	0	0	0	0	0	0	0	0
S(1,1)SumOfSqs	335.59417	0	0	0	0	0	0	0	0	0	0	0	0	0	0	0
S(1,1)InvDfMom	0.0468676	0	0	0	0	0	0	0	0	0	0	0	0	0	0	0
S(1,1)SumAverg	66.592864	0	0	0	0	0	0	0	0	0	0	0	0	0	0	0
S(1,1)SumVarnc	670.9093	0	0	0	0	0	0	0	0	0	0	0	0	0	0	0
S(1,1)SumEntrp	2.0195304	0	0	0	0	0	0	0	0	0	0	0	0	0	0	0
S(1,1)Entropy	3.5993101	0	0	0	0	0	0	0	0	0	0	0	0	0	0	0
S(1,1)DifVarnc	223.602	0	0	0	0	0	0	0	0	0	0	0	0	0	0	0
S(1,1)DifEntrp	1.7241834	0	0	0	0	0	0	0	0	0	0	0	0	0	0	0
_Area_S(1,-1)	130050	0	0	0	0	0	0	0	0	0	0	0	0	0	0	0
S(1,-1)AngScMom	0.00025846304	0	0	0	0	0	0	0	0	0	0	0	0	0	0	0
S(1,-1)Contrast	671.15017	0	0	0	0	0	0	0	0	0	0	0	0	0	0	0
S(1,-1)Correlat	6.5815203e-05	0	0	0	0	0	0	0	0	0	0	0	0	0	0	0
S(1,-1)SumOfSqs	335.59717	0	0	0	0	0	0	0	0	0	0	0	0	0	0	0
S(1,-1)InvDfMom	0.046666953	0	0	0	0	0	0	0	0	0	0	0	0	0	0	0
S(1,-1)SumAverg	66.59291	0	0	0	0	0	0	0	0	0	0	0	0	0	0	0
S(1,-1)SumVarnc	671.23852	0	0	0	0	0	0	0	0	0	0	0	0	0	0	0
S(1,-1)SumEntrp	2.0196409	0	0	0	0	0	0	0	0	0	0	0	0	0	0	0
S(1,-1)Entropy	3.5995918	0	0	0	0	0	0	0	0	0	0	0	0	0	0	0
S(1,-1)DifVarnc	224.29641	0	0	0	0	0	0	0	0	0	0	0	0	0	0	0
S(1,-1)DifEntrp	1.7238688	0	0	0	0	0	0	0	0	0	0	0	0	0	0	0
_Area_S(2,0)	130048	0	0	0	0	0	0	0	0	0	0	0	0	0	0	0
S(2,0)AngScMom	0.00026176429	0	0	0	0	0	0	0	0	0	0	0	0	0	0	0
S(2,0)Contrast	644.10502	0	0	0	0	0	0	0	0	0	0	0	0	0	0	0
S(2,0)Correlat	0.040968162	0	0	0	0	0	0	0	0	0	0	0	0	0	0	0
S(2,0)SumOfSqs	335.81003	0	0	0	0	0	0	0	0	0	0	0	0	0	0	0
S(2,0)InvDfMom	0.05046696	0	0	0	0	0	0	0	0	0	0	0	0	0	0	0
S(2,0)SumAverg	66.581616	0	0	0	0	0	0	0	0	0	0	0	0	0	0	0
S(2,0)SumVarnc	699.1351	0	0	0	0	0	0	0	0	0	0	0	0	0	0	0
S(2,0)SumEntrp	2.0275553	0	0	0	0	0	0	0	0	0	0	0	0	0	0	0
S(2,0)Entropy	3.5969929	0	0	0	0	0	0	0	0	0	0	0	0	0	0	0
S(2,0)DifVarnc	215.979	0	0	0	0	0	0	0	0	0	0	0	0	0	0	0
S(2,0)DifEntrp	1.7160876	0	0	0	0	0	0	0	0	0	0	0	0	0	0	0
_Area_S(0,2)	130048	0	0	0	0	0	0	0	0	0	0	0	0	0	0	0
S(0,2)AngScMom	0.00025839471	0	0	0	0	0	0	0	0	0	0	0	0	0	0	0
S(0,2)Contrast	674.10093	0	0	0	0	0	0	0	0	0	0	0	0	0	0	0
S(0,2)Correlat	-0.0046155614	0	0	0	0	0	0	0	0	0	0	0	0	0	0	0
S(0,2)SumOfSqs	335.50194	0	0	0	0	0	0	0	0	0	0	0	0	0	0	0
S(0,2)InvDfMom	0.046347096	0	0	0	0	0	0	0	0	0	0	0	0	0	0	0
S(0,2)SumAverg	66.58989	0	0	0	0	0	0	0	0	0	0	0	0	0	0	0
S(0,2)SumVarnc	667.90681	0	0	0	0	0	0	0	0	0	0	0	0	0	0	0
S(0,2)SumEntrp	2.0189185	0	0	0	0	0	0	0	0	0	0	0	0	0	0	0
S(0,2)Entropy	3.5996433	0	0	0	0	0	0	0	0	0	0	0	0	0	0	0
S(0,2)DifVarnc	225.28526	0	0	0	0	0	0	0	0	0	0	0	0	0	0	0
S(0,2)DifEntrp	1.7244544	0	0	0	0	0	0	0	0	0	0	0	0	0	0	0
_Area_S(2,2)	129032	0	0	0	0	0	0	0	0	0	0	0	0	0	0	0
S(2,2)AngScMom	0.00025907979	0	0	0	0	0	0	0	0	0	0	0	0	0	0	0
S(2,2)Contrast	673.08903	0	0	0	0	0	0	0	0	0	0	0	0	0	0	0
S(2,2)Correlat	-0.003300114	0	0	0	0	0	0	0	0	0	0	0	0	0	0	0
S(2,2)SumOfSqs	335.43753	0	0	0	0	0	0	0	0	0	0	0	0	0	0	0
S(2,2)InvDfMom	0.046968651	0	0	0	0	0	0	0	0	0	0	0	0	0	0	0
S(2,2)SumAverg	66.577872	0	0	0	0	0	0	0	0	0	0	0	0	0	0	0
S(2,2)SumVarnc	668.6611	0	0	0	0	0	0	0	0	0	0	0	0	0	0	0
S(2,2)SumEntrp	2.0189803	0	0	0	0	0	0	0	0	0	0	0	0	0	0	0
S(2,2)Entropy	3.5990283	0	0	0	0	0	0	0	0	0	0	0	0	0	0	0
S(2,2)DifVarnc	225.55499	0	0	0	0	0	0	0	0	0	0	0	0	0	0	0
S(2,2)DifEntrp	1.7240884	0	0	0	0	0	0	0	0	0	0	0	0	0	0	0
_Area_S(2,-2)	129032	0	0	0	0	0	0	0	0	0	0	0	0	0	0	0
S(2,-2)AngScMom	0.00025881227	0	0	0	0	0	0	0	0	0	0	0	0	0	0	0
S(2,-2)Contrast	679.50783	0	0	0	0	0	0	0	0	0	0	0	0	0	0	0
S(2,-2)Correlat	-0.012858299	0	0	0	0	0	0	0	0	0	0	0	0	0	0	0
S(2,-2)SumOfSqs	335.44072	0	0	0	0	0	0	0	0	0	0	0	0	0	0	0
S(2,-2)InvDfMom	0.046268183	0	0	0	0	0	0	0	0	0	0	0	0	0	0	0
S(2,-2)SumAverg	66.579221	0	0	0	0	0	0	0	0	0	0	0	0	0	0	0
S(2,-2)SumVarnc	662.25504	0	0	0	0	0	0	0	0	0	0	0	0	0	0	0
S(2,-2)SumEntrp	2.0172174	0	0	0	0	0	0	0	0	0	0	0	0	0	0	0
S(2,-2)Entropy	3.5992583	0	0	0	0	0	0	0	0	0	0	0	0	0	0	0
S(2,-2)DifVarnc	225.97219	0	0	0	0	0	0	0	0	0	0	0	0	0	0	0
S(2,-2)DifEntrp	1.725967	0	0	0	0	0	0	0	0	0	0	0	0	0	0	0
_Area_S(3,0)	129536	0	0	0	0	0	0	0	0	0	0	0	0	0	0	0
S(3,0)AngScMom	0.00025903325	0	0	0	0	0	0	0	0	0	0	0	0	0	0	0
S(3,0)Contrast	657.81196	0	0	0	0	0	0	0	0	0	0	0	0	0	0	0
S(3,0)Correlat	0.02073473	0	0	0	0	0	0	0	0	0	0	0	0	0	0	0
S(3,0)SumOfSqs	335.87016	0	0	0	0	0	0	0	0	0	0	0	0	0	0	0
S(3,0)InvDfMom	0.049168646	0	0	0	0	0	0	0	0	0	0	0	0	0	0	0
S(3,0)SumAverg	66.576164	0	0	0	0	0	0	0	0	0	0	0	0	0	0	0
S(3,0)SumVarnc	685.66867	0	0	0	0	0	0	0	0	0	0	0	0	0	0	0
S(3,0)SumEntrp	2.0240666	0	0	0	0	0	0	0	0	0	0	0	0	0	0	0
S(3,0)Entropy	3.5991362	0	0	0	0	0	0	0	0	0	0	0	0	0	0	0
S(3,0)DifVarnc	220.99563	0	0	0	0	0	0	0	0	0	0	0	0	0	0	0
S(3,0)DifEntrp	1.7200267	0	0	0	0	0	0	0	0	0	0	0	0	0	0	0
_Area_S(0,3)	129536	0	0	0	0	0	0	0	0	0	0	0	0	0	0	0
S(0,3)AngScMom	0.00025866137	0	0	0	0	0	0	0	0	0	0	0	0	0	0	0
S(0,3)Contrast	667.03794	0	0	0	0	0	0	0	0	0	0	0	0	0	0	0
S(0,3)Correlat	0.0061036035	0	0	0	0	0	0	0	0	0	0	0	0	0	0	0
S(0,3)SumOfSqs	335.56714	0	0	0	0	0	0	0	0	0	0	0	0	0	0	0
S(0,3)InvDfMom	0.047255619	0	0	0	0	0	0	0	0	0	0	0	0	0	0	0
S(0,3)SumAverg	66.586787	0	0	0	0	0	0	0	0	0	0	0	0	0	0	0
S(0,3)SumVarnc	675.23061	0	0	0	0	0	0	0	0	0	0	0	0	0	0	0
S(0,3)SumEntrp	2.0208098	0	0	0	0	0	0	0	0	0	0	0	0	0	0	0
S(0,3)Entropy	3.5994284	0	0	0	0	0	0	0	0	0	0	0	0	0	0	0
S(0,3)DifVarnc	222.92565	0	0	0	0	0	0	0	0	0	0	0	0	0	0	0
S(0,3)DifEntrp	1.7226148	0	0	0	0	0	0	0	0	0	0	0	0	0	0	0
_Area_S(3,3)	128018	0	0	0	0	0	0	0	0	0	0	0	0	0	0	0
S(3,3)AngScMom	0.00025888983	0	0	0	0	0	0	0	0	0	0	0	0	0	0	0
S(3,3)Contrast	667.73076	0	0	0	0	0	0	0	0	0	0	0	0	0	0	0
S(3,3)Correlat	0.0050764799	0	0	0	0	0	0	0	0	0	0	0	0	0	0	0
S(3,3)SumOfSqs	335.56889	0	0	0	0	0	0	0	0	0	0	0	0	0	0	0
S(3,3)InvDfMom	0.048400243	0	0	0	0	0	0	0	0	0	0	0	0	0	0	0
S(3,3)SumAverg	66.56967	0	0	0	0	0	0	0	0	0	0	0	0	0	0	0
S(3,3)SumVarnc	674.54479	0	0	0	0	0	0	0	0	0	0	0	0	0	0	0
S(3,3)SumEntrp	2.0204451	0	0	0	0	0	0	0	0	0	0	0	0	0	0	0
S(3,3)Entropy	3.5992454	0	0	0	0	0	0	0	0	0	0	0	0	0	0	0
S(3,3)DifVarnc	223.76586	0	0	0	0	0	0	0	0	0	0	0	0	0	0	0
S(3,3)DifEntrp	1.7230762	0	0	0	0	0	0	0	0	0	0	0	0	0	0	0
_Area_S(3,-3)	128018	0	0	0	0	0	0	0	0	0	0	0	0	0	0	0
S(3,-3)AngScMom	0.00025902199	0	0	0	0	0	0	0	0	0	0	0	0	0	0	0
S(3,-3)Contrast	671.83769	0	0	0	0	0	0	0	0	0	0	0	0	0	0	0
S(3,-3)Correlat	-0.0010637881	0	0	0	0	0	0	0	0	0	0	0	0	0	0	0
S(3,-3)SumOfSqs	335.56188	0	0	0	0	0	0	0	0	0	0	0	0	0	0	0
S(3,-3)InvDfMom	0.047135164	0	0	0	0	0	0	0	0	0	0	0	0	0	0	0
S(3,-3)SumAverg	66.570217	0	0	0	0	0	0	0	0	0	0	0	0	0	0	0
S(3,-3)SumVarnc	670.40983	0	0	0	0	0	0	0	0	0	0	0	0	0	0	0
S(3,-3)SumEntrp	2.0195118	0	0	0	0	0	0	0	0	0	0	0	0	0	0	0
S(3,-3)Entropy	3.5990788	0	0	0	0	0	0	0	0	0	0	0	0	0	0	0
S(3,-3)DifVarnc	223.60763	0	0	0	0	0	0	0	0	0	0	0	0	0	0	0
S(3,-3)DifEntrp	1.7237826	0	0	0	0	0	0	0	0	0	0	0	0	0	0	0
_Area_S(4,0)	129024	0	0	0	0	0	0	0	0	0	0	0	0	0	0	0
S(4,0)AngScMom	0.00025876219	0	0	0	0	0	0	0	0	0	0	0	0	0	0	0
S(4,0)Contrast	664.76776	0	0	0	0	0	0	0	0	0	0	0	0	0	0	0
S(4,0)Correlat	0.010333607	0	0	0	0	0	0	0	0	0	0	0	0	0	0	0
S(4,0)SumOfSqs	335.85447	0	0	0	0	0	0	0	0	0	0	0	0	0	0	0
S(4,0)InvDfMom	0.047166861	0	0	0	0	0	0	0	0	0	0	0	0	0	0	0
S(4,0)SumAverg	66.571057	0	0	0	0	0	0	0	0	0	0	0	0	0	0	0
S(4,0)SumVarnc	678.65012	0	0	0	0	0	0	0	0	0	0	0	0	0	0	0
S(4,0)SumEntrp	2.0218866	0	0	0	0	0	0	0	0	0	0	0	0	0	0	0
S(4,0)Entropy	3.5992296	0	0	0	0	0	0	0	0	0	0	0	0	0	0	0
S(4,0)DifVarnc	221.05005	0	0	0	0	0	0	0	0	0	0	0	0	0	0	0
S(4,0)DifEntrp	1.7218682	0	0	0	0	0	0	0	0	0	0	0	0	0	0	0
_Area_S(0,4)	129024	0	0	0	0	0	0	0	0	0	0	0	0	0	0	0
S(0,4)AngScMom	0.00025852575	0	0	0	0	0	0	0	0	0	0	0	0	0	0	0
S(0,4)Contrast	666.75842	0	0	0	0	0	0	0	0	0	0	0	0	0	0	0
S(0,4)Correlat	0.0063306431	0	0	0	0	0	0	0	0	0	0	0	0	0	0	0
S(0,4)SumOfSqs	335.50316	0	0	0	0	0	0	0	0	0	0	0	0	0	0	0
S(0,4)InvDfMom	0.048088793	0	0	0	0	0	0	0	0	0	0	0	0	0	0	0
S(0,4)SumAverg	66.59113	0	0	0	0	0	0	0	0	0	0	0	0	0	0	0
S(0,4)SumVarnc	675.25422	0	0	0	0	0	0	0	0	0	0	0	0	0	0	0
S(0,4)SumEntrp	2.0210167	0	0	0	0	0	0	0	0	0	0	0	0	0	0	0
S(0,4)Entropy	3.5994191	0	0	0	0	0	0	0	0	0	0	0	0	0	0	0
S(0,4)DifVarnc	224.07126	0	0	0	0	0	0	0	0	0	0	0	0	0	0	0
S(0,4)DifEntrp	1.7227087	0	0	0	0	0	0	0	0	0	0	0	0	0	0	0
_Area_S(4,4)	127008	0	0	0	0	0	0	0	0	0	0	0	0	0	0	0
S(4,4)AngScMom	0.00025867198	0	0	0	0	0	0	0	0	0	0	0	0	0	0	0
S(4,4)Contrast	670.61637	0	0	0	0	0	0	0	0	0	0	0	0	0	0	0
S(4,4)Correlat	0.00057529202	0	0	0	0	0	0	0	0	0	0	0	0	0	0	0
S(4,4)SumOfSqs	335.5012	0	0	0	0	0	0	0	0	0	0	0	0	0	0	0
S(4,4)InvDfMom	0.045859674	0	0	0	0	0	0	0	0	0	0	0	0	0	0	0
S(4,4)SumAverg	66.570326	0	0	0	0	0	0	0	0	0	0	0	0	0	0	0
S(4,4)SumVarnc	671.38842	0	0	0	0	0	0	0	0	0	0	0	0	0	0	0
S(4,4)SumEntrp	2.0195506	0	0	0	0	0	0	0	0	0	0	0	0	0	0	0
S(4,4)Entropy	3.5993467	0	0	0	0	0	0	0	0	0	0	0	0	0	0	0
S(4,4)DifVarnc	222.48059	0	0	0	0	0	0	0	0	0	0	0	0	0	0	0
S(4,4)DifEntrp	1.7236249	0	0	0	0	0	0	0	0	0	0	0	0	0	0	0
_Area_S(4,-4)	127008	0	0	0	0	0	0	0	0	0	0	0	0	0	0	0
S(4,-4)AngScMom	0.00025881816	0	0	0	0	0	0	0	0	0	0	0	0	0	0	0
S(4,-4)Contrast	671.00729	0	0	0	0	0	0	0	0	0	0	0	0	0	0	0
S(4,-4)Correlat	-8.301238e-05	0	0	0	0	0	0	0	0	0	0	0	0	0	0	0
S(4,-4)SumOfSqs	335.4758	0	0	0	0	0	0	0	0	0	0	0	0	0	0	0
S(4,-4)InvDfMom	0.047499554	0	0	0	0	0	0	0	0	0	0	0	0	0	0	0
S(4,-4)SumAverg	66.569303	0	0	0	0	0	0	0	0	0	0	0	0	0	0	0
S(4,-4)SumVarnc	670.8959	0	0	0	0	0	0	0	0	0	0	0	0	0	0	0
S(4,-4)SumEntrp	2.0194016	0	0	0	0	0	0	0	0	0	0	0	0	0	0	0
S(4,-4)Entropy	3.5992332	0	0	0	0	0	0	0	0	0	0	0	0	0	0	0
S(4,-4)DifVarnc	224.54138	0	0	0	0	0	0	0	0	0	0	0	0	0	0	0
S(4,-4)DifEntrp	1.7240594	0	0	0	0	0	0	0	0	0	0	0	0	0	0	0
_Area_S(5,0)	128512	0	0	0	0	0	0	0	0	0	0	0	0	0	0	0
S(5,0)AngScMom	0.00025831848	0	0	0	0	0	0	0	0	0	0	0	0	0	0	0
S(5,0)Contrast	667.57834	0	0	0	0	0	0	0	0	0	0	0	0	0	0	0
S(5,0)Correlat	0.0063676432	0	0	0	0	0	0	0	0	0	0	0	0	0	0	0
S(5,0)SumOfSqs	335.92824	0	0	0	0	0	0	0	0	0	0	0	0	0	0	0
S(5,0)InvDfMom	0.046994905	0	0	0	0	0	0	0	0	0	0	0	0	0	0	0
S(5,0)SumAverg	66.573736	0	0	0	0	0	0	0	0	0	0	0	0	0	0	0
S(5,0)SumVarnc	676.13463	0	0	0	0	0	0	0	0	0	0	0	0	0	0	0
S(5,0)SumEntrp	2.0211554	0	0	0	0	0	0	0	0	0	0	0	0	0	0	0
S(5,0)Entropy	3.5996594	0	0	0	0	0	0	0	0	0	0	0	0	0	0	0
S(5,0)DifVarnc	222.97208	0	0	0	0	0	0	0	0	0	0	0	0	0	0	0
S(5,0)DifEntrp	1.722469	0	0	0	0	0	0	0	0	0	0	0	0	0	0	0
_Area_S(0,5)	128512	0	0	0	0	0	0	0	0	0	0	0	0	0	0	0
S(0,5)AngScMom	0.00025865066	0	0	0	0	0	0	0	0	0	0	0	0	0	0	0
S(0,5)Contrast	673.24701	0	0	0	0	0	0	0	0	0	0	0	0	0	0	0
S(0,5)Correlat	-0.0032741905	0	0	0	0	0	0	0	0	0	0	0	0	0	0	0
S(0,5)SumOfSqs	335.52493	0	0	0	0	0	0	0	0	0	0	0	0	0	0	0
S(0,5)InvDfMom	0.045951088	0	0	0	0	0	0	0	0	0	0	0	0	0	0	0
S(0,5)SumAverg	66.584381	0	0	0	0	0	0	0	0	0	0	0	0	0	0	0
S(0,5)SumVarnc	668.85272	0	0	0	0	0	0	0	0	0	0	0	0	0	0	0
S(0,5)SumEntrp	2.0191703	0	0	0	0	0	0	0	0	0	0	0	0	0	0	0
S(0,5)Entropy	3.599346	0	0	0	0	0	0	0	0	0	0	0	0	0	0	0
S(0,5)DifVarnc	223.72862	0	0	0	0	0	0	0	0	0	0	0	0	0	0	0
S(0,5)DifEntrp	1.7242489	0	0	0	0	0	0	0	0	0	0	0	0	0	0	0
_Area_S(5,5)	126002	0	0	0	0	0	0	0	0	0	0	0	0	0	0	0
S(5,5)AngScMom	0.00025928252	0	0	0	0	0	0	0	0	0	0	0	0	0	0	0
S(5,5)Contrast	670.59682	0	0	0	0	0	0	0	0	0	0	0	0	0	0	0
S(5,5)Correlat	0.00088485895	0	0	0	0	0	0	0	0	0	0	0	0	0	0	0
S(5,5)SumOfSqs	335.59536	0	0	0	0	0	0	0	0	0	0	0	0	0	0	0
S(5,5)InvDfMom	0.04770403	0	0	0	0	0	0	0	0	0	0	0	0	0	0	0
S(5,5)SumAverg	66.565769	0	0	0	0	0	0	0	0	0	0	0	0	0	0	0
S(5,5)SumVarnc	671.78463	0	0	0	0	0	0	0	0	0	0	0	0	0	0	0
S(5,5)SumEntrp	2.0199234	0	0	0	0	0	0	0	0	0	0	0	0	0	0	0
S(5,5)Entropy	3.5987755	0	0	0	0	0	0	0	0	0	0	0	0	0	0	0
S(5,5)DifVarnc	223.46307	0	0	0	0	0	0	0	0	0	0	0	0	0	0	0
S(5,5)DifEntrp	1.7235268	0	0	0	0	0	0	0	0	0	0	0	0	0	0	0
_Area_S(5,-5)	126002	0	0	0	0	0	0	0	0	0	0	0	0	0	0	0
S(5,-5)AngScMom	0.00025902503	0	0	0	0	0	0	0	0	0	0	0	0	0	0	0
S(5,-5)Contrast	666.71508	0	0	0	0	0	0	0	0	0	0	0	0	0	0	0
S(5,-5)Correlat	0.0065674497	0	0	0	0	0	0	0	0	0	0	0	0	0	0	0
S(5,-5)SumOfSqs	335.56132	0	0	0	0	0	0	0	0	0	0	0	0	0	0	0
S(5,-5)InvDfMom	0.046268599	0	0	0	0	0	0	0	0	0	0	0	0	0	0	0
S(5,-5)SumAverg	66.563912	0	0	0	0	0	0	0	0	0	0	0	0	0	0	0
S(5,-5)SumVarnc	675.53021	0	0	0	0	0	0	0	0	0	0	0	0	0	0	0
S(5,-5)SumEntrp	2.0209967	0	0	0	0	0	0	0	0	0	0	0	0	0	0	0
S(5,-5)Entropy	3.5990388	0	0	0	0	0	0	0	0	0	0	0	0	0	0	0
S(5,-5)DifVarnc	221.63777	0	0	0	0	0	0	0	0	0	0	0	0	0	0	0
S(5,-5)DifEntrp	1.7222864	0	0	0	0	0	0	0	0	0	0	0	0	0	0	0
Horzl_RLNonUni	61020.689	0	0	0	0	0	0	0	0	0	0	0	0	0	0	0
Horzl_GLevNonU	1012.5548	0	0	0	0	0	0	0	0	0	0	0	0	0	0	0
Horzl_LngREmph	1.0752853	0	0	0	0	0	0	0	0	0	0	0	0	0	0	0
Horzl_ShrtREmp	0.98218718	0	0	0	0	0	0	0	0	0	0	0	0	0	0	0
Horzl_Fraction	0.97610474	0	0	0	0	0	0	0	0	0	0	0	0	0	0	0
Vertl_RLNonUni	62332.402	0	0	0	0	0	0	0	0	0	0	0	0	0	0	0
Vertl_GLevNonU	1020.7229	0	0	0	0	0	0	0	0	0	0	0	0	0	0	0
Vertl_LngREmph	1.0511273	0	0	0	0	0	0	0	0	0	0	0	0	0	0	0
Vertl_ShrtREmp	0.98745955	0	0	0	0	0	0	0	0	0	0	0	0	0	0	0
Vertl_Fraction	0.98338318	0	0	0	0	0	0	0	0	0	0	0	0	0	0	0
45dgr_RLNonUni	62473.113	0	0	0	0	0	0	0	0	0	0	0	0	0	0	0
45dgr_GLevNonU	1021.4017	0	0	0	0	0	0	0	0	0	0	0	0	0	0	0
45dgr_LngREmph	1.0490441	0	0	0	0	0	0	0	0	0	0	0	0	0	0	0
45dgr_ShrtREmp	0.98803186	0	0	0	0	0	0	0	0	0	0	0	0	0	0	0
45dgr_Fraction	0.98408508	0	0	0	0	0	0	0	0	0	0	0	0	0	0	0
135dr_RLNonUni	62527.008	0	0	0	0	0	0	0	0	0	0	0	0	0	0	0
135dr_GLevNonU	1021.7518	0	0	0	0	0	0	0	0	0	0	0	0	0	0	0
135dr_LngREmph	1.0481151	0	0	0	0	0	0	0	0	0	0	0	0	0	0	0
135dr_ShrtREmp	0.9882468	0	0	0	0	0	0	0	0	0	0	0	0	0	0	0
135dr_Fraction	0.984375	0	0	0	0	0	0	0	0	0	0	0	0	0	0	0
_AreaGr	64516	0	0	0	0	0	0	0	0	0	0	0	0	0	0	0
GrMean	8.1709801	0	0	0	0	0	0	0	0	0	0	0	0	0	0	0
GrVariance	15.175425	0	0	0	0	0	0	0	0	0	0	0	0	0	0	0
GrSkewness	0.18711578	0	0	0	0	0	0	0	0	0	0	0	0	0	0	0
GrKurtosis	-0.64049687	0	0	0	0	0	0	0	0	0	0	0	0	0	0	0
GrNonZeros	0.99606299	0	0	0	0	0	0	0	0	0	0	0	0	0	0	0
_AreaARM	64770	0	0	0	0	0	0	0	0	0	0	0	0	0	0	0
Teta1	0.094234793	0	0	0	0	0	0	0	0	0	0	0	0	0	0	0
Teta2	-0.0013918214	0	0	0	0	0	0	0	0	0	0	0	0	0	0	0
Teta3	0.0078877137	0	0	0	0	0	0	0	0	0	0	0	0	0	0	0
Teta4	-0.0013474744	0	0	0	0	0	0	0	0	0	0	0	0	0	0	0
Sigma	0.99483264	0	0	0	0	0	0	0	0	0	0	0	0	0	0	0
WavEnLL_s-1	18576.096	0	0	0	0	0	0	0	0	0	0	0	0	0	0	0
WavEnLH_s-1	1468.8109	0	0	0	0	0	0	0	0	0	0	0	0	0	0	0
WavEnHL_s-1	1228.993	0	0	0	0	0	0	0	0	0	0	0	0	0	0	0
WavEnHH_s-1	1203.9654	0	0	0	0	0	0	0	0	0	0	0	0	0	0	0
WavEnLL_s-2	17502.853	0	0	0	0	0	0	0	0	0	0	0	0	0	0	0
WavEnLH_s-2	399.39484	0	0	0	0	0	0	0	0	0	0	0	0	0	0	0
WavEnHL_s-2	334.64847	0	0	0	0	0	0	0	0	0	0	0	0	0	0	0
WavEnHH_s-2	339.2005	0	0	0	0	0	0	0	0	0	0	0	0	0	0	0
WavEnLL_s-3	17198.721	0	0	0	0	0	0	0	0	0	0	0	0	0	0	0
WavEnLH_s-3	111.96849	0	0	0	0	0	0	0	0	0	0	0	0	0	0	0
WavEnHL_s-3	90.793468	0	0	0	0	0	0	0	0	0	0	0	0	0	0	0
WavEnHH_s-3	101.3692	0	0	0	0	0	0	0	0	0	0	0	0	0	0	0
WavEnLL_s-4	17113.544	0	0	0	0	0	0	0	0	0	0	0	0	0	0	0
WavEnLH_s-4	29.073004	0	0	0	0	0	0	0	0	0	0	0	0	0	0	0
WavEnHL_s-4	28.309635	0	0	0	0	0	0	0	0	0	0	0	0	0	0	0
WavEnHH_s-4	27.795035	0	0	0	0	0	0	0	0	0	0	0	0	0	0	0
