Image File: linseeds1-a-p009.png 
ROI File: allred.roi 
Image size: 256 x 256
Min. lum.: 1
Max. lum.: 256
Bits/pixel: 8

Normalisation =  No
Histogram analysis = Yes
CO matrix analysis = Yes, Dimensions = 6 x 6, Distances = 1 2 3 4 5
RL matrix analysis = Yes, Dimension = 6
Gradient analysis = Yes, Max pixel value = 16
AR model analysis = Yes
Wavelet analysis = Yes

--------------- CLASS NAMES ----------------

----------------- FEATURES -----------------
_Area	65536	0	0	0	0	0	0	0	0	0	0	0	0	0	0	0
Mean	131.32532	0	0	0	0	0	0	0	0	0	0	0	0	0	0	0
Variance	5343.2305	0	0	0	0	0	0	0	0	0	0	0	0	0	0	0
Skewness	-0.024606033	0	0	0	0	0	0	0	0	0	0	0	0	0	0	0
Kurtosis	-1.1728897	0	0	0	0	0	0	0	0	0	0	0	0	0	0	0
Perc.01%	3	0	0	0	0	0	0	0	0	0	0	0	0	0	0	0
Perc.10%	30	0	0	0	0	0	0	0	0	0	0	0	0	0	0	0
Perc.50%	132	0	0	0	0	0	0	0	0	0	0	0	0	0	0	0
Perc.90%	232	0	0	0	0	0	0	0	0	0	0	0	0	0	0	0
Perc.99%	254	0	0	0	0	0	0	0	0	0	0	0	0	0	0	0
_Area_S(1,0)	130560	0	0	0	0	0	0	0	0	0	0	0	0	0	0	0
S(1,0)AngScMom	0.00028952523	0	0	0	0	0	0	0	0	0	0	0	0	0	0	0
S(1,0)Contrast	600.41797	0	0	0	0	0	0	0	0	0	0	0	0	0	0	0
S(1,0)Correlat	0.098459198	0	0	0	0	0	0	0	0	0	0	0	0	0	0	0
S(1,0)SumOfSqs	332.99545	0	0	0	0	0	0	0	0	0	0	0	0	0	0	0
S(1,0)InvDfMom	0.058698906	0	0	0	0	0	0	0	0	0	0	0	0	0	0	0
S(1,0)SumAverg	66.390181	0	0	0	0	0	0	0	0	0	0	0	0	0	0	0
S(1,0)SumVarnc	731.56383	0	0	0	0	0	0	0	0	0	0	0	0	0	0	0
S(1,0)SumEntrp	2.0345031	0	0	0	0	0	0	0	0	0	0	0	0	0	0	0
S(1,0)Entropy	3.576903	0	0	0	0	0	0	0	0	0	0	0	0	0	0	0
S(1,0)DifVarnc	207.9429	0	0	0	0	0	0	0	0	0	0	0	0	0	0	0
S(1,0)DifEntrp	1.7023159	0	0	0	0	0	0	0	0	0	0	0	0	0	0	0
_Area_S(0,1)	130560	0	0	0	0	0	0	0	0	0	0	0	0	0	0	0
S(0,1)AngScMom	0.00026278509	0	0	0	0	0	0	0	0	0	0	0	0	0	0	0
S(0,1)Contrast	662.93724	0	0	0	0	0	0	0	0	0	0	0	0	0	0	0
S(0,1)Correlat	0.0039961314	0	0	0	0	0	0	0	0	0	0	0	0	0	0	0
S(0,1)SumOfSqs	332.79853	0	0	0	0	0	0	0	0	0	0	0	0	0	0	0
S(0,1)InvDfMom	0.047999271	0	0	0	0	0	0	0	0	0	0	0	0	0	0	0
S(0,1)SumAverg	66.407399	0	0	0	0	0	0	0	0	0	0	0	0	0	0	0
S(0,1)SumVarnc	668.25687	0	0	0	0	0	0	0	0	0	0	0	0	0	0	0
S(0,1)SumEntrp	2.0189956	0	0	0	0	0	0	0	0	0	0	0	0	0	0	0
S(0,1)Entropy	3.5957465	0	0	0	0	0	0	0	0	0	0	0	0	0	0	0
S(0,1)DifVarnc	222.05754	0	0	0	0	0	0	0	0	0	0	0	0	0	0	0
S(0,1)DifEntrp	1.7218571	0	0	0	0	0	0	0	0	0	0	0	0	0	0	0
_Area_S(1,1)	130050	0	0	0	0	0	0	0	0	0	0	0	0	0	0	0
S(1,1)AngScMom	0.0002629675	0	0	0	0	0	0	0	0	0	0	0	0	0	0	0
S(1,1)Contrast	662.59194	0	0	0	0	0	0	0	0	0	0	0	0	0	0	0
S(1,1)Correlat	0.0046230667	0	0	0	0	0	0	0	0	0	0	0	0	0	0	0
S(1,1)SumOfSqs	332.83469	0	0	0	0	0	0	0	0	0	0	0	0	0	0	0
S(1,1)InvDfMom	0.04755818	0	0	0	0	0	0	0	0	0	0	0	0	0	0	0
S(1,1)SumAverg	66.404506	0	0	0	0	0	0	0	0	0	0	0	0	0	0	0
S(1,1)SumVarnc	668.74681	0	0	0	0	0	0	0	0	0	0	0	0	0	0	0
S(1,1)SumEntrp	2.0189992	0	0	0	0	0	0	0	0	0	0	0	0	0	0	0
S(1,1)Entropy	3.5955992	0	0	0	0	0	0	0	0	0	0	0	0	0	0	0
S(1,1)DifVarnc	222.09431	0	0	0	0	0	0	0	0	0	0	0	0	0	0	0
S(1,1)DifEntrp	1.7215211	0	0	0	0	0	0	0	0	0	0	0	0	0	0	0
_Area_S(1,-1)	130050	0	0	0	0	0	0	0	0	0	0	0	0	0	0	0
S(1,-1)AngScMom	0.00026287042	0	0	0	0	0	0	0	0	0	0	0	0	0	0	0
S(1,-1)Contrast	665.37366	0	0	0	0	0	0	0	0	0	0	0	0	0	0	0
S(1,-1)Correlat	0.00042077016	0	0	0	0	0	0	0	0	0	0	0	0	0	0	0
S(1,-1)SumOfSqs	332.82687	0	0	0	0	0	0	0	0	0	0	0	0	0	0	0
S(1,-1)InvDfMom	0.047276	0	0	0	0	0	0	0	0	0	0	0	0	0	0	0
S(1,-1)SumAverg	66.404029	0	0	0	0	0	0	0	0	0	0	0	0	0	0	0
S(1,-1)SumVarnc	665.93383	0	0	0	0	0	0	0	0	0	0	0	0	0	0	0
S(1,-1)SumEntrp	2.0183951	0	0	0	0	0	0	0	0	0	0	0	0	0	0	0
S(1,-1)Entropy	3.5955809	0	0	0	0	0	0	0	0	0	0	0	0	0	0	0
S(1,-1)DifVarnc	222.72053	0	0	0	0	0	0	0	0	0	0	0	0	0	0	0
S(1,-1)DifEntrp	1.7222	0	0	0	0	0	0	0	0	0	0	0	0	0	0	0
_Area_S(2,0)	130048	0	0	0	0	0	0	0	0	0	0	0	0	0	0	0
S(2,0)AngScMom	0.00026853764	0	0	0	0	0	0	0	0	0	0	0	0	0	0	0
S(2,0)Contrast	632.02917	0	0	0	0	0	0	0	0	0	0	0	0	0	0	0
S(2,0)Correlat	0.051012386	0	0	0	0	0	0	0	0	0	0	0	0	0	0	0
S(2,0)SumOfSqs	333.0018	0	0	0	0	0	0	0	0	0	0	0	0	0	0	0
S(2,0)InvDfMom	0.052297274	0	0	0	0	0	0	0	0	0	0	0	0	0	0	0
S(2,0)SumAverg	66.371724	0	0	0	0	0	0	0	0	0	0	0	0	0	0	0
S(2,0)SumVarnc	699.97804	0	0	0	0	0	0	0	0	0	0	0	0	0	0	0
S(2,0)SumEntrp	2.0278391	0	0	0	0	0	0	0	0	0	0	0	0	0	0	0
S(2,0)Entropy	3.5913147	0	0	0	0	0	0	0	0	0	0	0	0	0	0	0
S(2,0)DifVarnc	214.50936	0	0	0	0	0	0	0	0	0	0	0	0	0	0	0
S(2,0)DifEntrp	1.7129674	0	0	0	0	0	0	0	0	0	0	0	0	0	0	0
_Area_S(0,2)	130048	0	0	0	0	0	0	0	0	0	0	0	0	0	0	0
S(0,2)AngScMom	0.00026307563	0	0	0	0	0	0	0	0	0	0	0	0	0	0	0
S(0,2)Contrast	664.01393	0	0	0	0	0	0	0	0	0	0	0	0	0	0	0
S(0,2)Correlat	0.0025162566	0	0	0	0	0	0	0	0	0	0	0	0	0	0	0
S(0,2)SumOfSqs	332.84449	0	0	0	0	0	0	0	0	0	0	0	0	0	0	0
S(0,2)InvDfMom	0.04697833	0	0	0	0	0	0	0	0	0	0	0	0	0	0	0
S(0,2)SumAverg	66.404435	0	0	0	0	0	0	0	0	0	0	0	0	0	0	0
S(0,2)SumVarnc	667.36402	0	0	0	0	0	0	0	0	0	0	0	0	0	0	0
S(0,2)SumEntrp	2.0186606	0	0	0	0	0	0	0	0	0	0	0	0	0	0	0
S(0,2)Entropy	3.5955068	0	0	0	0	0	0	0	0	0	0	0	0	0	0	0
S(0,2)DifVarnc	221.80913	0	0	0	0	0	0	0	0	0	0	0	0	0	0	0
S(0,2)DifEntrp	1.7216453	0	0	0	0	0	0	0	0	0	0	0	0	0	0	0
_Area_S(2,2)	129032	0	0	0	0	0	0	0	0	0	0	0	0	0	0	0
S(2,2)AngScMom	0.00026309282	0	0	0	0	0	0	0	0	0	0	0	0	0	0	0
S(2,2)Contrast	659.94253	0	0	0	0	0	0	0	0	0	0	0	0	0	0	0
S(2,2)Correlat	0.0087566528	0	0	0	0	0	0	0	0	0	0	0	0	0	0	0
S(2,2)SumOfSqs	332.88623	0	0	0	0	0	0	0	0	0	0	0	0	0	0	0
S(2,2)InvDfMom	0.048420162	0	0	0	0	0	0	0	0	0	0	0	0	0	0	0
S(2,2)SumAverg	66.383316	0	0	0	0	0	0	0	0	0	0	0	0	0	0	0
S(2,2)SumVarnc	671.6024	0	0	0	0	0	0	0	0	0	0	0	0	0	0	0
S(2,2)SumEntrp	2.0198572	0	0	0	0	0	0	0	0	0	0	0	0	0	0	0
S(2,2)Entropy	3.5954492	0	0	0	0	0	0	0	0	0	0	0	0	0	0	0
S(2,2)DifVarnc	220.59322	0	0	0	0	0	0	0	0	0	0	0	0	0	0	0
S(2,2)DifEntrp	1.7207459	0	0	0	0	0	0	0	0	0	0	0	0	0	0	0
_Area_S(2,-2)	129032	0	0	0	0	0	0	0	0	0	0	0	0	0	0	0
S(2,-2)AngScMom	0.0002629542	0	0	0	0	0	0	0	0	0	0	0	0	0	0	0
S(2,-2)Contrast	663.41215	0	0	0	0	0	0	0	0	0	0	0	0	0	0	0
S(2,-2)Correlat	0.0035505473	0	0	0	0	0	0	0	0	0	0	0	0	0	0	0
S(2,-2)SumOfSqs	332.88801	0	0	0	0	0	0	0	0	0	0	0	0	0	0	0
S(2,-2)InvDfMom	0.048259519	0	0	0	0	0	0	0	0	0	0	0	0	0	0	0
S(2,-2)SumAverg	66.382138	0	0	0	0	0	0	0	0	0	0	0	0	0	0	0
S(2,-2)SumVarnc	668.13988	0	0	0	0	0	0	0	0	0	0	0	0	0	0	0
S(2,-2)SumEntrp	2.0190502	0	0	0	0	0	0	0	0	0	0	0	0	0	0	0
S(2,-2)Entropy	3.595684	0	0	0	0	0	0	0	0	0	0	0	0	0	0	0
S(2,-2)DifVarnc	222.86122	0	0	0	0	0	0	0	0	0	0	0	0	0	0	0
S(2,-2)DifEntrp	1.7220499	0	0	0	0	0	0	0	0	0	0	0	0	0	0	0
_Area_S(3,0)	129536	0	0	0	0	0	0	0	0	0	0	0	0	0	0	0
S(3,0)AngScMom	0.00026491934	0	0	0	0	0	0	0	0	0	0	0	0	0	0	0
S(3,0)Contrast	645.89889	0	0	0	0	0	0	0	0	0	0	0	0	0	0	0
S(3,0)Correlat	0.030126784	0	0	0	0	0	0	0	0	0	0	0	0	0	0	0
S(3,0)SumOfSqs	332.98109	0	0	0	0	0	0	0	0	0	0	0	0	0	0	0
S(3,0)InvDfMom	0.04854308	0	0	0	0	0	0	0	0	0	0	0	0	0	0	0
S(3,0)SumAverg	66.370538	0	0	0	0	0	0	0	0	0	0	0	0	0	0	0
S(3,0)SumVarnc	686.02548	0	0	0	0	0	0	0	0	0	0	0	0	0	0	0
S(3,0)SumEntrp	2.0242307	0	0	0	0	0	0	0	0	0	0	0	0	0	0	0
S(3,0)Entropy	3.5942371	0	0	0	0	0	0	0	0	0	0	0	0	0	0	0
S(3,0)DifVarnc	217.66619	0	0	0	0	0	0	0	0	0	0	0	0	0	0	0
S(3,0)DifEntrp	1.7164915	0	0	0	0	0	0	0	0	0	0	0	0	0	0	0
_Area_S(0,3)	129536	0	0	0	0	0	0	0	0	0	0	0	0	0	0	0
S(0,3)AngScMom	0.00026296494	0	0	0	0	0	0	0	0	0	0	0	0	0	0	0
S(0,3)Contrast	666.50582	0	0	0	0	0	0	0	0	0	0	0	0	0	0	0
S(0,3)Correlat	-0.0013562097	0	0	0	0	0	0	0	0	0	0	0	0	0	0	0
S(0,3)SumOfSqs	332.80156	0	0	0	0	0	0	0	0	0	0	0	0	0	0	0
S(0,3)InvDfMom	0.046754261	0	0	0	0	0	0	0	0	0	0	0	0	0	0	0
S(0,3)SumAverg	66.406451	0	0	0	0	0	0	0	0	0	0	0	0	0	0	0
S(0,3)SumVarnc	664.70043	0	0	0	0	0	0	0	0	0	0	0	0	0	0	0
S(0,3)SumEntrp	2.0176821	0	0	0	0	0	0	0	0	0	0	0	0	0	0	0
S(0,3)Entropy	3.5954615	0	0	0	0	0	0	0	0	0	0	0	0	0	0	0
S(0,3)DifVarnc	222.29982	0	0	0	0	0	0	0	0	0	0	0	0	0	0	0
S(0,3)DifEntrp	1.7219887	0	0	0	0	0	0	0	0	0	0	0	0	0	0	0
_Area_S(3,3)	128018	0	0	0	0	0	0	0	0	0	0	0	0	0	0	0
S(3,3)AngScMom	0.00026344238	0	0	0	0	0	0	0	0	0	0	0	0	0	0	0
S(3,3)Contrast	661.13265	0	0	0	0	0	0	0	0	0	0	0	0	0	0	0
S(3,3)Correlat	0.0067671461	0	0	0	0	0	0	0	0	0	0	0	0	0	0	0
S(3,3)SumOfSqs	332.81856	0	0	0	0	0	0	0	0	0	0	0	0	0	0	0
S(3,3)InvDfMom	0.047452856	0	0	0	0	0	0	0	0	0	0	0	0	0	0	0
S(3,3)SumAverg	66.383696	0	0	0	0	0	0	0	0	0	0	0	0	0	0	0
S(3,3)SumVarnc	670.14158	0	0	0	0	0	0	0	0	0	0	0	0	0	0	0
S(3,3)SumEntrp	2.0190388	0	0	0	0	0	0	0	0	0	0	0	0	0	0	0
S(3,3)Entropy	3.5951489	0	0	0	0	0	0	0	0	0	0	0	0	0	0	0
S(3,3)DifVarnc	221.60843	0	0	0	0	0	0	0	0	0	0	0	0	0	0	0
S(3,3)DifEntrp	1.720844	0	0	0	0	0	0	0	0	0	0	0	0	0	0	0
_Area_S(3,-3)	128018	0	0	0	0	0	0	0	0	0	0	0	0	0	0	0
S(3,-3)AngScMom	0.00026263963	0	0	0	0	0	0	0	0	0	0	0	0	0	0	0
S(3,-3)Contrast	666.39688	0	0	0	0	0	0	0	0	0	0	0	0	0	0	0
S(3,-3)Correlat	-0.0011354033	0	0	0	0	0	0	0	0	0	0	0	0	0	0	0
S(3,-3)SumOfSqs	332.82056	0	0	0	0	0	0	0	0	0	0	0	0	0	0	0
S(3,-3)InvDfMom	0.046861661	0	0	0	0	0	0	0	0	0	0	0	0	0	0	0
S(3,-3)SumAverg	66.382977	0	0	0	0	0	0	0	0	0	0	0	0	0	0	0
S(3,-3)SumVarnc	664.88534	0	0	0	0	0	0	0	0	0	0	0	0	0	0	0
S(3,-3)SumEntrp	2.0179231	0	0	0	0	0	0	0	0	0	0	0	0	0	0	0
S(3,-3)Entropy	3.5957308	0	0	0	0	0	0	0	0	0	0	0	0	0	0	0
S(3,-3)DifVarnc	221.98682	0	0	0	0	0	0	0	0	0	0	0	0	0	0	0
S(3,-3)DifEntrp	1.722128	0	0	0	0	0	0	0	0	0	0	0	0	0	0	0
_Area_S(4,0)	129024	0	0	0	0	0	0	0	0	0	0	0	0	0	0	0
S(4,0)AngScMom	0.00026327574	0	0	0	0	0	0	0	0	0	0	0	0	0	0	0
S(4,0)Contrast	654.60984	0	0	0	0	0	0	0	0	0	0	0	0	0	0	0
S(4,0)Correlat	0.017083749	0	0	0	0	0	0	0	0	0	0	0	0	0	0	0
S(4,0)SumOfSqs	332.9937	0	0	0	0	0	0	0	0	0	0	0	0	0	0	0
S(4,0)InvDfMom	0.048167503	0	0	0	0	0	0	0	0	0	0	0	0	0	0	0
S(4,0)SumAverg	66.374783	0	0	0	0	0	0	0	0	0	0	0	0	0	0	0
S(4,0)SumVarnc	677.36496	0	0	0	0	0	0	0	0	0	0	0	0	0	0	0
S(4,0)SumEntrp	2.0216099	0	0	0	0	0	0	0	0	0	0	0	0	0	0	0
S(4,0)Entropy	3.5953355	0	0	0	0	0	0	0	0	0	0	0	0	0	0	0
S(4,0)DifVarnc	218.9827	0	0	0	0	0	0	0	0	0	0	0	0	0	0	0
S(4,0)DifEntrp	1.7193367	0	0	0	0	0	0	0	0	0	0	0	0	0	0	0
_Area_S(0,4)	129024	0	0	0	0	0	0	0	0	0	0	0	0	0	0	0
S(0,4)AngScMom	0.00026286042	0	0	0	0	0	0	0	0	0	0	0	0	0	0	0
S(0,4)Contrast	666.01625	0	0	0	0	0	0	0	0	0	0	0	0	0	0	0
S(0,4)Correlat	-0.00032047238	0	0	0	0	0	0	0	0	0	0	0	0	0	0	0
S(0,4)SumOfSqs	332.90144	0	0	0	0	0	0	0	0	0	0	0	0	0	0	0
S(0,4)InvDfMom	0.047378706	0	0	0	0	0	0	0	0	0	0	0	0	0	0	0
S(0,4)SumAverg	66.426339	0	0	0	0	0	0	0	0	0	0	0	0	0	0	0
S(0,4)SumVarnc	665.5895	0	0	0	0	0	0	0	0	0	0	0	0	0	0	0
S(0,4)SumEntrp	2.0181063	0	0	0	0	0	0	0	0	0	0	0	0	0	0	0
S(0,4)Entropy	3.5956727	0	0	0	0	0	0	0	0	0	0	0	0	0	0	0
S(0,4)DifVarnc	222.94872	0	0	0	0	0	0	0	0	0	0	0	0	0	0	0
S(0,4)DifEntrp	1.7223143	0	0	0	0	0	0	0	0	0	0	0	0	0	0	0
_Area_S(4,4)	127008	0	0	0	0	0	0	0	0	0	0	0	0	0	0	0
S(4,4)AngScMom	0.00026325569	0	0	0	0	0	0	0	0	0	0	0	0	0	0	0
S(4,4)Contrast	672.31892	0	0	0	0	0	0	0	0	0	0	0	0	0	0	0
S(4,4)Correlat	-0.0096784822	0	0	0	0	0	0	0	0	0	0	0	0	0	0	0
S(4,4)SumOfSqs	332.93714	0	0	0	0	0	0	0	0	0	0	0	0	0	0	0
S(4,4)InvDfMom	0.047537452	0	0	0	0	0	0	0	0	0	0	0	0	0	0	0
S(4,4)SumAverg	66.409911	0	0	0	0	0	0	0	0	0	0	0	0	0	0	0
S(4,4)SumVarnc	659.42962	0	0	0	0	0	0	0	0	0	0	0	0	0	0	0
S(4,4)SumEntrp	2.0161467	0	0	0	0	0	0	0	0	0	0	0	0	0	0	0
S(4,4)Entropy	3.5954446	0	0	0	0	0	0	0	0	0	0	0	0	0	0	0
S(4,4)DifVarnc	224.53976	0	0	0	0	0	0	0	0	0	0	0	0	0	0	0
S(4,4)DifEntrp	1.7242347	0	0	0	0	0	0	0	0	0	0	0	0	0	0	0
_Area_S(4,-4)	127008	0	0	0	0	0	0	0	0	0	0	0	0	0	0	0
S(4,-4)AngScMom	0.00026260738	0	0	0	0	0	0	0	0	0	0	0	0	0	0	0
S(4,-4)Contrast	664.595	0	0	0	0	0	0	0	0	0	0	0	0	0	0	0
S(4,-4)Correlat	0.0019334585	0	0	0	0	0	0	0	0	0	0	0	0	0	0	0
S(4,-4)SumOfSqs	332.94123	0	0	0	0	0	0	0	0	0	0	0	0	0	0	0
S(4,-4)InvDfMom	0.046797722	0	0	0	0	0	0	0	0	0	0	0	0	0	0	0
S(4,-4)SumAverg	66.408148	0	0	0	0	0	0	0	0	0	0	0	0	0	0	0
S(4,-4)SumVarnc	667.16991	0	0	0	0	0	0	0	0	0	0	0	0	0	0	0
S(4,-4)SumEntrp	2.0185198	0	0	0	0	0	0	0	0	0	0	0	0	0	0	0
S(4,-4)Entropy	3.5959119	0	0	0	0	0	0	0	0	0	0	0	0	0	0	0
S(4,-4)DifVarnc	220.78963	0	0	0	0	0	0	0	0	0	0	0	0	0	0	0
S(4,-4)DifEntrp	1.7217649	0	0	0	0	0	0	0	0	0	0	0	0	0	0	0
_Area_S(5,0)	128512	0	0	0	0	0	0	0	0	0	0	0	0	0	0	0
S(5,0)AngScMom	0.00026323658	0	0	0	0	0	0	0	0	0	0	0	0	0	0	0
S(5,0)Contrast	659.40609	0	0	0	0	0	0	0	0	0	0	0	0	0	0	0
S(5,0)Correlat	0.0098588495	0	0	0	0	0	0	0	0	0	0	0	0	0	0	0
S(5,0)SumOfSqs	332.98591	0	0	0	0	0	0	0	0	0	0	0	0	0	0	0
S(5,0)InvDfMom	0.048366143	0	0	0	0	0	0	0	0	0	0	0	0	0	0	0
S(5,0)SumAverg	66.378362	0	0	0	0	0	0	0	0	0	0	0	0	0	0	0
S(5,0)SumVarnc	672.53753	0	0	0	0	0	0	0	0	0	0	0	0	0	0	0
S(5,0)SumEntrp	2.0202937	0	0	0	0	0	0	0	0	0	0	0	0	0	0	0
S(5,0)Entropy	3.5953702	0	0	0	0	0	0	0	0	0	0	0	0	0	0	0
S(5,0)DifVarnc	220.7065	0	0	0	0	0	0	0	0	0	0	0	0	0	0	0
S(5,0)DifEntrp	1.7205139	0	0	0	0	0	0	0	0	0	0	0	0	0	0	0
_Area_S(0,5)	128512	0	0	0	0	0	0	0	0	0	0	0	0	0	0	0
S(0,5)AngScMom	0.00026329821	0	0	0	0	0	0	0	0	0	0	0	0	0	0	0
S(0,5)Contrast	667.63659	0	0	0	0	0	0	0	0	0	0	0	0	0	0	0
S(0,5)Correlat	-0.0028825741	0	0	0	0	0	0	0	0	0	0	0	0	0	0	0
S(0,5)SumOfSqs	332.85881	0	0	0	0	0	0	0	0	0	0	0	0	0	0	0
S(0,5)InvDfMom	0.047299996	0	0	0	0	0	0	0	0	0	0	0	0	0	0	0
S(0,5)SumAverg	66.429983	0	0	0	0	0	0	0	0	0	0	0	0	0	0	0
S(0,5)SumVarnc	663.79863	0	0	0	0	0	0	0	0	0	0	0	0	0	0	0
S(0,5)SumEntrp	2.0178843	0	0	0	0	0	0	0	0	0	0	0	0	0	0	0
S(0,5)Entropy	3.5952936	0	0	0	0	0	0	0	0	0	0	0	0	0	0	0
S(0,5)DifVarnc	222.49003	0	0	0	0	0	0	0	0	0	0	0	0	0	0	0
S(0,5)DifEntrp	1.7226522	0	0	0	0	0	0	0	0	0	0	0	0	0	0	0
_Area_S(5,5)	126002	0	0	0	0	0	0	0	0	0	0	0	0	0	0	0
S(5,5)AngScMom	0.00026300425	0	0	0	0	0	0	0	0	0	0	0	0	0	0	0
S(5,5)Contrast	663.80669	0	0	0	0	0	0	0	0	0	0	0	0	0	0	0
S(5,5)Correlat	0.0029218977	0	0	0	0	0	0	0	0	0	0	0	0	0	0	0
S(5,5)SumOfSqs	332.87597	0	0	0	0	0	0	0	0	0	0	0	0	0	0	0
S(5,5)InvDfMom	0.046738292	0	0	0	0	0	0	0	0	0	0	0	0	0	0	0
S(5,5)SumAverg	66.418866	0	0	0	0	0	0	0	0	0	0	0	0	0	0	0
S(5,5)SumVarnc	667.6972	0	0	0	0	0	0	0	0	0	0	0	0	0	0	0
S(5,5)SumEntrp	2.018766	0	0	0	0	0	0	0	0	0	0	0	0	0	0	0
S(5,5)Entropy	3.5955104	0	0	0	0	0	0	0	0	0	0	0	0	0	0	0
S(5,5)DifVarnc	221.45234	0	0	0	0	0	0	0	0	0	0	0	0	0	0	0
S(5,5)DifEntrp	1.7216933	0	0	0	0	0	0	0	0	0	0	0	0	0	0	0
_Area_S(5,-5)	126002	0	0	0	0	0	0	0	0	0	0	0	0	0	0	0
S(5,-5)AngScMom	0.00026361962	0	0	0	0	0	0	0	0	0	0	0	0	0	0	0
S(5,-5)Contrast	663.44295	0	0	0	0	0	0	0	0	0	0	0	0	0	0	0
S(5,-5)Correlat	0.0035363381	0	0	0	0	0	0	0	0	0	0	0	0	0	0	0
S(5,-5)SumOfSqs	332.89872	0	0	0	0	0	0	0	0	0	0	0	0	0	0	0
S(5,-5)InvDfMom	0.048033043	0	0	0	0	0	0	0	0	0	0	0	0	0	0	0
S(5,-5)SumAverg	66.413311	0	0	0	0	0	0	0	0	0	0	0	0	0	0	0
S(5,-5)SumVarnc	668.15192	0	0	0	0	0	0	0	0	0	0	0	0	0	0	0
S(5,-5)SumEntrp	2.0188286	0	0	0	0	0	0	0	0	0	0	0	0	0	0	0
S(5,-5)Entropy	3.595081	0	0	0	0	0	0	0	0	0	0	0	0	0	0	0
S(5,-5)DifVarnc	222.32427	0	0	0	0	0	0	0	0	0	0	0	0	0	0	0
S(5,-5)DifEntrp	1.7216973	0	0	0	0	0	0	0	0	0	0	0	0	0	0	0
Horzl_RLNonUni	61070.545	0	0	0	0	0	0	0	0	0	0	0	0	0	0	0
Horzl_GLevNonU	1021.2382	0	0	0	0	0	0	0	0	0	0	0	0	0	0	0
Horzl_LngREmph	1.0740885	0	0	0	0	0	0	0	0	0	0	0	0	0	0	0
Horzl_ShrtREmp	0.98238185	0	0	0	0	0	0	0	0	0	0	0	0	0	0	0
Horzl_Fraction	0.97642517	0	0	0	0	0	0	0	0	0	0	0	0	0	0	0
Vertl_RLNonUni	62362.447	0	0	0	0	0	0	0	0	0	0	0	0	0	0	0
Vertl_GLevNonU	1029.3499	0	0	0	0	0	0	0	0	0	0	0	0	0	0	0
Vertl_LngREmph	1.0509511	0	0	0	0	0	0	0	0	0	0	0	0	0	0	0
Vertl_ShrtREmp	0.98758977	0	0	0	0	0	0	0	0	0	0	0	0	0	0	0
Vertl_Fraction	0.98348999	0	0	0	0	0	0	0	0	0	0	0	0	0	0	0
45dgr_RLNonUni	62431.136	0	0	0	0	0	0	0	0	0	0	0	0	0	0	0
45dgr_GLevNonU	1029.7002	0	0	0	0	0	0	0	0	0	0	0	0	0	0	0
45dgr_LngREmph	1.0495968	0	0	0	0	0	0	0	0	0	0	0	0	0	0	0
45dgr_ShrtREmp	0.98785928	0	0	0	0	0	0	0	0	0	0	0	0	0	0	0
45dgr_Fraction	0.98388672	0	0	0	0	0	0	0	0	0	0	0	0	0	0	0
135dr_RLNonUni	62525.978	0	0	0	0	0	0	0	0	0	0	0	0	0	0	0
135dr_GLevNonU	1030.3836	0	0	0	0	0	0	0	0	0	0	0	0	0	0	0
135dr_LngREmph	1.0481933	0	0	0	0	0	0	0	0	0	0	0	0	0	0	0
135dr_ShrtREmp	0.98824447	0	0	0	0	0	0	0	0	0	0	0	0	0	0	0
135dr_Fraction	0.98435974	0	0	0	0	0	0	0	0	0	0	0	0	0	0	0
_AreaGr	64516	0	0	0	0	0	0	0	0	0	0	0	0	0	0	0
GrMean	8.0820337	0	0	0	0	0	0	0	0	0	0	0	0	0	0	0
GrVariance	15.103061	0	0	0	0	0	0	0	0	0	0	0	0	0	0	0
GrSkewness	0.20793724	0	0	0	0	0	0	0	0	0	0	0	0	0	0	0
GrKurtosis	-0.63067401	0	0	0	0	0	0	0	0	0	0	0	0	0	0	0
GrNonZeros	0.99565999	0	0	0	0	0	0	0	0	0	0	0	0	0	0	0
_AreaARM	64770	0	0	0	0	0	0	0	0	0	0	0	0	0	0	0
Teta1	0.097596893	0	0	0	0	0	0	0	0	0	0	0	0	0	0	0
Teta2	-0.00010429167	0	0	0	0	0	0	0	0	0	0	0	0	0	0	0
Teta3	0.0033445702	0	0	0	0	0	0	0	0	0	0	0	0	0	0	0
Teta4	0.0040021938	0	0	0	0	0	0	0	0	0	0	0	0	0	0	0
Sigma	0.99491708	0	0	0	0	0	0	0	0	0	0	0	0	0	0	0
WavEnLL_s-1	18464.89	0	0	0	0	0	0	0	0	0	0	0	0	0	0	0
WavEnLH_s-1	1473.423	0	0	0	0	0	0	0	0	0	0	0	0	0	0	0
WavEnHL_s-1	1198.1729	0	0	0	0	0	0	0	0	0	0	0	0	0	0	0
WavEnHH_s-1	1191.4327	0	0	0	0	0	0	0	0	0	0	0	0	0	0	0
WavEnLL_s-2	17410.802	0	0	0	0	0	0	0	0	0	0	0	0	0	0	0
WavEnLH_s-2	404.15251	0	0	0	0	0	0	0	0	0	0	0	0	0	0	0
WavEnHL_s-2	325.06355	0	0	0	0	0	0	0	0	0	0	0	0	0	0	0
WavEnHH_s-2	324.87193	0	0	0	0	0	0	0	0	0	0	0	0	0	0	0
WavEnLL_s-3	17103.474	0	0	0	0	0	0	0	0	0	0	0	0	0	0	0
WavEnLH_s-3	117.78861	0	0	0	0	0	0	0	0	0	0	0	0	0	0	0
WavEnHL_s-3	98.430165	0	0	0	0	0	0	0	0	0	0	0	0	0	0	0
WavEnHH_s-3	91.109182	0	0	0	0	0	0	0	0	0	0	0	0	0	0	0
WavEnLL_s-4	17018.755	0	0	0	0	0	0	0	0	0	0	0	0	0	0	0
WavEnLH_s-4	27.481309	0	0	0	0	0	0	0	0	0	0	0	0	0	0	0
WavEnHL_s-4	28.96512	0	0	0	0	0	0	0	0	0	0	0	0	0	0	0
WavEnHH_s-4	28.272362	0	0	0	0	0	0	0	0	0	0	0	0	0	0	0
