Image File: linseeds1-a-p031.png 
ROI File: allred.roi 
Image size: 256 x 256
Min. lum.: 1
Max. lum.: 256
Bits/pixel: 8

Normalisation =  No
Histogram analysis = Yes
CO matrix analysis = Yes, Dimensions = 6 x 6, Distances = 1 2 3 4 5
RL matrix analysis = Yes, Dimension = 6
Gradient analysis = Yes, Max pixel value = 16
AR model analysis = Yes
Wavelet analysis = Yes

--------------- CLASS NAMES ----------------

----------------- FEATURES -----------------
_Area	65536	0	0	0	0	0	0	0	0	0	0	0	0	0	0	0
Mean	130.64571	0	0	0	0	0	0	0	0	0	0	0	0	0	0	0
Variance	5399.2104	0	0	0	0	0	0	0	0	0	0	0	0	0	0	0
Skewness	-0.010259629	0	0	0	0	0	0	0	0	0	0	0	0	0	0	0
Kurtosis	-1.1834889	0	0	0	0	0	0	0	0	0	0	0	0	0	0	0
Perc.01%	3	0	0	0	0	0	0	0	0	0	0	0	0	0	0	0
Perc.10%	29	0	0	0	0	0	0	0	0	0	0	0	0	0	0	0
Perc.50%	130	0	0	0	0	0	0	0	0	0	0	0	0	0	0	0
Perc.90%	233	0	0	0	0	0	0	0	0	0	0	0	0	0	0	0
Perc.99%	254	0	0	0	0	0	0	0	0	0	0	0	0	0	0	0
_Area_S(1,0)	130560	0	0	0	0	0	0	0	0	0	0	0	0	0	0	0
S(1,0)AngScMom	0.00028516676	0	0	0	0	0	0	0	0	0	0	0	0	0	0	0
S(1,0)Contrast	596.72322	0	0	0	0	0	0	0	0	0	0	0	0	0	0	0
S(1,0)Correlat	0.1131471	0	0	0	0	0	0	0	0	0	0	0	0	0	0	0
S(1,0)SumOfSqs	336.4274	0	0	0	0	0	0	0	0	0	0	0	0	0	0	0
S(1,0)InvDfMom	0.062049804	0	0	0	0	0	0	0	0	0	0	0	0	0	0	0
S(1,0)SumAverg	66.054596	0	0	0	0	0	0	0	0	0	0	0	0	0	0	0
S(1,0)SumVarnc	748.98636	0	0	0	0	0	0	0	0	0	0	0	0	0	0	0
S(1,0)SumEntrp	2.0380361	0	0	0	0	0	0	0	0	0	0	0	0	0	0	0
S(1,0)Entropy	3.5803647	0	0	0	0	0	0	0	0	0	0	0	0	0	0	0
S(1,0)DifVarnc	209.92616	0	0	0	0	0	0	0	0	0	0	0	0	0	0	0
S(1,0)DifEntrp	1.700179	0	0	0	0	0	0	0	0	0	0	0	0	0	0	0
_Area_S(0,1)	130560	0	0	0	0	0	0	0	0	0	0	0	0	0	0	0
S(0,1)AngScMom	0.00025786344	0	0	0	0	0	0	0	0	0	0	0	0	0	0	0
S(0,1)Contrast	670.51536	0	0	0	0	0	0	0	0	0	0	0	0	0	0	0
S(0,1)Correlat	0.0033498685	0	0	0	0	0	0	0	0	0	0	0	0	0	0	0
S(0,1)SumOfSqs	336.38453	0	0	0	0	0	0	0	0	0	0	0	0	0	0	0
S(0,1)InvDfMom	0.047244922	0	0	0	0	0	0	0	0	0	0	0	0	0	0	0
S(0,1)SumAverg	66.071155	0	0	0	0	0	0	0	0	0	0	0	0	0	0	0
S(0,1)SumVarnc	675.02274	0	0	0	0	0	0	0	0	0	0	0	0	0	0	0
S(0,1)SumEntrp	2.0207829	0	0	0	0	0	0	0	0	0	0	0	0	0	0	0
S(0,1)Entropy	3.5999781	0	0	0	0	0	0	0	0	0	0	0	0	0	0	0
S(0,1)DifVarnc	224.56746	0	0	0	0	0	0	0	0	0	0	0	0	0	0	0
S(0,1)DifEntrp	1.7236076	0	0	0	0	0	0	0	0	0	0	0	0	0	0	0
_Area_S(1,1)	130050	0	0	0	0	0	0	0	0	0	0	0	0	0	0	0
S(1,1)AngScMom	0.0002583669	0	0	0	0	0	0	0	0	0	0	0	0	0	0	0
S(1,1)Contrast	673.76404	0	0	0	0	0	0	0	0	0	0	0	0	0	0	0
S(1,1)Correlat	-0.0016150358	0	0	0	0	0	0	0	0	0	0	0	0	0	0	0
S(1,1)SumOfSqs	336.33882	0	0	0	0	0	0	0	0	0	0	0	0	0	0	0
S(1,1)InvDfMom	0.046526446	0	0	0	0	0	0	0	0	0	0	0	0	0	0	0
S(1,1)SumAverg	66.064452	0	0	0	0	0	0	0	0	0	0	0	0	0	0	0
S(1,1)SumVarnc	671.59125	0	0	0	0	0	0	0	0	0	0	0	0	0	0	0
S(1,1)SumEntrp	2.0196539	0	0	0	0	0	0	0	0	0	0	0	0	0	0	0
S(1,1)Entropy	3.5996179	0	0	0	0	0	0	0	0	0	0	0	0	0	0	0
S(1,1)DifVarnc	223.81334	0	0	0	0	0	0	0	0	0	0	0	0	0	0	0
S(1,1)DifEntrp	1.7246179	0	0	0	0	0	0	0	0	0	0	0	0	0	0	0
_Area_S(1,-1)	130050	0	0	0	0	0	0	0	0	0	0	0	0	0	0	0
S(1,-1)AngScMom	0.00025830257	0	0	0	0	0	0	0	0	0	0	0	0	0	0	0
S(1,-1)Contrast	674.13269	0	0	0	0	0	0	0	0	0	0	0	0	0	0	0
S(1,-1)Correlat	-0.0021778324	0	0	0	0	0	0	0	0	0	0	0	0	0	0	0
S(1,-1)SumOfSqs	336.33386	0	0	0	0	0	0	0	0	0	0	0	0	0	0	0
S(1,-1)InvDfMom	0.046046008	0	0	0	0	0	0	0	0	0	0	0	0	0	0	0
S(1,-1)SumAverg	66.064406	0	0	0	0	0	0	0	0	0	0	0	0	0	0	0
S(1,-1)SumVarnc	671.20277	0	0	0	0	0	0	0	0	0	0	0	0	0	0	0
S(1,-1)SumEntrp	2.0194744	0	0	0	0	0	0	0	0	0	0	0	0	0	0	0
S(1,-1)Entropy	3.5995516	0	0	0	0	0	0	0	0	0	0	0	0	0	0	0
S(1,-1)DifVarnc	224.51792	0	0	0	0	0	0	0	0	0	0	0	0	0	0	0
S(1,-1)DifEntrp	1.7243236	0	0	0	0	0	0	0	0	0	0	0	0	0	0	0
_Area_S(2,0)	130048	0	0	0	0	0	0	0	0	0	0	0	0	0	0	0
S(2,0)AngScMom	0.00026337872	0	0	0	0	0	0	0	0	0	0	0	0	0	0	0
S(2,0)Contrast	635.14715	0	0	0	0	0	0	0	0	0	0	0	0	0	0	0
S(2,0)Correlat	0.056205039	0	0	0	0	0	0	0	0	0	0	0	0	0	0	0
S(2,0)SumOfSqs	336.48577	0	0	0	0	0	0	0	0	0	0	0	0	0	0	0
S(2,0)InvDfMom	0.052362349	0	0	0	0	0	0	0	0	0	0	0	0	0	0	0
S(2,0)SumAverg	66.052842	0	0	0	0	0	0	0	0	0	0	0	0	0	0	0
S(2,0)SumVarnc	710.79593	0	0	0	0	0	0	0	0	0	0	0	0	0	0	0
S(2,0)SumEntrp	2.0303789	0	0	0	0	0	0	0	0	0	0	0	0	0	0	0
S(2,0)Entropy	3.5957451	0	0	0	0	0	0	0	0	0	0	0	0	0	0	0
S(2,0)DifVarnc	217.1942	0	0	0	0	0	0	0	0	0	0	0	0	0	0	0
S(2,0)DifEntrp	1.7132751	0	0	0	0	0	0	0	0	0	0	0	0	0	0	0
_Area_S(0,2)	130048	0	0	0	0	0	0	0	0	0	0	0	0	0	0	0
S(0,2)AngScMom	0.00025833357	0	0	0	0	0	0	0	0	0	0	0	0	0	0	0
S(0,2)Contrast	675.20981	0	0	0	0	0	0	0	0	0	0	0	0	0	0	0
S(0,2)Correlat	-0.0037104824	0	0	0	0	0	0	0	0	0	0	0	0	0	0	0
S(0,2)SumOfSqs	336.35686	0	0	0	0	0	0	0	0	0	0	0	0	0	0	0
S(0,2)InvDfMom	0.047008301	0	0	0	0	0	0	0	0	0	0	0	0	0	0	0
S(0,2)SumAverg	66.06513	0	0	0	0	0	0	0	0	0	0	0	0	0	0	0
S(0,2)SumVarnc	670.21763	0	0	0	0	0	0	0	0	0	0	0	0	0	0	0
S(0,2)SumEntrp	2.0191645	0	0	0	0	0	0	0	0	0	0	0	0	0	0	0
S(0,2)Entropy	3.5995762	0	0	0	0	0	0	0	0	0	0	0	0	0	0	0
S(0,2)DifVarnc	225.28703	0	0	0	0	0	0	0	0	0	0	0	0	0	0	0
S(0,2)DifEntrp	1.724762	0	0	0	0	0	0	0	0	0	0	0	0	0	0	0
_Area_S(2,2)	129032	0	0	0	0	0	0	0	0	0	0	0	0	0	0	0
S(2,2)AngScMom	0.00025828168	0	0	0	0	0	0	0	0	0	0	0	0	0	0	0
S(2,2)Contrast	673.65345	0	0	0	0	0	0	0	0	0	0	0	0	0	0	0
S(2,2)Correlat	-0.0013457523	0	0	0	0	0	0	0	0	0	0	0	0	0	0	0
S(2,2)SumOfSqs	336.37405	0	0	0	0	0	0	0	0	0	0	0	0	0	0	0
S(2,2)InvDfMom	0.046215656	0	0	0	0	0	0	0	0	0	0	0	0	0	0	0
S(2,2)SumAverg	66.057784	0	0	0	0	0	0	0	0	0	0	0	0	0	0	0
S(2,2)SumVarnc	671.84275	0	0	0	0	0	0	0	0	0	0	0	0	0	0	0
S(2,2)SumEntrp	2.019926	0	0	0	0	0	0	0	0	0	0	0	0	0	0	0
S(2,2)Entropy	3.5996341	0	0	0	0	0	0	0	0	0	0	0	0	0	0	0
S(2,2)DifVarnc	223.85271	0	0	0	0	0	0	0	0	0	0	0	0	0	0	0
S(2,2)DifEntrp	1.7243067	0	0	0	0	0	0	0	0	0	0	0	0	0	0	0
_Area_S(2,-2)	129032	0	0	0	0	0	0	0	0	0	0	0	0	0	0	0
S(2,-2)AngScMom	0.00025814449	0	0	0	0	0	0	0	0	0	0	0	0	0	0	0
S(2,-2)Contrast	673.27748	0	0	0	0	0	0	0	0	0	0	0	0	0	0	0
S(2,-2)Correlat	-0.00081438704	0	0	0	0	0	0	0	0	0	0	0	0	0	0	0
S(2,-2)SumOfSqs	336.36481	0	0	0	0	0	0	0	0	0	0	0	0	0	0	0
S(2,-2)InvDfMom	0.046191008	0	0	0	0	0	0	0	0	0	0	0	0	0	0	0
S(2,-2)SumAverg	66.055645	0	0	0	0	0	0	0	0	0	0	0	0	0	0	0
S(2,-2)SumVarnc	672.18176	0	0	0	0	0	0	0	0	0	0	0	0	0	0	0
S(2,-2)SumEntrp	2.0201744	0	0	0	0	0	0	0	0	0	0	0	0	0	0	0
S(2,-2)Entropy	3.5997871	0	0	0	0	0	0	0	0	0	0	0	0	0	0	0
S(2,-2)DifVarnc	223.01639	0	0	0	0	0	0	0	0	0	0	0	0	0	0	0
S(2,-2)DifEntrp	1.7243733	0	0	0	0	0	0	0	0	0	0	0	0	0	0	0
_Area_S(3,0)	129536	0	0	0	0	0	0	0	0	0	0	0	0	0	0	0
S(3,0)AngScMom	0.0002594552	0	0	0	0	0	0	0	0	0	0	0	0	0	0	0
S(3,0)Contrast	654.99325	0	0	0	0	0	0	0	0	0	0	0	0	0	0	0
S(3,0)Correlat	0.026941457	0	0	0	0	0	0	0	0	0	0	0	0	0	0	0
S(3,0)SumOfSqs	336.56416	0	0	0	0	0	0	0	0	0	0	0	0	0	0	0
S(3,0)InvDfMom	0.049274974	0	0	0	0	0	0	0	0	0	0	0	0	0	0	0
S(3,0)SumAverg	66.051708	0	0	0	0	0	0	0	0	0	0	0	0	0	0	0
S(3,0)SumVarnc	691.26337	0	0	0	0	0	0	0	0	0	0	0	0	0	0	0
S(3,0)SumEntrp	2.0256421	0	0	0	0	0	0	0	0	0	0	0	0	0	0	0
S(3,0)Entropy	3.5988082	0	0	0	0	0	0	0	0	0	0	0	0	0	0	0
S(3,0)DifVarnc	220.2835	0	0	0	0	0	0	0	0	0	0	0	0	0	0	0
S(3,0)DifEntrp	1.7191381	0	0	0	0	0	0	0	0	0	0	0	0	0	0	0
_Area_S(0,3)	129536	0	0	0	0	0	0	0	0	0	0	0	0	0	0	0
S(0,3)AngScMom	0.00025852919	0	0	0	0	0	0	0	0	0	0	0	0	0	0	0
S(0,3)Contrast	675.11816	0	0	0	0	0	0	0	0	0	0	0	0	0	0	0
S(0,3)Correlat	-0.003603655	0	0	0	0	0	0	0	0	0	0	0	0	0	0	0
S(0,3)SumOfSqs	336.347	0	0	0	0	0	0	0	0	0	0	0	0	0	0	0
S(0,3)InvDfMom	0.046613006	0	0	0	0	0	0	0	0	0	0	0	0	0	0	0
S(0,3)SumAverg	66.057698	0	0	0	0	0	0	0	0	0	0	0	0	0	0	0
S(0,3)SumVarnc	670.26985	0	0	0	0	0	0	0	0	0	0	0	0	0	0	0
S(0,3)SumEntrp	2.0194707	0	0	0	0	0	0	0	0	0	0	0	0	0	0	0
S(0,3)Entropy	3.5993845	0	0	0	0	0	0	0	0	0	0	0	0	0	0	0
S(0,3)DifVarnc	225.01974	0	0	0	0	0	0	0	0	0	0	0	0	0	0	0
S(0,3)DifEntrp	1.7247206	0	0	0	0	0	0	0	0	0	0	0	0	0	0	0
_Area_S(3,3)	128018	0	0	0	0	0	0	0	0	0	0	0	0	0	0	0
S(3,3)AngScMom	0.00025855618	0	0	0	0	0	0	0	0	0	0	0	0	0	0	0
S(3,3)Contrast	672.21275	0	0	0	0	0	0	0	0	0	0	0	0	0	0	0
S(3,3)Correlat	0.00098552123	0	0	0	0	0	0	0	0	0	0	0	0	0	0	0
S(3,3)SumOfSqs	336.43794	0	0	0	0	0	0	0	0	0	0	0	0	0	0	0
S(3,3)InvDfMom	0.046424695	0	0	0	0	0	0	0	0	0	0	0	0	0	0	0
S(3,3)SumAverg	66.049837	0	0	0	0	0	0	0	0	0	0	0	0	0	0	0
S(3,3)SumVarnc	673.53902	0	0	0	0	0	0	0	0	0	0	0	0	0	0	0
S(3,3)SumEntrp	2.0201469	0	0	0	0	0	0	0	0	0	0	0	0	0	0	0
S(3,3)Entropy	3.5994445	0	0	0	0	0	0	0	0	0	0	0	0	0	0	0
S(3,3)DifVarnc	224.0786	0	0	0	0	0	0	0	0	0	0	0	0	0	0	0
S(3,3)DifEntrp	1.7237997	0	0	0	0	0	0	0	0	0	0	0	0	0	0	0
_Area_S(3,-3)	128018	0	0	0	0	0	0	0	0	0	0	0	0	0	0	0
S(3,-3)AngScMom	0.00025840181	0	0	0	0	0	0	0	0	0	0	0	0	0	0	0
S(3,-3)Contrast	677.05129	0	0	0	0	0	0	0	0	0	0	0	0	0	0	0
S(3,-3)Correlat	-0.0062244438	0	0	0	0	0	0	0	0	0	0	0	0	0	0	0
S(3,-3)SumOfSqs	336.43155	0	0	0	0	0	0	0	0	0	0	0	0	0	0	0
S(3,-3)InvDfMom	0.047729729	0	0	0	0	0	0	0	0	0	0	0	0	0	0	0
S(3,-3)SumAverg	66.0469	0	0	0	0	0	0	0	0	0	0	0	0	0	0	0
S(3,-3)SumVarnc	668.67489	0	0	0	0	0	0	0	0	0	0	0	0	0	0	0
S(3,-3)SumEntrp	2.0188882	0	0	0	0	0	0	0	0	0	0	0	0	0	0	0
S(3,-3)Entropy	3.5994926	0	0	0	0	0	0	0	0	0	0	0	0	0	0	0
S(3,-3)DifVarnc	226.51155	0	0	0	0	0	0	0	0	0	0	0	0	0	0	0
S(3,-3)DifEntrp	1.7254612	0	0	0	0	0	0	0	0	0	0	0	0	0	0	0
_Area_S(4,0)	129024	0	0	0	0	0	0	0	0	0	0	0	0	0	0	0
S(4,0)AngScMom	0.00025871906	0	0	0	0	0	0	0	0	0	0	0	0	0	0	0
S(4,0)Contrast	659.44993	0	0	0	0	0	0	0	0	0	0	0	0	0	0	0
S(4,0)Correlat	0.020451707	0	0	0	0	0	0	0	0	0	0	0	0	0	0	0
S(4,0)SumOfSqs	336.6092	0	0	0	0	0	0	0	0	0	0	0	0	0	0	0
S(4,0)InvDfMom	0.047809398	0	0	0	0	0	0	0	0	0	0	0	0	0	0	0
S(4,0)SumAverg	66.055897	0	0	0	0	0	0	0	0	0	0	0	0	0	0	0
S(4,0)SumVarnc	686.98686	0	0	0	0	0	0	0	0	0	0	0	0	0	0	0
S(4,0)SumEntrp	2.0242533	0	0	0	0	0	0	0	0	0	0	0	0	0	0	0
S(4,0)Entropy	3.5992981	0	0	0	0	0	0	0	0	0	0	0	0	0	0	0
S(4,0)DifVarnc	220.42558	0	0	0	0	0	0	0	0	0	0	0	0	0	0	0
S(4,0)DifEntrp	1.7202402	0	0	0	0	0	0	0	0	0	0	0	0	0	0	0
_Area_S(0,4)	129024	0	0	0	0	0	0	0	0	0	0	0	0	0	0	0
S(0,4)AngScMom	0.00025822012	0	0	0	0	0	0	0	0	0	0	0	0	0	0	0
S(0,4)Contrast	663.88472	0	0	0	0	0	0	0	0	0	0	0	0	0	0	0
S(0,4)Correlat	0.013329567	0	0	0	0	0	0	0	0	0	0	0	0	0	0	0
S(0,4)SumOfSqs	336.42678	0	0	0	0	0	0	0	0	0	0	0	0	0	0	0
S(0,4)InvDfMom	0.0482642	0	0	0	0	0	0	0	0	0	0	0	0	0	0	0
S(0,4)SumAverg	66.064872	0	0	0	0	0	0	0	0	0	0	0	0	0	0	0
S(0,4)SumVarnc	681.82241	0	0	0	0	0	0	0	0	0	0	0	0	0	0	0
S(0,4)SumEntrp	2.0226288	0	0	0	0	0	0	0	0	0	0	0	0	0	0	0
S(0,4)Entropy	3.5997567	0	0	0	0	0	0	0	0	0	0	0	0	0	0	0
S(0,4)DifVarnc	223.16527	0	0	0	0	0	0	0	0	0	0	0	0	0	0	0
S(0,4)DifEntrp	1.7219575	0	0	0	0	0	0	0	0	0	0	0	0	0	0	0
_Area_S(4,4)	127008	0	0	0	0	0	0	0	0	0	0	0	0	0	0	0
S(4,4)AngScMom	0.0002584126	0	0	0	0	0	0	0	0	0	0	0	0	0	0	0
S(4,4)Contrast	671.92752	0	0	0	0	0	0	0	0	0	0	0	0	0	0	0
S(4,4)Correlat	0.0017719018	0	0	0	0	0	0	0	0	0	0	0	0	0	0	0
S(4,4)SumOfSqs	336.56011	0	0	0	0	0	0	0	0	0	0	0	0	0	0	0
S(4,4)InvDfMom	0.046792148	0	0	0	0	0	0	0	0	0	0	0	0	0	0	0
S(4,4)SumAverg	66.060075	0	0	0	0	0	0	0	0	0	0	0	0	0	0	0
S(4,4)SumVarnc	674.31292	0	0	0	0	0	0	0	0	0	0	0	0	0	0	0
S(4,4)SumEntrp	2.020763	0	0	0	0	0	0	0	0	0	0	0	0	0	0	0
S(4,4)Entropy	3.5995355	0	0	0	0	0	0	0	0	0	0	0	0	0	0	0
S(4,4)DifVarnc	224.37492	0	0	0	0	0	0	0	0	0	0	0	0	0	0	0
S(4,4)DifEntrp	1.7238124	0	0	0	0	0	0	0	0	0	0	0	0	0	0	0
_Area_S(4,-4)	127008	0	0	0	0	0	0	0	0	0	0	0	0	0	0	0
S(4,-4)AngScMom	0.0002586049	0	0	0	0	0	0	0	0	0	0	0	0	0	0	0
S(4,-4)Contrast	674.64892	0	0	0	0	0	0	0	0	0	0	0	0	0	0	0
S(4,-4)Correlat	-0.0023294749	0	0	0	0	0	0	0	0	0	0	0	0	0	0	0
S(4,-4)SumOfSqs	336.5405	0	0	0	0	0	0	0	0	0	0	0	0	0	0	0
S(4,-4)InvDfMom	0.046277814	0	0	0	0	0	0	0	0	0	0	0	0	0	0	0
S(4,-4)SumAverg	66.05765	0	0	0	0	0	0	0	0	0	0	0	0	0	0	0
S(4,-4)SumVarnc	671.51307	0	0	0	0	0	0	0	0	0	0	0	0	0	0	0
S(4,-4)SumEntrp	2.0197708	0	0	0	0	0	0	0	0	0	0	0	0	0	0	0
S(4,-4)Entropy	3.5993016	0	0	0	0	0	0	0	0	0	0	0	0	0	0	0
S(4,-4)DifVarnc	223.65711	0	0	0	0	0	0	0	0	0	0	0	0	0	0	0
S(4,-4)DifEntrp	1.7245365	0	0	0	0	0	0	0	0	0	0	0	0	0	0	0
_Area_S(5,0)	128512	0	0	0	0	0	0	0	0	0	0	0	0	0	0	0
S(5,0)AngScMom	0.00025857267	0	0	0	0	0	0	0	0	0	0	0	0	0	0	0
S(5,0)Contrast	665.80385	0	0	0	0	0	0	0	0	0	0	0	0	0	0	0
S(5,0)Correlat	0.011168259	0	0	0	0	0	0	0	0	0	0	0	0	0	0	0
S(5,0)SumOfSqs	336.66185	0	0	0	0	0	0	0	0	0	0	0	0	0	0	0
S(5,0)InvDfMom	0.047756162	0	0	0	0	0	0	0	0	0	0	0	0	0	0	0
S(5,0)SumAverg	66.05531	0	0	0	0	0	0	0	0	0	0	0	0	0	0	0
S(5,0)SumVarnc	680.84355	0	0	0	0	0	0	0	0	0	0	0	0	0	0	0
S(5,0)SumEntrp	2.0225494	0	0	0	0	0	0	0	0	0	0	0	0	0	0	0
S(5,0)Entropy	3.5994464	0	0	0	0	0	0	0	0	0	0	0	0	0	0	0
S(5,0)DifVarnc	222.50267	0	0	0	0	0	0	0	0	0	0	0	0	0	0	0
S(5,0)DifEntrp	1.7222033	0	0	0	0	0	0	0	0	0	0	0	0	0	0	0
_Area_S(0,5)	128512	0	0	0	0	0	0	0	0	0	0	0	0	0	0	0
S(0,5)AngScMom	0.00025834052	0	0	0	0	0	0	0	0	0	0	0	0	0	0	0
S(0,5)Contrast	672.84893	0	0	0	0	0	0	0	0	0	0	0	0	0	0	0
S(0,5)Correlat	6.9240165e-05	0	0	0	0	0	0	0	0	0	0	0	0	0	0	0
S(0,5)SumOfSqs	336.44776	0	0	0	0	0	0	0	0	0	0	0	0	0	0	0
S(0,5)InvDfMom	0.045685098	0	0	0	0	0	0	0	0	0	0	0	0	0	0	0
S(0,5)SumAverg	66.079728	0	0	0	0	0	0	0	0	0	0	0	0	0	0	0
S(0,5)SumVarnc	672.94212	0	0	0	0	0	0	0	0	0	0	0	0	0	0	0
S(0,5)SumEntrp	2.0202837	0	0	0	0	0	0	0	0	0	0	0	0	0	0	0
S(0,5)Entropy	3.5995263	0	0	0	0	0	0	0	0	0	0	0	0	0	0	0
S(0,5)DifVarnc	223.56346	0	0	0	0	0	0	0	0	0	0	0	0	0	0	0
S(0,5)DifEntrp	1.7238894	0	0	0	0	0	0	0	0	0	0	0	0	0	0	0
_Area_S(5,5)	126002	0	0	0	0	0	0	0	0	0	0	0	0	0	0	0
S(5,5)AngScMom	0.0002585636	0	0	0	0	0	0	0	0	0	0	0	0	0	0	0
S(5,5)Contrast	670.30787	0	0	0	0	0	0	0	0	0	0	0	0	0	0	0
S(5,5)Correlat	0.0043901024	0	0	0	0	0	0	0	0	0	0	0	0	0	0	0
S(5,5)SumOfSqs	336.63178	0	0	0	0	0	0	0	0	0	0	0	0	0	0	0
S(5,5)InvDfMom	0.047069173	0	0	0	0	0	0	0	0	0	0	0	0	0	0	0
S(5,5)SumAverg	66.073935	0	0	0	0	0	0	0	0	0	0	0	0	0	0	0
S(5,5)SumVarnc	676.21926	0	0	0	0	0	0	0	0	0	0	0	0	0	0	0
S(5,5)SumEntrp	2.021184	0	0	0	0	0	0	0	0	0	0	0	0	0	0	0
S(5,5)Entropy	3.5993485	0	0	0	0	0	0	0	0	0	0	0	0	0	0	0
S(5,5)DifVarnc	223.48956	0	0	0	0	0	0	0	0	0	0	0	0	0	0	0
S(5,5)DifEntrp	1.7234525	0	0	0	0	0	0	0	0	0	0	0	0	0	0	0
_Area_S(5,-5)	126002	0	0	0	0	0	0	0	0	0	0	0	0	0	0	0
S(5,-5)AngScMom	0.00025859761	0	0	0	0	0	0	0	0	0	0	0	0	0	0	0
S(5,-5)Contrast	673.49577	0	0	0	0	0	0	0	0	0	0	0	0	0	0	0
S(5,-5)Correlat	-0.00040406267	0	0	0	0	0	0	0	0	0	0	0	0	0	0	0
S(5,-5)SumOfSqs	336.61187	0	0	0	0	0	0	0	0	0	0	0	0	0	0	0
S(5,-5)InvDfMom	0.047609946	0	0	0	0	0	0	0	0	0	0	0	0	0	0	0
S(5,-5)SumAverg	66.070332	0	0	0	0	0	0	0	0	0	0	0	0	0	0	0
S(5,-5)SumVarnc	672.95172	0	0	0	0	0	0	0	0	0	0	0	0	0	0	0
S(5,-5)SumEntrp	2.0202459	0	0	0	0	0	0	0	0	0	0	0	0	0	0	0
S(5,-5)Entropy	3.5993179	0	0	0	0	0	0	0	0	0	0	0	0	0	0	0
S(5,-5)DifVarnc	225.18853	0	0	0	0	0	0	0	0	0	0	0	0	0	0	0
S(5,-5)DifEntrp	1.7243353	0	0	0	0	0	0	0	0	0	0	0	0	0	0	0
Horzl_RLNonUni	60696.441	0	0	0	0	0	0	0	0	0	0	0	0	0	0	0
Horzl_GLevNonU	1009.7061	0	0	0	0	0	0	0	0	0	0	0	0	0	0	0
Horzl_LngREmph	1.081788	0	0	0	0	0	0	0	0	0	0	0	0	0	0	0
Horzl_ShrtREmp	0.98087885	0	0	0	0	0	0	0	0	0	0	0	0	0	0	0
Horzl_Fraction	0.97424316	0	0	0	0	0	0	0	0	0	0	0	0	0	0	0
Vertl_RLNonUni	62490.609	0	0	0	0	0	0	0	0	0	0	0	0	0	0	0
Vertl_GLevNonU	1020.9224	0	0	0	0	0	0	0	0	0	0	0	0	0	0	0
Vertl_LngREmph	1.048979	0	0	0	0	0	0	0	0	0	0	0	0	0	0	0
Vertl_ShrtREmp	0.98810894	0	0	0	0	0	0	0	0	0	0	0	0	0	0	0
Vertl_Fraction	0.98414612	0	0	0	0	0	0	0	0	0	0	0	0	0	0	0
45dgr_RLNonUni	62490.579	0	0	0	0	0	0	0	0	0	0	0	0	0	0	0
45dgr_GLevNonU	1020.9616	0	0	0	0	0	0	0	0	0	0	0	0	0	0	0
45dgr_LngREmph	1.048948	0	0	0	0	0	0	0	0	0	0	0	0	0	0	0
45dgr_ShrtREmp	0.98810754	0	0	0	0	0	0	0	0	0	0	0	0	0	0	0
45dgr_Fraction	0.98414612	0	0	0	0	0	0	0	0	0	0	0	0	0	0	0
135dr_RLNonUni	62676.761	0	0	0	0	0	0	0	0	0	0	0	0	0	0	0
135dr_GLevNonU	1021.8079	0	0	0	0	0	0	0	0	0	0	0	0	0	0	0
135dr_LngREmph	1.0458946	0	0	0	0	0	0	0	0	0	0	0	0	0	0	0
135dr_ShrtREmp	0.98885335	0	0	0	0	0	0	0	0	0	0	0	0	0	0	0
135dr_Fraction	0.98512268	0	0	0	0	0	0	0	0	0	0	0	0	0	0	0
_AreaGr	64516	0	0	0	0	0	0	0	0	0	0	0	0	0	0	0
GrMean	8.138524	0	0	0	0	0	0	0	0	0	0	0	0	0	0	0
GrVariance	15.16811	0	0	0	0	0	0	0	0	0	0	0	0	0	0	0
GrSkewness	0.19299734	0	0	0	0	0	0	0	0	0	0	0	0	0	0	0
GrKurtosis	-0.66681814	0	0	0	0	0	0	0	0	0	0	0	0	0	0	0
GrNonZeros	0.99606299	0	0	0	0	0	0	0	0	0	0	0	0	0	0	0
_AreaARM	64770	0	0	0	0	0	0	0	0	0	0	0	0	0	0	0
Teta1	0.1121164	0	0	0	0	0	0	0	0	0	0	0	0	0	0	0
Teta2	-0.0031013899	0	0	0	0	0	0	0	0	0	0	0	0	0	0	0
Teta3	0.0036283996	0	0	0	0	0	0	0	0	0	0	0	0	0	0	0
Teta4	-0.0015826903	0	0	0	0	0	0	0	0	0	0	0	0	0	0	0
Sigma	0.99309562	0	0	0	0	0	0	0	0	0	0	0	0	0	0	0
WavEnLL_s-1	18311.451	0	0	0	0	0	0	0	0	0	0	0	0	0	0	0
WavEnLH_s-1	1503.0656	0	0	0	0	0	0	0	0	0	0	0	0	0	0	0
WavEnHL_s-1	1205.9746	0	0	0	0	0	0	0	0	0	0	0	0	0	0	0
WavEnHH_s-1	1186.7284	0	0	0	0	0	0	0	0	0	0	0	0	0	0	0
WavEnLL_s-2	17215.891	0	0	0	0	0	0	0	0	0	0	0	0	0	0	0
WavEnLH_s-2	417.38924	0	0	0	0	0	0	0	0	0	0	0	0	0	0	0
WavEnHL_s-2	342.34064	0	0	0	0	0	0	0	0	0	0	0	0	0	0	0
WavEnHH_s-2	335.8301	0	0	0	0	0	0	0	0	0	0	0	0	0	0	0
WavEnLL_s-3	16917.151	0	0	0	0	0	0	0	0	0	0	0	0	0	0	0
WavEnLH_s-3	109.09231	0	0	0	0	0	0	0	0	0	0	0	0	0	0	0
WavEnHL_s-3	99.045047	0	0	0	0	0	0	0	0	0	0	0	0	0	0	0
WavEnHH_s-3	90.602607	0	0	0	0	0	0	0	0	0	0	0	0	0	0	0
WavEnLL_s-4	16837.108	0	0	0	0	0	0	0	0	0	0	0	0	0	0	0
WavEnLH_s-4	27.925368	0	0	0	0	0	0	0	0	0	0	0	0	0	0	0
WavEnHL_s-4	26.540918	0	0	0	0	0	0	0	0	0	0	0	0	0	0	0
WavEnHH_s-4	25.576736	0	0	0	0	0	0	0	0	0	0	0	0	0	0	0
