Image File: linseeds1-a-p038.png 
ROI File: allred.roi 
Image size: 256 x 256
Min. lum.: 1
Max. lum.: 256
Bits/pixel: 8

Normalisation =  No
Histogram analysis = Yes
CO matrix analysis = Yes, Dimensions = 6 x 6, Distances = 1 2 3 4 5
RL matrix analysis = Yes, Dimension = 6
Gradient analysis = Yes, Max pixel value = 16
AR model analysis = Yes
Wavelet analysis = Yes

--------------- CLASS NAMES ----------------

----------------- FEATURES -----------------
_Area	65536	0	0	0	0	0	0	0	0	0	0	0	0	0	0	0
Mean	129.23015	0	0	0	0	0	0	0	0	0	0	0	0	0	0	0
Variance	5492.7941	0	0	0	0	0	0	0	0	0	0	0	0	0	0	0
Skewness	0.0098986419	0	0	0	0	0	0	0	0	0	0	0	0	0	0	0
Kurtosis	-1.2030495	0	0	0	0	0	0	0	0	0	0	0	0	0	0	0
Perc.01%	3	0	0	0	0	0	0	0	0	0	0	0	0	0	0	0
Perc.10%	28	0	0	0	0	0	0	0	0	0	0	0	0	0	0	0
Perc.50%	129	0	0	0	0	0	0	0	0	0	0	0	0	0	0	0
Perc.90%	232	0	0	0	0	0	0	0	0	0	0	0	0	0	0	0
Perc.99%	254	0	0	0	0	0	0	0	0	0	0	0	0	0	0	0
_Area_S(1,0)	130560	0	0	0	0	0	0	0	0	0	0	0	0	0	0	0
S(1,0)AngScMom	0.00028070962	0	0	0	0	0	0	0	0	0	0	0	0	0	0	0
S(1,0)Contrast	606.32024	0	0	0	0	0	0	0	0	0	0	0	0	0	0	0
S(1,0)Correlat	0.11464822	0	0	0	0	0	0	0	0	0	0	0	0	0	0	0
S(1,0)SumOfSqs	342.4177	0	0	0	0	0	0	0	0	0	0	0	0	0	0	0
S(1,0)InvDfMom	0.059906291	0	0	0	0	0	0	0	0	0	0	0	0	0	0	0
S(1,0)SumAverg	65.355775	0	0	0	0	0	0	0	0	0	0	0	0	0	0	0
S(1,0)SumVarnc	763.35055	0	0	0	0	0	0	0	0	0	0	0	0	0	0	0
S(1,0)SumEntrp	2.0416832	0	0	0	0	0	0	0	0	0	0	0	0	0	0	0
S(1,0)Entropy	3.5835845	0	0	0	0	0	0	0	0	0	0	0	0	0	0	0
S(1,0)DifVarnc	212.3397	0	0	0	0	0	0	0	0	0	0	0	0	0	0	0
S(1,0)DifEntrp	1.7036198	0	0	0	0	0	0	0	0	0	0	0	0	0	0	0
_Area_S(0,1)	130560	0	0	0	0	0	0	0	0	0	0	0	0	0	0	0
S(0,1)AngScMom	0.00025792375	0	0	0	0	0	0	0	0	0	0	0	0	0	0	0
S(0,1)Contrast	682.98343	0	0	0	0	0	0	0	0	0	0	0	0	0	0	0
S(0,1)Correlat	0.0021704421	0	0	0	0	0	0	0	0	0	0	0	0	0	0	0
S(0,1)SumOfSqs	342.23451	0	0	0	0	0	0	0	0	0	0	0	0	0	0	0
S(0,1)InvDfMom	0.047120806	0	0	0	0	0	0	0	0	0	0	0	0	0	0	0
S(0,1)SumAverg	65.366238	0	0	0	0	0	0	0	0	0	0	0	0	0	0	0
S(0,1)SumVarnc	685.95463	0	0	0	0	0	0	0	0	0	0	0	0	0	0	0
S(0,1)SumEntrp	2.0235766	0	0	0	0	0	0	0	0	0	0	0	0	0	0	0
S(0,1)Entropy	3.6000744	0	0	0	0	0	0	0	0	0	0	0	0	0	0	0
S(0,1)DifVarnc	227.48007	0	0	0	0	0	0	0	0	0	0	0	0	0	0	0
S(0,1)DifEntrp	1.7265932	0	0	0	0	0	0	0	0	0	0	0	0	0	0	0
_Area_S(1,1)	130050	0	0	0	0	0	0	0	0	0	0	0	0	0	0	0
S(1,1)AngScMom	0.00025802586	0	0	0	0	0	0	0	0	0	0	0	0	0	0	0
S(1,1)Contrast	686.90064	0	0	0	0	0	0	0	0	0	0	0	0	0	0	0
S(1,1)Correlat	-0.0033142704	0	0	0	0	0	0	0	0	0	0	0	0	0	0	0
S(1,1)SumOfSqs	342.31579	0	0	0	0	0	0	0	0	0	0	0	0	0	0	0
S(1,1)InvDfMom	0.047265224	0	0	0	0	0	0	0	0	0	0	0	0	0	0	0
S(1,1)SumAverg	65.362983	0	0	0	0	0	0	0	0	0	0	0	0	0	0	0
S(1,1)SumVarnc	682.36253	0	0	0	0	0	0	0	0	0	0	0	0	0	0	0
S(1,1)SumEntrp	2.0227278	0	0	0	0	0	0	0	0	0	0	0	0	0	0	0
S(1,1)Entropy	3.6000294	0	0	0	0	0	0	0	0	0	0	0	0	0	0	0
S(1,1)DifVarnc	229.17164	0	0	0	0	0	0	0	0	0	0	0	0	0	0	0
S(1,1)DifEntrp	1.7279925	0	0	0	0	0	0	0	0	0	0	0	0	0	0	0
_Area_S(1,-1)	130050	0	0	0	0	0	0	0	0	0	0	0	0	0	0	0
S(1,-1)AngScMom	0.00025831428	0	0	0	0	0	0	0	0	0	0	0	0	0	0	0
S(1,-1)Contrast	686.16197	0	0	0	0	0	0	0	0	0	0	0	0	0	0	0
S(1,-1)Correlat	-0.0022267727	0	0	0	0	0	0	0	0	0	0	0	0	0	0	0
S(1,-1)SumOfSqs	342.31872	0	0	0	0	0	0	0	0	0	0	0	0	0	0	0
S(1,-1)InvDfMom	0.047161151	0	0	0	0	0	0	0	0	0	0	0	0	0	0	0
S(1,-1)SumAverg	65.363383	0	0	0	0	0	0	0	0	0	0	0	0	0	0	0
S(1,-1)SumVarnc	683.1129	0	0	0	0	0	0	0	0	0	0	0	0	0	0	0
S(1,-1)SumEntrp	2.0230188	0	0	0	0	0	0	0	0	0	0	0	0	0	0	0
S(1,-1)Entropy	3.5997559	0	0	0	0	0	0	0	0	0	0	0	0	0	0	0
S(1,-1)DifVarnc	228.75272	0	0	0	0	0	0	0	0	0	0	0	0	0	0	0
S(1,-1)DifEntrp	1.7277404	0	0	0	0	0	0	0	0	0	0	0	0	0	0	0
_Area_S(2,0)	130048	0	0	0	0	0	0	0	0	0	0	0	0	0	0	0
S(2,0)AngScMom	0.00026205201	0	0	0	0	0	0	0	0	0	0	0	0	0	0	0
S(2,0)Contrast	649.19428	0	0	0	0	0	0	0	0	0	0	0	0	0	0	0
S(2,0)Correlat	0.05195897	0	0	0	0	0	0	0	0	0	0	0	0	0	0	0
S(2,0)SumOfSqs	342.38723	0	0	0	0	0	0	0	0	0	0	0	0	0	0	0
S(2,0)InvDfMom	0.052360064	0	0	0	0	0	0	0	0	0	0	0	0	0	0	0
S(2,0)SumAverg	65.361113	0	0	0	0	0	0	0	0	0	0	0	0	0	0	0
S(2,0)SumVarnc	720.35463	0	0	0	0	0	0	0	0	0	0	0	0	0	0	0
S(2,0)SumEntrp	2.0329525	0	0	0	0	0	0	0	0	0	0	0	0	0	0	0
S(2,0)Entropy	3.5969748	0	0	0	0	0	0	0	0	0	0	0	0	0	0	0
S(2,0)DifVarnc	220.72962	0	0	0	0	0	0	0	0	0	0	0	0	0	0	0
S(2,0)DifEntrp	1.7175367	0	0	0	0	0	0	0	0	0	0	0	0	0	0	0
_Area_S(0,2)	130048	0	0	0	0	0	0	0	0	0	0	0	0	0	0	0
S(0,2)AngScMom	0.00025802954	0	0	0	0	0	0	0	0	0	0	0	0	0	0	0
S(0,2)Contrast	684.04158	0	0	0	0	0	0	0	0	0	0	0	0	0	0	0
S(0,2)Correlat	0.0003691464	0	0	0	0	0	0	0	0	0	0	0	0	0	0	0
S(0,2)SumOfSqs	342.14709	0	0	0	0	0	0	0	0	0	0	0	0	0	0	0
S(0,2)InvDfMom	0.0478092	0	0	0	0	0	0	0	0	0	0	0	0	0	0	0
S(0,2)SumAverg	65.348764	0	0	0	0	0	0	0	0	0	0	0	0	0	0	0
S(0,2)SumVarnc	684.54679	0	0	0	0	0	0	0	0	0	0	0	0	0	0	0
S(0,2)SumEntrp	2.0233095	0	0	0	0	0	0	0	0	0	0	0	0	0	0	0
S(0,2)Entropy	3.6000379	0	0	0	0	0	0	0	0	0	0	0	0	0	0	0
S(0,2)DifVarnc	228.94797	0	0	0	0	0	0	0	0	0	0	0	0	0	0	0
S(0,2)DifEntrp	1.7273499	0	0	0	0	0	0	0	0	0	0	0	0	0	0	0
_Area_S(2,2)	129032	0	0	0	0	0	0	0	0	0	0	0	0	0	0	0
S(2,2)AngScMom	0.00025777667	0	0	0	0	0	0	0	0	0	0	0	0	0	0	0
S(2,2)Contrast	680.40985	0	0	0	0	0	0	0	0	0	0	0	0	0	0	0
S(2,2)Correlat	0.0058068293	0	0	0	0	0	0	0	0	0	0	0	0	0	0	0
S(2,2)SumOfSqs	342.19198	0	0	0	0	0	0	0	0	0	0	0	0	0	0	0
S(2,2)InvDfMom	0.047509246	0	0	0	0	0	0	0	0	0	0	0	0	0	0	0
S(2,2)SumAverg	65.350766	0	0	0	0	0	0	0	0	0	0	0	0	0	0	0
S(2,2)SumVarnc	688.35805	0	0	0	0	0	0	0	0	0	0	0	0	0	0	0
S(2,2)SumEntrp	2.0241841	0	0	0	0	0	0	0	0	0	0	0	0	0	0	0
S(2,2)Entropy	3.6001977	0	0	0	0	0	0	0	0	0	0	0	0	0	0	0
S(2,2)DifVarnc	227.28278	0	0	0	0	0	0	0	0	0	0	0	0	0	0	0
S(2,2)DifEntrp	1.7264587	0	0	0	0	0	0	0	0	0	0	0	0	0	0	0
_Area_S(2,-2)	129032	0	0	0	0	0	0	0	0	0	0	0	0	0	0	0
S(2,-2)AngScMom	0.00025821837	0	0	0	0	0	0	0	0	0	0	0	0	0	0	0
S(2,-2)Contrast	684.05262	0	0	0	0	0	0	0	0	0	0	0	0	0	0	0
S(2,-2)Correlat	0.00050411975	0	0	0	0	0	0	0	0	0	0	0	0	0	0	0
S(2,-2)SumOfSqs	342.19882	0	0	0	0	0	0	0	0	0	0	0	0	0	0	0
S(2,-2)InvDfMom	0.047200122	0	0	0	0	0	0	0	0	0	0	0	0	0	0	0
S(2,-2)SumAverg	65.351246	0	0	0	0	0	0	0	0	0	0	0	0	0	0	0
S(2,-2)SumVarnc	684.74266	0	0	0	0	0	0	0	0	0	0	0	0	0	0	0
S(2,-2)SumEntrp	2.023112	0	0	0	0	0	0	0	0	0	0	0	0	0	0	0
S(2,-2)Entropy	3.5997386	0	0	0	0	0	0	0	0	0	0	0	0	0	0	0
S(2,-2)DifVarnc	227.94389	0	0	0	0	0	0	0	0	0	0	0	0	0	0	0
S(2,-2)DifEntrp	1.7272923	0	0	0	0	0	0	0	0	0	0	0	0	0	0	0
_Area_S(3,0)	129536	0	0	0	0	0	0	0	0	0	0	0	0	0	0	0
S(3,0)AngScMom	0.00025880095	0	0	0	0	0	0	0	0	0	0	0	0	0	0	0
S(3,0)Contrast	666.10814	0	0	0	0	0	0	0	0	0	0	0	0	0	0	0
S(3,0)Correlat	0.027272387	0	0	0	0	0	0	0	0	0	0	0	0	0	0	0
S(3,0)SumOfSqs	342.39191	0	0	0	0	0	0	0	0	0	0	0	0	0	0	0
S(3,0)InvDfMom	0.049023449	0	0	0	0	0	0	0	0	0	0	0	0	0	0	0
S(3,0)SumAverg	65.364007	0	0	0	0	0	0	0	0	0	0	0	0	0	0	0
S(3,0)SumVarnc	703.45952	0	0	0	0	0	0	0	0	0	0	0	0	0	0	0
S(3,0)SumEntrp	2.0286215	0	0	0	0	0	0	0	0	0	0	0	0	0	0	0
S(3,0)Entropy	3.5993747	0	0	0	0	0	0	0	0	0	0	0	0	0	0	0
S(3,0)DifVarnc	223.65308	0	0	0	0	0	0	0	0	0	0	0	0	0	0	0
S(3,0)DifEntrp	1.7222241	0	0	0	0	0	0	0	0	0	0	0	0	0	0	0
_Area_S(0,3)	129536	0	0	0	0	0	0	0	0	0	0	0	0	0	0	0
S(0,3)AngScMom	0.00025784741	0	0	0	0	0	0	0	0	0	0	0	0	0	0	0
S(0,3)Contrast	682.84123	0	0	0	0	0	0	0	0	0	0	0	0	0	0	0
S(0,3)Correlat	0.0021764049	0	0	0	0	0	0	0	0	0	0	0	0	0	0	0
S(0,3)SumOfSqs	342.16531	0	0	0	0	0	0	0	0	0	0	0	0	0	0	0
S(0,3)InvDfMom	0.047120251	0	0	0	0	0	0	0	0	0	0	0	0	0	0	0
S(0,3)SumAverg	65.345371	0	0	0	0	0	0	0	0	0	0	0	0	0	0	0
S(0,3)SumVarnc	685.81999	0	0	0	0	0	0	0	0	0	0	0	0	0	0	0
S(0,3)SumEntrp	2.0236501	0	0	0	0	0	0	0	0	0	0	0	0	0	0	0
S(0,3)Entropy	3.6000529	0	0	0	0	0	0	0	0	0	0	0	0	0	0	0
S(0,3)DifVarnc	227.94376	0	0	0	0	0	0	0	0	0	0	0	0	0	0	0
S(0,3)DifEntrp	1.7268403	0	0	0	0	0	0	0	0	0	0	0	0	0	0	0
_Area_S(3,3)	128018	0	0	0	0	0	0	0	0	0	0	0	0	0	0	0
S(3,3)AngScMom	0.00025786851	0	0	0	0	0	0	0	0	0	0	0	0	0	0	0
S(3,3)Contrast	681.23783	0	0	0	0	0	0	0	0	0	0	0	0	0	0	0
S(3,3)Correlat	0.0046485539	0	0	0	0	0	0	0	0	0	0	0	0	0	0	0
S(3,3)SumOfSqs	342.20969	0	0	0	0	0	0	0	0	0	0	0	0	0	0	0
S(3,3)InvDfMom	0.047454985	0	0	0	0	0	0	0	0	0	0	0	0	0	0	0
S(3,3)SumAverg	65.350154	0	0	0	0	0	0	0	0	0	0	0	0	0	0	0
S(3,3)SumVarnc	687.60095	0	0	0	0	0	0	0	0	0	0	0	0	0	0	0
S(3,3)SumEntrp	2.0238695	0	0	0	0	0	0	0	0	0	0	0	0	0	0	0
S(3,3)Entropy	3.5999994	0	0	0	0	0	0	0	0	0	0	0	0	0	0	0
S(3,3)DifVarnc	228.66769	0	0	0	0	0	0	0	0	0	0	0	0	0	0	0
S(3,3)DifEntrp	1.7265573	0	0	0	0	0	0	0	0	0	0	0	0	0	0	0
_Area_S(3,-3)	128018	0	0	0	0	0	0	0	0	0	0	0	0	0	0	0
S(3,-3)AngScMom	0.00025808903	0	0	0	0	0	0	0	0	0	0	0	0	0	0	0
S(3,-3)Contrast	684.40861	0	0	0	0	0	0	0	0	0	0	0	0	0	0	0
S(3,-3)Correlat	1.2256103e-05	0	0	0	0	0	0	0	0	0	0	0	0	0	0	0
S(3,-3)SumOfSqs	342.2085	0	0	0	0	0	0	0	0	0	0	0	0	0	0	0
S(3,-3)InvDfMom	0.047432636	0	0	0	0	0	0	0	0	0	0	0	0	0	0	0
S(3,-3)SumAverg	65.349107	0	0	0	0	0	0	0	0	0	0	0	0	0	0	0
S(3,-3)SumVarnc	684.42539	0	0	0	0	0	0	0	0	0	0	0	0	0	0	0
S(3,-3)SumEntrp	2.0233753	0	0	0	0	0	0	0	0	0	0	0	0	0	0	0
S(3,-3)Entropy	3.5999456	0	0	0	0	0	0	0	0	0	0	0	0	0	0	0
S(3,-3)DifVarnc	228.62957	0	0	0	0	0	0	0	0	0	0	0	0	0	0	0
S(3,-3)DifEntrp	1.7273438	0	0	0	0	0	0	0	0	0	0	0	0	0	0	0
_Area_S(4,0)	129024	0	0	0	0	0	0	0	0	0	0	0	0	0	0	0
S(4,0)AngScMom	0.00025838543	0	0	0	0	0	0	0	0	0	0	0	0	0	0	0
S(4,0)Contrast	670.0771	0	0	0	0	0	0	0	0	0	0	0	0	0	0	0
S(4,0)Correlat	0.021668334	0	0	0	0	0	0	0	0	0	0	0	0	0	0	0
S(4,0)SumOfSqs	342.45907	0	0	0	0	0	0	0	0	0	0	0	0	0	0	0
S(4,0)InvDfMom	0.048646683	0	0	0	0	0	0	0	0	0	0	0	0	0	0	0
S(4,0)SumAverg	65.36787	0	0	0	0	0	0	0	0	0	0	0	0	0	0	0
S(4,0)SumVarnc	699.75917	0	0	0	0	0	0	0	0	0	0	0	0	0	0	0
S(4,0)SumEntrp	2.0272367	0	0	0	0	0	0	0	0	0	0	0	0	0	0	0
S(4,0)Entropy	3.5996229	0	0	0	0	0	0	0	0	0	0	0	0	0	0	0
S(4,0)DifVarnc	225.4185	0	0	0	0	0	0	0	0	0	0	0	0	0	0	0
S(4,0)DifEntrp	1.7237492	0	0	0	0	0	0	0	0	0	0	0	0	0	0	0
_Area_S(0,4)	129024	0	0	0	0	0	0	0	0	0	0	0	0	0	0	0
S(0,4)AngScMom	0.00025819296	0	0	0	0	0	0	0	0	0	0	0	0	0	0	0
S(0,4)Contrast	686.97495	0	0	0	0	0	0	0	0	0	0	0	0	0	0	0
S(0,4)Correlat	-0.0039362933	0	0	0	0	0	0	0	0	0	0	0	0	0	0	0
S(0,4)SumOfSqs	342.14071	0	0	0	0	0	0	0	0	0	0	0	0	0	0	0
S(0,4)InvDfMom	0.046812135	0	0	0	0	0	0	0	0	0	0	0	0	0	0	0
S(0,4)SumAverg	65.345982	0	0	0	0	0	0	0	0	0	0	0	0	0	0	0
S(0,4)SumVarnc	681.58789	0	0	0	0	0	0	0	0	0	0	0	0	0	0	0
S(0,4)SumEntrp	2.0224511	0	0	0	0	0	0	0	0	0	0	0	0	0	0	0
S(0,4)Entropy	3.5998659	0	0	0	0	0	0	0	0	0	0	0	0	0	0	0
S(0,4)DifVarnc	227.83114	0	0	0	0	0	0	0	0	0	0	0	0	0	0	0
S(0,4)DifEntrp	1.7276422	0	0	0	0	0	0	0	0	0	0	0	0	0	0	0
_Area_S(4,4)	127008	0	0	0	0	0	0	0	0	0	0	0	0	0	0	0
S(4,4)AngScMom	0.00025808194	0	0	0	0	0	0	0	0	0	0	0	0	0	0	0
S(4,4)Contrast	684.88251	0	0	0	0	0	0	0	0	0	0	0	0	0	0	0
S(4,4)Correlat	-0.00055749529	0	0	0	0	0	0	0	0	0	0	0	0	0	0	0
S(4,4)SumOfSqs	342.25045	0	0	0	0	0	0	0	0	0	0	0	0	0	0	0
S(4,4)InvDfMom	0.046282975	0	0	0	0	0	0	0	0	0	0	0	0	0	0	0
S(4,4)SumAverg	65.354954	0	0	0	0	0	0	0	0	0	0	0	0	0	0	0
S(4,4)SumVarnc	684.1193	0	0	0	0	0	0	0	0	0	0	0	0	0	0	0
S(4,4)SumEntrp	2.0229359	0	0	0	0	0	0	0	0	0	0	0	0	0	0	0
S(4,4)Entropy	3.5998797	0	0	0	0	0	0	0	0	0	0	0	0	0	0	0
S(4,4)DifVarnc	227.58182	0	0	0	0	0	0	0	0	0	0	0	0	0	0	0
S(4,4)DifEntrp	1.7274227	0	0	0	0	0	0	0	0	0	0	0	0	0	0	0
_Area_S(4,-4)	127008	0	0	0	0	0	0	0	0	0	0	0	0	0	0	0
S(4,-4)AngScMom	0.0002581722	0	0	0	0	0	0	0	0	0	0	0	0	0	0	0
S(4,-4)Contrast	680.2067	0	0	0	0	0	0	0	0	0	0	0	0	0	0	0
S(4,-4)Correlat	0.0062526835	0	0	0	0	0	0	0	0	0	0	0	0	0	0	0
S(4,-4)SumOfSqs	342.24329	0	0	0	0	0	0	0	0	0	0	0	0	0	0	0
S(4,-4)InvDfMom	0.047950993	0	0	0	0	0	0	0	0	0	0	0	0	0	0	0
S(4,-4)SumAverg	65.352198	0	0	0	0	0	0	0	0	0	0	0	0	0	0	0
S(4,-4)SumVarnc	688.76645	0	0	0	0	0	0	0	0	0	0	0	0	0	0	0
S(4,-4)SumEntrp	2.024476	0	0	0	0	0	0	0	0	0	0	0	0	0	0	0
S(4,-4)Entropy	3.5998515	0	0	0	0	0	0	0	0	0	0	0	0	0	0	0
S(4,-4)DifVarnc	227.08216	0	0	0	0	0	0	0	0	0	0	0	0	0	0	0
S(4,-4)DifEntrp	1.7263094	0	0	0	0	0	0	0	0	0	0	0	0	0	0	0
_Area_S(5,0)	128512	0	0	0	0	0	0	0	0	0	0	0	0	0	0	0
S(5,0)AngScMom	0.00025801779	0	0	0	0	0	0	0	0	0	0	0	0	0	0	0
S(5,0)Contrast	682.6394	0	0	0	0	0	0	0	0	0	0	0	0	0	0	0
S(5,0)Correlat	0.0031514029	0	0	0	0	0	0	0	0	0	0	0	0	0	0	0
S(5,0)SumOfSqs	342.39873	0	0	0	0	0	0	0	0	0	0	0	0	0	0	0
S(5,0)InvDfMom	0.047636793	0	0	0	0	0	0	0	0	0	0	0	0	0	0	0
S(5,0)SumAverg	65.366176	0	0	0	0	0	0	0	0	0	0	0	0	0	0	0
S(5,0)SumVarnc	686.95554	0	0	0	0	0	0	0	0	0	0	0	0	0	0	0
S(5,0)SumEntrp	2.0240706	0	0	0	0	0	0	0	0	0	0	0	0	0	0	0
S(5,0)Entropy	3.6000101	0	0	0	0	0	0	0	0	0	0	0	0	0	0	0
S(5,0)DifVarnc	227.97948	0	0	0	0	0	0	0	0	0	0	0	0	0	0	0
S(5,0)DifEntrp	1.7268632	0	0	0	0	0	0	0	0	0	0	0	0	0	0	0
_Area_S(0,5)	128512	0	0	0	0	0	0	0	0	0	0	0	0	0	0	0
S(0,5)AngScMom	0.00025753109	0	0	0	0	0	0	0	0	0	0	0	0	0	0	0
S(0,5)Contrast	679.3435	0	0	0	0	0	0	0	0	0	0	0	0	0	0	0
S(0,5)Correlat	0.0071500003	0	0	0	0	0	0	0	0	0	0	0	0	0	0	0
S(0,5)SumOfSqs	342.11789	0	0	0	0	0	0	0	0	0	0	0	0	0	0	0
S(0,5)InvDfMom	0.046969893	0	0	0	0	0	0	0	0	0	0	0	0	0	0	0
S(0,5)SumAverg	65.354488	0	0	0	0	0	0	0	0	0	0	0	0	0	0	0
S(0,5)SumVarnc	689.12807	0	0	0	0	0	0	0	0	0	0	0	0	0	0	0
S(0,5)SumEntrp	2.0246883	0	0	0	0	0	0	0	0	0	0	0	0	0	0	0
S(0,5)Entropy	3.6004154	0	0	0	0	0	0	0	0	0	0	0	0	0	0	0
S(0,5)DifVarnc	226.00534	0	0	0	0	0	0	0	0	0	0	0	0	0	0	0
S(0,5)DifEntrp	1.7259451	0	0	0	0	0	0	0	0	0	0	0	0	0	0	0
_Area_S(5,5)	126002	0	0	0	0	0	0	0	0	0	0	0	0	0	0	0
S(5,5)AngScMom	0.00025767285	0	0	0	0	0	0	0	0	0	0	0	0	0	0	0
S(5,5)Contrast	675.72067	0	0	0	0	0	0	0	0	0	0	0	0	0	0	0
S(5,5)Correlat	0.012562502	0	0	0	0	0	0	0	0	0	0	0	0	0	0	0
S(5,5)SumOfSqs	342.15871	0	0	0	0	0	0	0	0	0	0	0	0	0	0	0
S(5,5)InvDfMom	0.046921562	0	0	0	0	0	0	0	0	0	0	0	0	0	0	0
S(5,5)SumAverg	65.359597	0	0	0	0	0	0	0	0	0	0	0	0	0	0	0
S(5,5)SumVarnc	692.91415	0	0	0	0	0	0	0	0	0	0	0	0	0	0	0
S(5,5)SumEntrp	2.0253448	0	0	0	0	0	0	0	0	0	0	0	0	0	0	0
S(5,5)Entropy	3.6002417	0	0	0	0	0	0	0	0	0	0	0	0	0	0	0
S(5,5)DifVarnc	227.55793	0	0	0	0	0	0	0	0	0	0	0	0	0	0	0
S(5,5)DifEntrp	1.724969	0	0	0	0	0	0	0	0	0	0	0	0	0	0	0
_Area_S(5,-5)	126002	0	0	0	0	0	0	0	0	0	0	0	0	0	0	0
S(5,-5)AngScMom	0.00025793411	0	0	0	0	0	0	0	0	0	0	0	0	0	0	0
S(5,-5)Contrast	683.44871	0	0	0	0	0	0	0	0	0	0	0	0	0	0	0
S(5,-5)Correlat	0.0012649838	0	0	0	0	0	0	0	0	0	0	0	0	0	0	0
S(5,-5)SumOfSqs	342.15718	0	0	0	0	0	0	0	0	0	0	0	0	0	0	0
S(5,-5)InvDfMom	0.047855171	0	0	0	0	0	0	0	0	0	0	0	0	0	0	0
S(5,-5)SumAverg	65.360328	0	0	0	0	0	0	0	0	0	0	0	0	0	0	0
S(5,-5)SumVarnc	685.18	0	0	0	0	0	0	0	0	0	0	0	0	0	0	0
S(5,-5)SumEntrp	2.0233498	0	0	0	0	0	0	0	0	0	0	0	0	0	0	0
S(5,-5)Entropy	3.6000277	0	0	0	0	0	0	0	0	0	0	0	0	0	0	0
S(5,-5)DifVarnc	228.57956	0	0	0	0	0	0	0	0	0	0	0	0	0	0	0
S(5,-5)DifEntrp	1.727268	0	0	0	0	0	0	0	0	0	0	0	0	0	0	0
Horzl_RLNonUni	60983.585	0	0	0	0	0	0	0	0	0	0	0	0	0	0	0
Horzl_GLevNonU	1010.6879	0	0	0	0	0	0	0	0	0	0	0	0	0	0	0
Horzl_LngREmph	1.0766512	0	0	0	0	0	0	0	0	0	0	0	0	0	0	0
Horzl_ShrtREmp	0.98205781	0	0	0	0	0	0	0	0	0	0	0	0	0	0	0
Horzl_Fraction	0.97583008	0	0	0	0	0	0	0	0	0	0	0	0	0	0	0
Vertl_RLNonUni	62485.23	0	0	0	0	0	0	0	0	0	0	0	0	0	0	0
Vertl_GLevNonU	1020.161	0	0	0	0	0	0	0	0	0	0	0	0	0	0	0
Vertl_LngREmph	1.0485419	0	0	0	0	0	0	0	0	0	0	0	0	0	0	0
Vertl_ShrtREmp	0.98807232	0	0	0	0	0	0	0	0	0	0	0	0	0	0	0
Vertl_Fraction	0.98420715	0	0	0	0	0	0	0	0	0	0	0	0	0	0	0
45dgr_RLNonUni	62432.009	0	0	0	0	0	0	0	0	0	0	0	0	0	0	0
45dgr_GLevNonU	1019.7119	0	0	0	0	0	0	0	0	0	0	0	0	0	0	0
45dgr_LngREmph	1.0497061	0	0	0	0	0	0	0	0	0	0	0	0	0	0	0
45dgr_ShrtREmp	0.98786642	0	0	0	0	0	0	0	0	0	0	0	0	0	0	0
45dgr_Fraction	0.98387146	0	0	0	0	0	0	0	0	0	0	0	0	0	0	0
135dr_RLNonUni	62456.063	0	0	0	0	0	0	0	0	0	0	0	0	0	0	0
135dr_GLevNonU	1019.5522	0	0	0	0	0	0	0	0	0	0	0	0	0	0	0
135dr_LngREmph	1.0498124	0	0	0	0	0	0	0	0	0	0	0	0	0	0	0
135dr_ShrtREmp	0.9879777	0	0	0	0	0	0	0	0	0	0	0	0	0	0	0
135dr_Fraction	0.98391724	0	0	0	0	0	0	0	0	0	0	0	0	0	0	0
_AreaGr	64516	0	0	0	0	0	0	0	0	0	0	0	0	0	0	0
GrMean	8.2070675	0	0	0	0	0	0	0	0	0	0	0	0	0	0	0
GrVariance	15.457191	0	0	0	0	0	0	0	0	0	0	0	0	0	0	0
GrSkewness	0.17774555	0	0	0	0	0	0	0	0	0	0	0	0	0	0	0
GrKurtosis	-0.658373	0	0	0	0	0	0	0	0	0	0	0	0	0	0	0
GrNonZeros	0.99528799	0	0	0	0	0	0	0	0	0	0	0	0	0	0	0
_AreaARM	64770	0	0	0	0	0	0	0	0	0	0	0	0	0	0	0
Teta1	0.11444751	0	0	0	0	0	0	0	0	0	0	0	0	0	0	0
Teta2	-0.0024410905	0	0	0	0	0	0	0	0	0	0	0	0	0	0	0
Teta3	0.003627024	0	0	0	0	0	0	0	0	0	0	0	0	0	0	0
Teta4	-0.0042775992	0	0	0	0	0	0	0	0	0	0	0	0	0	0	0
Sigma	0.99321438	0	0	0	0	0	0	0	0	0	0	0	0	0	0	0
WavEnLL_s-1	17963.47	0	0	0	0	0	0	0	0	0	0	0	0	0	0	0
WavEnLH_s-1	1543.725	0	0	0	0	0	0	0	0	0	0	0	0	0	0	0
WavEnHL_s-1	1217.2253	0	0	0	0	0	0	0	0	0	0	0	0	0	0	0
WavEnHH_s-1	1211.3445	0	0	0	0	0	0	0	0	0	0	0	0	0	0	0
WavEnLL_s-2	16871.589	0	0	0	0	0	0	0	0	0	0	0	0	0	0	0
WavEnLH_s-2	411.41427	0	0	0	0	0	0	0	0	0	0	0	0	0	0	0
WavEnHL_s-2	346.2813	0	0	0	0	0	0	0	0	0	0	0	0	0	0	0
WavEnHH_s-2	334.18576	0	0	0	0	0	0	0	0	0	0	0	0	0	0	0
WavEnLL_s-3	16562.093	0	0	0	0	0	0	0	0	0	0	0	0	0	0	0
WavEnLH_s-3	110.80303	0	0	0	0	0	0	0	0	0	0	0	0	0	0	0
WavEnHL_s-3	96.930661	0	0	0	0	0	0	0	0	0	0	0	0	0	0	0
WavEnHH_s-3	101.76201	0	0	0	0	0	0	0	0	0	0	0	0	0	0	0
WavEnLL_s-4	16474.581	0	0	0	0	0	0	0	0	0	0	0	0	0	0	0
WavEnLH_s-4	28.513287	0	0	0	0	0	0	0	0	0	0	0	0	0	0	0
WavEnHL_s-4	30.727094	0	0	0	0	0	0	0	0	0	0	0	0	0	0	0
WavEnHH_s-4	28.271962	0	0	0	0	0	0	0	0	0	0	0	0	0	0	0
