Image File: linseeds1-a-p017.png 
ROI File: allred.roi 
Image size: 256 x 256
Min. lum.: 1
Max. lum.: 256
Bits/pixel: 8

Normalisation =  No
Histogram analysis = Yes
CO matrix analysis = Yes, Dimensions = 6 x 6, Distances = 1 2 3 4 5
RL matrix analysis = Yes, Dimension = 6
Gradient analysis = Yes, Max pixel value = 16
AR model analysis = Yes
Wavelet analysis = Yes

--------------- CLASS NAMES ----------------

----------------- FEATURES -----------------
_Area	65536	0	0	0	0	0	0	0	0	0	0	0	0	0	0	0
Mean	132.27266	0	0	0	0	0	0	0	0	0	0	0	0	0	0	0
Variance	5383.8072	0	0	0	0	0	0	0	0	0	0	0	0	0	0	0
Skewness	-0.036496767	0	0	0	0	0	0	0	0	0	0	0	0	0	0	0
Kurtosis	-1.1899546	0	0	0	0	0	0	0	0	0	0	0	0	0	0	0
Perc.01%	3	0	0	0	0	0	0	0	0	0	0	0	0	0	0	0
Perc.10%	31	0	0	0	0	0	0	0	0	0	0	0	0	0	0	0
Perc.50%	133	0	0	0	0	0	0	0	0	0	0	0	0	0	0	0
Perc.90%	233	0	0	0	0	0	0	0	0	0	0	0	0	0	0	0
Perc.99%	254	0	0	0	0	0	0	0	0	0	0	0	0	0	0	0
_Area_S(1,0)	130560	0	0	0	0	0	0	0	0	0	0	0	0	0	0	0
S(1,0)AngScMom	0.00028749635	0	0	0	0	0	0	0	0	0	0	0	0	0	0	0
S(1,0)Contrast	602.24076	0	0	0	0	0	0	0	0	0	0	0	0	0	0	0
S(1,0)Correlat	0.10283904	0	0	0	0	0	0	0	0	0	0	0	0	0	0	0
S(1,0)SumOfSqs	335.63697	0	0	0	0	0	0	0	0	0	0	0	0	0	0	0
S(1,0)InvDfMom	0.061214186	0	0	0	0	0	0	0	0	0	0	0	0	0	0	0
S(1,0)SumAverg	66.871645	0	0	0	0	0	0	0	0	0	0	0	0	0	0	0
S(1,0)SumVarnc	740.3071	0	0	0	0	0	0	0	0	0	0	0	0	0	0	0
S(1,0)SumEntrp	2.0362857	0	0	0	0	0	0	0	0	0	0	0	0	0	0	0
S(1,0)Entropy	3.5791768	0	0	0	0	0	0	0	0	0	0	0	0	0	0	0
S(1,0)DifVarnc	210.46217	0	0	0	0	0	0	0	0	0	0	0	0	0	0	0
S(1,0)DifEntrp	1.7024475	0	0	0	0	0	0	0	0	0	0	0	0	0	0	0
_Area_S(0,1)	130560	0	0	0	0	0	0	0	0	0	0	0	0	0	0	0
S(0,1)AngScMom	0.00026061765	0	0	0	0	0	0	0	0	0	0	0	0	0	0	0
S(0,1)Contrast	669.25588	0	0	0	0	0	0	0	0	0	0	0	0	0	0	0
S(0,1)Correlat	0.0021034363	0	0	0	0	0	0	0	0	0	0	0	0	0	0	0
S(0,1)SumOfSqs	335.33329	0	0	0	0	0	0	0	0	0	0	0	0	0	0	0
S(0,1)InvDfMom	0.046780083	0	0	0	0	0	0	0	0	0	0	0	0	0	0	0
S(0,1)SumAverg	66.871232	0	0	0	0	0	0	0	0	0	0	0	0	0	0	0
S(0,1)SumVarnc	672.07729	0	0	0	0	0	0	0	0	0	0	0	0	0	0	0
S(0,1)SumEntrp	2.0195691	0	0	0	0	0	0	0	0	0	0	0	0	0	0	0
S(0,1)Entropy	3.5976079	0	0	0	0	0	0	0	0	0	0	0	0	0	0	0
S(0,1)DifVarnc	223.2491	0	0	0	0	0	0	0	0	0	0	0	0	0	0	0
S(0,1)DifEntrp	1.7229722	0	0	0	0	0	0	0	0	0	0	0	0	0	0	0
_Area_S(1,1)	130050	0	0	0	0	0	0	0	0	0	0	0	0	0	0	0
S(1,1)AngScMom	0.00026054037	0	0	0	0	0	0	0	0	0	0	0	0	0	0	0
S(1,1)Contrast	669.89761	0	0	0	0	0	0	0	0	0	0	0	0	0	0	0
S(1,1)Correlat	0.0013268201	0	0	0	0	0	0	0	0	0	0	0	0	0	0	0
S(1,1)SumOfSqs	335.39381	0	0	0	0	0	0	0	0	0	0	0	0	0	0	0
S(1,1)InvDfMom	0.046738347	0	0	0	0	0	0	0	0	0	0	0	0	0	0	0
S(1,1)SumAverg	66.8796	0	0	0	0	0	0	0	0	0	0	0	0	0	0	0
S(1,1)SumVarnc	671.67764	0	0	0	0	0	0	0	0	0	0	0	0	0	0	0
S(1,1)SumEntrp	2.0197523	0	0	0	0	0	0	0	0	0	0	0	0	0	0	0
S(1,1)Entropy	3.5977401	0	0	0	0	0	0	0	0	0	0	0	0	0	0	0
S(1,1)DifVarnc	222.9086	0	0	0	0	0	0	0	0	0	0	0	0	0	0	0
S(1,1)DifEntrp	1.7231925	0	0	0	0	0	0	0	0	0	0	0	0	0	0	0
_Area_S(1,-1)	130050	0	0	0	0	0	0	0	0	0	0	0	0	0	0	0
S(1,-1)AngScMom	0.00026092505	0	0	0	0	0	0	0	0	0	0	0	0	0	0	0
S(1,-1)Contrast	672.19614	0	0	0	0	0	0	0	0	0	0	0	0	0	0	0
S(1,-1)Correlat	-0.0021080038	0	0	0	0	0	0	0	0	0	0	0	0	0	0	0
S(1,-1)SumOfSqs	335.39106	0	0	0	0	0	0	0	0	0	0	0	0	0	0	0
S(1,-1)InvDfMom	0.047940448	0	0	0	0	0	0	0	0	0	0	0	0	0	0	0
S(1,-1)SumAverg	66.879692	0	0	0	0	0	0	0	0	0	0	0	0	0	0	0
S(1,-1)SumVarnc	669.36812	0	0	0	0	0	0	0	0	0	0	0	0	0	0	0
S(1,-1)SumEntrp	2.018946	0	0	0	0	0	0	0	0	0	0	0	0	0	0	0
S(1,-1)Entropy	3.5973287	0	0	0	0	0	0	0	0	0	0	0	0	0	0	0
S(1,-1)DifVarnc	224.42646	0	0	0	0	0	0	0	0	0	0	0	0	0	0	0
S(1,-1)DifEntrp	1.7242062	0	0	0	0	0	0	0	0	0	0	0	0	0	0	0
_Area_S(2,0)	130048	0	0	0	0	0	0	0	0	0	0	0	0	0	0	0
S(2,0)AngScMom	0.0002663674	0	0	0	0	0	0	0	0	0	0	0	0	0	0	0
S(2,0)Contrast	633.62179	0	0	0	0	0	0	0	0	0	0	0	0	0	0	0
S(2,0)Correlat	0.055976643	0	0	0	0	0	0	0	0	0	0	0	0	0	0	0
S(2,0)SumOfSqs	335.59646	0	0	0	0	0	0	0	0	0	0	0	0	0	0	0
S(2,0)InvDfMom	0.052120102	0	0	0	0	0	0	0	0	0	0	0	0	0	0	0
S(2,0)SumAverg	66.871109	0	0	0	0	0	0	0	0	0	0	0	0	0	0	0
S(2,0)SumVarnc	708.76404	0	0	0	0	0	0	0	0	0	0	0	0	0	0	0
S(2,0)SumEntrp	2.0298743	0	0	0	0	0	0	0	0	0	0	0	0	0	0	0
S(2,0)Entropy	3.5931614	0	0	0	0	0	0	0	0	0	0	0	0	0	0	0
S(2,0)DifVarnc	214.67787	0	0	0	0	0	0	0	0	0	0	0	0	0	0	0
S(2,0)DifEntrp	1.7125243	0	0	0	0	0	0	0	0	0	0	0	0	0	0	0
_Area_S(0,2)	130048	0	0	0	0	0	0	0	0	0	0	0	0	0	0	0
S(0,2)AngScMom	0.00026128607	0	0	0	0	0	0	0	0	0	0	0	0	0	0	0
S(0,2)Contrast	672.48862	0	0	0	0	0	0	0	0	0	0	0	0	0	0	0
S(0,2)Correlat	-0.0031284305	0	0	0	0	0	0	0	0	0	0	0	0	0	0	0
S(0,2)SumOfSqs	335.19567	0	0	0	0	0	0	0	0	0	0	0	0	0	0	0
S(0,2)InvDfMom	0.046818731	0	0	0	0	0	0	0	0	0	0	0	0	0	0	0
S(0,2)SumAverg	66.856976	0	0	0	0	0	0	0	0	0	0	0	0	0	0	0
S(0,2)SumVarnc	668.29407	0	0	0	0	0	0	0	0	0	0	0	0	0	0	0
S(0,2)SumEntrp	2.0185994	0	0	0	0	0	0	0	0	0	0	0	0	0	0	0
S(0,2)Entropy	3.5970497	0	0	0	0	0	0	0	0	0	0	0	0	0	0	0
S(0,2)DifVarnc	224.05146	0	0	0	0	0	0	0	0	0	0	0	0	0	0	0
S(0,2)DifEntrp	1.7241483	0	0	0	0	0	0	0	0	0	0	0	0	0	0	0
_Area_S(2,2)	129032	0	0	0	0	0	0	0	0	0	0	0	0	0	0	0
S(2,2)AngScMom	0.00026121886	0	0	0	0	0	0	0	0	0	0	0	0	0	0	0
S(2,2)Contrast	672.92441	0	0	0	0	0	0	0	0	0	0	0	0	0	0	0
S(2,2)Correlat	-0.0037487819	0	0	0	0	0	0	0	0	0	0	0	0	0	0	0
S(2,2)SumOfSqs	335.20559	0	0	0	0	0	0	0	0	0	0	0	0	0	0	0
S(2,2)InvDfMom	0.047198465	0	0	0	0	0	0	0	0	0	0	0	0	0	0	0
S(2,2)SumAverg	66.864731	0	0	0	0	0	0	0	0	0	0	0	0	0	0	0
S(2,2)SumVarnc	667.89796	0	0	0	0	0	0	0	0	0	0	0	0	0	0	0
S(2,2)SumEntrp	2.0183479	0	0	0	0	0	0	0	0	0	0	0	0	0	0	0
S(2,2)Entropy	3.5970925	0	0	0	0	0	0	0	0	0	0	0	0	0	0	0
S(2,2)DifVarnc	222.92311	0	0	0	0	0	0	0	0	0	0	0	0	0	0	0
S(2,2)DifEntrp	1.7239844	0	0	0	0	0	0	0	0	0	0	0	0	0	0	0
_Area_S(2,-2)	129032	0	0	0	0	0	0	0	0	0	0	0	0	0	0	0
S(2,-2)AngScMom	0.00026121202	0	0	0	0	0	0	0	0	0	0	0	0	0	0	0
S(2,-2)Contrast	668.087	0	0	0	0	0	0	0	0	0	0	0	0	0	0	0
S(2,-2)Correlat	0.0034832994	0	0	0	0	0	0	0	0	0	0	0	0	0	0	0
S(2,-2)SumOfSqs	335.21114	0	0	0	0	0	0	0	0	0	0	0	0	0	0	0
S(2,-2)InvDfMom	0.047654113	0	0	0	0	0	0	0	0	0	0	0	0	0	0	0
S(2,-2)SumAverg	66.864762	0	0	0	0	0	0	0	0	0	0	0	0	0	0	0
S(2,-2)SumVarnc	672.75756	0	0	0	0	0	0	0	0	0	0	0	0	0	0	0
S(2,-2)SumEntrp	2.0197747	0	0	0	0	0	0	0	0	0	0	0	0	0	0	0
S(2,-2)Entropy	3.5971229	0	0	0	0	0	0	0	0	0	0	0	0	0	0	0
S(2,-2)DifVarnc	222.37098	0	0	0	0	0	0	0	0	0	0	0	0	0	0	0
S(2,-2)DifEntrp	1.7231164	0	0	0	0	0	0	0	0	0	0	0	0	0	0	0
_Area_S(3,0)	129536	0	0	0	0	0	0	0	0	0	0	0	0	0	0	0
S(3,0)AngScMom	0.00026254502	0	0	0	0	0	0	0	0	0	0	0	0	0	0	0
S(3,0)Contrast	653.8004	0	0	0	0	0	0	0	0	0	0	0	0	0	0	0
S(3,0)Correlat	0.026042764	0	0	0	0	0	0	0	0	0	0	0	0	0	0	0
S(3,0)SumOfSqs	335.64122	0	0	0	0	0	0	0	0	0	0	0	0	0	0	0
S(3,0)InvDfMom	0.050522621	0	0	0	0	0	0	0	0	0	0	0	0	0	0	0
S(3,0)SumAverg	66.86657	0	0	0	0	0	0	0	0	0	0	0	0	0	0	0
S(3,0)SumVarnc	688.7645	0	0	0	0	0	0	0	0	0	0	0	0	0	0	0
S(3,0)SumEntrp	2.0248207	0	0	0	0	0	0	0	0	0	0	0	0	0	0	0
S(3,0)Entropy	3.5963275	0	0	0	0	0	0	0	0	0	0	0	0	0	0	0
S(3,0)DifVarnc	219.64738	0	0	0	0	0	0	0	0	0	0	0	0	0	0	0
S(3,0)DifEntrp	1.719125	0	0	0	0	0	0	0	0	0	0	0	0	0	0	0
_Area_S(0,3)	129536	0	0	0	0	0	0	0	0	0	0	0	0	0	0	0
S(0,3)AngScMom	0.00026102842	0	0	0	0	0	0	0	0	0	0	0	0	0	0	0
S(0,3)Contrast	669.7859	0	0	0	0	0	0	0	0	0	0	0	0	0	0	0
S(0,3)Correlat	0.00063999048	0	0	0	0	0	0	0	0	0	0	0	0	0	0	0
S(0,3)SumOfSqs	335.10741	0	0	0	0	0	0	0	0	0	0	0	0	0	0	0
S(0,3)InvDfMom	0.047884858	0	0	0	0	0	0	0	0	0	0	0	0	0	0	0
S(0,3)SumAverg	66.848428	0	0	0	0	0	0	0	0	0	0	0	0	0	0	0
S(0,3)SumVarnc	670.64376	0	0	0	0	0	0	0	0	0	0	0	0	0	0	0
S(0,3)SumEntrp	2.0194697	0	0	0	0	0	0	0	0	0	0	0	0	0	0	0
S(0,3)Entropy	3.5973204	0	0	0	0	0	0	0	0	0	0	0	0	0	0	0
S(0,3)DifVarnc	224.63441	0	0	0	0	0	0	0	0	0	0	0	0	0	0	0
S(0,3)DifEntrp	1.7233598	0	0	0	0	0	0	0	0	0	0	0	0	0	0	0
_Area_S(3,3)	128018	0	0	0	0	0	0	0	0	0	0	0	0	0	0	0
S(3,3)AngScMom	0.00026097835	0	0	0	0	0	0	0	0	0	0	0	0	0	0	0
S(3,3)Contrast	672.36948	0	0	0	0	0	0	0	0	0	0	0	0	0	0	0
S(3,3)Correlat	-0.0030317805	0	0	0	0	0	0	0	0	0	0	0	0	0	0	0
S(3,3)SumOfSqs	335.16858	0	0	0	0	0	0	0	0	0	0	0	0	0	0	0
S(3,3)InvDfMom	0.046778296	0	0	0	0	0	0	0	0	0	0	0	0	0	0	0
S(3,3)SumAverg	66.850537	0	0	0	0	0	0	0	0	0	0	0	0	0	0	0
S(3,3)SumVarnc	668.30485	0	0	0	0	0	0	0	0	0	0	0	0	0	0	0
S(3,3)SumEntrp	2.0188192	0	0	0	0	0	0	0	0	0	0	0	0	0	0	0
S(3,3)Entropy	3.5972918	0	0	0	0	0	0	0	0	0	0	0	0	0	0	0
S(3,3)DifVarnc	224.69557	0	0	0	0	0	0	0	0	0	0	0	0	0	0	0
S(3,3)DifEntrp	1.7240353	0	0	0	0	0	0	0	0	0	0	0	0	0	0	0
_Area_S(3,-3)	128018	0	0	0	0	0	0	0	0	0	0	0	0	0	0	0
S(3,-3)AngScMom	0.00026153838	0	0	0	0	0	0	0	0	0	0	0	0	0	0	0
S(3,-3)Contrast	673.49381	0	0	0	0	0	0	0	0	0	0	0	0	0	0	0
S(3,-3)Correlat	-0.0047592843	0	0	0	0	0	0	0	0	0	0	0	0	0	0	0
S(3,-3)SumOfSqs	335.15182	0	0	0	0	0	0	0	0	0	0	0	0	0	0	0
S(3,-3)InvDfMom	0.047487993	0	0	0	0	0	0	0	0	0	0	0	0	0	0	0
S(3,-3)SumAverg	66.850552	0	0	0	0	0	0	0	0	0	0	0	0	0	0	0
S(3,-3)SumVarnc	667.11347	0	0	0	0	0	0	0	0	0	0	0	0	0	0	0
S(3,-3)SumEntrp	2.0182396	0	0	0	0	0	0	0	0	0	0	0	0	0	0	0
S(3,-3)Entropy	3.5968865	0	0	0	0	0	0	0	0	0	0	0	0	0	0	0
S(3,-3)DifVarnc	223.58192	0	0	0	0	0	0	0	0	0	0	0	0	0	0	0
S(3,-3)DifEntrp	1.7240002	0	0	0	0	0	0	0	0	0	0	0	0	0	0	0
_Area_S(4,0)	129024	0	0	0	0	0	0	0	0	0	0	0	0	0	0	0
S(4,0)AngScMom	0.00026134016	0	0	0	0	0	0	0	0	0	0	0	0	0	0	0
S(4,0)Contrast	660.95534	0	0	0	0	0	0	0	0	0	0	0	0	0	0	0
S(4,0)Correlat	0.015494041	0	0	0	0	0	0	0	0	0	0	0	0	0	0	0
S(4,0)SumOfSqs	335.67869	0	0	0	0	0	0	0	0	0	0	0	0	0	0	0
S(4,0)InvDfMom	0.048118725	0	0	0	0	0	0	0	0	0	0	0	0	0	0	0
S(4,0)SumAverg	66.864909	0	0	0	0	0	0	0	0	0	0	0	0	0	0	0
S(4,0)SumVarnc	681.75942	0	0	0	0	0	0	0	0	0	0	0	0	0	0	0
S(4,0)SumEntrp	2.0228497	0	0	0	0	0	0	0	0	0	0	0	0	0	0	0
S(4,0)Entropy	3.5970396	0	0	0	0	0	0	0	0	0	0	0	0	0	0	0
S(4,0)DifVarnc	221.29092	0	0	0	0	0	0	0	0	0	0	0	0	0	0	0
S(4,0)DifEntrp	1.719993	0	0	0	0	0	0	0	0	0	0	0	0	0	0	0
_Area_S(0,4)	129024	0	0	0	0	0	0	0	0	0	0	0	0	0	0	0
S(0,4)AngScMom	0.00026102756	0	0	0	0	0	0	0	0	0	0	0	0	0	0	0
S(0,4)Contrast	670.63385	0	0	0	0	0	0	0	0	0	0	0	0	0	0	0
S(0,4)Correlat	-0.00088038178	0	0	0	0	0	0	0	0	0	0	0	0	0	0	0
S(0,4)SumOfSqs	335.02198	0	0	0	0	0	0	0	0	0	0	0	0	0	0	0
S(0,4)InvDfMom	0.046979229	0	0	0	0	0	0	0	0	0	0	0	0	0	0	0
S(0,4)SumAverg	66.851609	0	0	0	0	0	0	0	0	0	0	0	0	0	0	0
S(0,4)SumVarnc	669.45406	0	0	0	0	0	0	0	0	0	0	0	0	0	0	0
S(0,4)SumEntrp	2.0189377	0	0	0	0	0	0	0	0	0	0	0	0	0	0	0
S(0,4)Entropy	3.5973034	0	0	0	0	0	0	0	0	0	0	0	0	0	0	0
S(0,4)DifVarnc	224.02433	0	0	0	0	0	0	0	0	0	0	0	0	0	0	0
S(0,4)DifEntrp	1.7232623	0	0	0	0	0	0	0	0	0	0	0	0	0	0	0
_Area_S(4,4)	127008	0	0	0	0	0	0	0	0	0	0	0	0	0	0	0
S(4,4)AngScMom	0.00026096136	0	0	0	0	0	0	0	0	0	0	0	0	0	0	0
S(4,4)Contrast	670.99502	0	0	0	0	0	0	0	0	0	0	0	0	0	0	0
S(4,4)Correlat	-0.0011431897	0	0	0	0	0	0	0	0	0	0	0	0	0	0	0
S(4,4)SumOfSqs	335.11441	0	0	0	0	0	0	0	0	0	0	0	0	0	0	0
S(4,4)InvDfMom	0.047221029	0	0	0	0	0	0	0	0	0	0	0	0	0	0	0
S(4,4)SumAverg	66.852513	0	0	0	0	0	0	0	0	0	0	0	0	0	0	0
S(4,4)SumVarnc	669.46263	0	0	0	0	0	0	0	0	0	0	0	0	0	0	0
S(4,4)SumEntrp	2.0190293	0	0	0	0	0	0	0	0	0	0	0	0	0	0	0
S(4,4)Entropy	3.5973175	0	0	0	0	0	0	0	0	0	0	0	0	0	0	0
S(4,4)DifVarnc	223.35247	0	0	0	0	0	0	0	0	0	0	0	0	0	0	0
S(4,4)DifEntrp	1.723911	0	0	0	0	0	0	0	0	0	0	0	0	0	0	0
_Area_S(4,-4)	127008	0	0	0	0	0	0	0	0	0	0	0	0	0	0	0
S(4,-4)AngScMom	0.0002607057	0	0	0	0	0	0	0	0	0	0	0	0	0	0	0
S(4,-4)Contrast	669.90909	0	0	0	0	0	0	0	0	0	0	0	0	0	0	0
S(4,-4)Correlat	0.00042310966	0	0	0	0	0	0	0	0	0	0	0	0	0	0	0
S(4,-4)SumOfSqs	335.09633	0	0	0	0	0	0	0	0	0	0	0	0	0	0	0
S(4,-4)InvDfMom	0.047419215	0	0	0	0	0	0	0	0	0	0	0	0	0	0	0
S(4,-4)SumAverg	66.851364	0	0	0	0	0	0	0	0	0	0	0	0	0	0	0
S(4,-4)SumVarnc	670.47622	0	0	0	0	0	0	0	0	0	0	0	0	0	0	0
S(4,-4)SumEntrp	2.0193788	0	0	0	0	0	0	0	0	0	0	0	0	0	0	0
S(4,-4)Entropy	3.5976276	0	0	0	0	0	0	0	0	0	0	0	0	0	0	0
S(4,-4)DifVarnc	222.44577	0	0	0	0	0	0	0	0	0	0	0	0	0	0	0
S(4,-4)DifEntrp	1.7231111	0	0	0	0	0	0	0	0	0	0	0	0	0	0	0
_Area_S(5,0)	128512	0	0	0	0	0	0	0	0	0	0	0	0	0	0	0
S(5,0)AngScMom	0.00026161941	0	0	0	0	0	0	0	0	0	0	0	0	0	0	0
S(5,0)Contrast	664.14956	0	0	0	0	0	0	0	0	0	0	0	0	0	0	0
S(5,0)Correlat	0.010693937	0	0	0	0	0	0	0	0	0	0	0	0	0	0	0
S(5,0)SumOfSqs	335.66435	0	0	0	0	0	0	0	0	0	0	0	0	0	0	0
S(5,0)InvDfMom	0.048231638	0	0	0	0	0	0	0	0	0	0	0	0	0	0	0
S(5,0)SumAverg	66.879731	0	0	0	0	0	0	0	0	0	0	0	0	0	0	0
S(5,0)SumVarnc	678.50785	0	0	0	0	0	0	0	0	0	0	0	0	0	0	0
S(5,0)SumEntrp	2.02141	0	0	0	0	0	0	0	0	0	0	0	0	0	0	0
S(5,0)Entropy	3.5967416	0	0	0	0	0	0	0	0	0	0	0	0	0	0	0
S(5,0)DifVarnc	222.5951	0	0	0	0	0	0	0	0	0	0	0	0	0	0	0
S(5,0)DifEntrp	1.7218305	0	0	0	0	0	0	0	0	0	0	0	0	0	0	0
_Area_S(0,5)	128512	0	0	0	0	0	0	0	0	0	0	0	0	0	0	0
S(0,5)AngScMom	0.00026087102	0	0	0	0	0	0	0	0	0	0	0	0	0	0	0
S(0,5)Contrast	665.59106	0	0	0	0	0	0	0	0	0	0	0	0	0	0	0
S(0,5)Correlat	0.0065006569	0	0	0	0	0	0	0	0	0	0	0	0	0	0	0
S(0,5)SumOfSqs	334.97307	0	0	0	0	0	0	0	0	0	0	0	0	0	0	0
S(0,5)InvDfMom	0.048175606	0	0	0	0	0	0	0	0	0	0	0	0	0	0	0
S(0,5)SumAverg	66.860822	0	0	0	0	0	0	0	0	0	0	0	0	0	0	0
S(0,5)SumVarnc	674.30124	0	0	0	0	0	0	0	0	0	0	0	0	0	0	0
S(0,5)SumEntrp	2.0203569	0	0	0	0	0	0	0	0	0	0	0	0	0	0	0
S(0,5)Entropy	3.5973269	0	0	0	0	0	0	0	0	0	0	0	0	0	0	0
S(0,5)DifVarnc	223.21801	0	0	0	0	0	0	0	0	0	0	0	0	0	0	0
S(0,5)DifEntrp	1.7220928	0	0	0	0	0	0	0	0	0	0	0	0	0	0	0
_Area_S(5,5)	126002	0	0	0	0	0	0	0	0	0	0	0	0	0	0	0
S(5,5)AngScMom	0.00026082871	0	0	0	0	0	0	0	0	0	0	0	0	0	0	0
S(5,5)Contrast	668.88057	0	0	0	0	0	0	0	0	0	0	0	0	0	0	0
S(5,5)Correlat	0.0017886887	0	0	0	0	0	0	0	0	0	0	0	0	0	0	0
S(5,5)SumOfSqs	335.03957	0	0	0	0	0	0	0	0	0	0	0	0	0	0	0
S(5,5)InvDfMom	0.047411726	0	0	0	0	0	0	0	0	0	0	0	0	0	0	0
S(5,5)SumAverg	66.875938	0	0	0	0	0	0	0	0	0	0	0	0	0	0	0
S(5,5)SumVarnc	671.2777	0	0	0	0	0	0	0	0	0	0	0	0	0	0	0
S(5,5)SumEntrp	2.0194314	0	0	0	0	0	0	0	0	0	0	0	0	0	0	0
S(5,5)Entropy	3.5975182	0	0	0	0	0	0	0	0	0	0	0	0	0	0	0
S(5,5)DifVarnc	224.11262	0	0	0	0	0	0	0	0	0	0	0	0	0	0	0
S(5,5)DifEntrp	1.722834	0	0	0	0	0	0	0	0	0	0	0	0	0	0	0
_Area_S(5,-5)	126002	0	0	0	0	0	0	0	0	0	0	0	0	0	0	0
S(5,-5)AngScMom	0.00026148124	0	0	0	0	0	0	0	0	0	0	0	0	0	0	0
S(5,-5)Contrast	668.20384	0	0	0	0	0	0	0	0	0	0	0	0	0	0	0
S(5,-5)Correlat	0.0028137075	0	0	0	0	0	0	0	0	0	0	0	0	0	0	0
S(5,-5)SumOfSqs	335.04464	0	0	0	0	0	0	0	0	0	0	0	0	0	0	0
S(5,-5)InvDfMom	0.047135733	0	0	0	0	0	0	0	0	0	0	0	0	0	0	0
S(5,-5)SumAverg	66.875764	0	0	0	0	0	0	0	0	0	0	0	0	0	0	0
S(5,-5)SumVarnc	671.97471	0	0	0	0	0	0	0	0	0	0	0	0	0	0	0
S(5,-5)SumEntrp	2.019875	0	0	0	0	0	0	0	0	0	0	0	0	0	0	0
S(5,-5)Entropy	3.5969946	0	0	0	0	0	0	0	0	0	0	0	0	0	0	0
S(5,-5)DifVarnc	222.29098	0	0	0	0	0	0	0	0	0	0	0	0	0	0	0
S(5,-5)DifEntrp	1.7224654	0	0	0	0	0	0	0	0	0	0	0	0	0	0	0
Horzl_RLNonUni	60770.032	0	0	0	0	0	0	0	0	0	0	0	0	0	0	0
Horzl_GLevNonU	1015.1423	0	0	0	0	0	0	0	0	0	0	0	0	0	0	0
Horzl_LngREmph	1.0811217	0	0	0	0	0	0	0	0	0	0	0	0	0	0	0
Horzl_ShrtREmp	0.98120052	0	0	0	0	0	0	0	0	0	0	0	0	0	0	0
Horzl_Fraction	0.97453308	0	0	0	0	0	0	0	0	0	0	0	0	0	0	0
Vertl_RLNonUni	62526.13	0	0	0	0	0	0	0	0	0	0	0	0	0	0	0
Vertl_GLevNonU	1026.3048	0	0	0	0	0	0	0	0	0	0	0	0	0	0	0
Vertl_LngREmph	1.0480058	0	0	0	0	0	0	0	0	0	0	0	0	0	0	0
Vertl_ShrtREmp	0.98823967	0	0	0	0	0	0	0	0	0	0	0	0	0	0	0
Vertl_Fraction	0.98439026	0	0	0	0	0	0	0	0	0	0	0	0	0	0	0
45dgr_RLNonUni	62506.6	0	0	0	0	0	0	0	0	0	0	0	0	0	0	0
45dgr_GLevNonU	1026.3653	0	0	0	0	0	0	0	0	0	0	0	0	0	0	0
45dgr_LngREmph	1.0482583	0	0	0	0	0	0	0	0	0	0	0	0	0	0	0
45dgr_ShrtREmp	0.98815934	0	0	0	0	0	0	0	0	0	0	0	0	0	0	0
45dgr_Fraction	0.98429871	0	0	0	0	0	0	0	0	0	0	0	0	0	0	0
135dr_RLNonUni	62348.841	0	0	0	0	0	0	0	0	0	0	0	0	0	0	0
135dr_GLevNonU	1025.3756	0	0	0	0	0	0	0	0	0	0	0	0	0	0	0
135dr_LngREmph	1.0511404	0	0	0	0	0	0	0	0	0	0	0	0	0	0	0
135dr_ShrtREmp	0.98753437	0	0	0	0	0	0	0	0	0	0	0	0	0	0	0
135dr_Fraction	0.98342896	0	0	0	0	0	0	0	0	0	0	0	0	0	0	0
_AreaGr	64516	0	0	0	0	0	0	0	0	0	0	0	0	0	0	0
GrMean	8.1244152	0	0	0	0	0	0	0	0	0	0	0	0	0	0	0
GrVariance	15.070433	0	0	0	0	0	0	0	0	0	0	0	0	0	0	0
GrSkewness	0.18216078	0	0	0	0	0	0	0	0	0	0	0	0	0	0	0
GrKurtosis	-0.64596083	0	0	0	0	0	0	0	0	0	0	0	0	0	0	0
GrNonZeros	0.99542749	0	0	0	0	0	0	0	0	0	0	0	0	0	0	0
_AreaARM	64770	0	0	0	0	0	0	0	0	0	0	0	0	0	0	0
Teta1	0.10234188	0	0	0	0	0	0	0	0	0	0	0	0	0	0	0
Teta2	-0.0023330863	0	0	0	0	0	0	0	0	0	0	0	0	0	0	0
Teta3	0.0023065916	0	0	0	0	0	0	0	0	0	0	0	0	0	0	0
Teta4	0.00097396365	0	0	0	0	0	0	0	0	0	0	0	0	0	0	0
Sigma	0.99438717	0	0	0	0	0	0	0	0	0	0	0	0	0	0	0
WavEnLL_s-1	18716.986	0	0	0	0	0	0	0	0	0	0	0	0	0	0	0
WavEnLH_s-1	1478.8438	0	0	0	0	0	0	0	0	0	0	0	0	0	0	0
WavEnHL_s-1	1202.7837	0	0	0	0	0	0	0	0	0	0	0	0	0	0	0
WavEnHH_s-1	1217.7045	0	0	0	0	0	0	0	0	0	0	0	0	0	0	0
WavEnLL_s-2	17637.997	0	0	0	0	0	0	0	0	0	0	0	0	0	0	0
WavEnLH_s-2	417.93345	0	0	0	0	0	0	0	0	0	0	0	0	0	0	0
WavEnHL_s-2	334.21915	0	0	0	0	0	0	0	0	0	0	0	0	0	0	0
WavEnHH_s-2	326.83626	0	0	0	0	0	0	0	0	0	0	0	0	0	0	0
WavEnLL_s-3	17339.594	0	0	0	0	0	0	0	0	0	0	0	0	0	0	0
WavEnLH_s-3	113.82321	0	0	0	0	0	0	0	0	0	0	0	0	0	0	0
WavEnHL_s-3	94.012381	0	0	0	0	0	0	0	0	0	0	0	0	0	0	0
WavEnHH_s-3	90.568291	0	0	0	0	0	0	0	0	0	0	0	0	0	0	0
WavEnLL_s-4	17265.079	0	0	0	0	0	0	0	0	0	0	0	0	0	0	0
WavEnLH_s-4	26.586062	0	0	0	0	0	0	0	0	0	0	0	0	0	0	0
WavEnHL_s-4	21.503611	0	0	0	0	0	0	0	0	0	0	0	0	0	0	0
WavEnHH_s-4	26.425188	0	0	0	0	0	0	0	0	0	0	0	0	0	0	0
