Image File: sand1-a-p028.png 
ROI File: allred.roi 
Image size: 256 x 256
Min. lum.: 1
Max. lum.: 256
Bits/pixel: 8

Normalisation =  No
Histogram analysis = Yes
CO matrix analysis = Yes, Dimensions = 6 x 6, Distances = 1 2 3 4 5
RL matrix analysis = Yes, Dimension = 6
Gradient analysis = Yes, Max pixel value = 16
AR model analysis = Yes
Wavelet analysis = Yes

--------------- CLASS NAMES ----------------

----------------- FEATURES -----------------
_Area	65536	0	0	0	0	0	0	0	0	0	0	0	0	0	0	0
Mean	128.05278	0	0	0	0	0	0	0	0	0	0	0	0	0	0	0
Variance	5688.0133	0	0	0	0	0	0	0	0	0	0	0	0	0	0	0
Skewness	0.0063333543	0	0	0	0	0	0	0	0	0	0	0	0	0	0	0
Kurtosis	-1.2216463	0	0	0	0	0	0	0	0	0	0	0	0	0	0	0
Perc.01%	2	0	0	0	0	0	0	0	0	0	0	0	0	0	0	0
Perc.10%	24	0	0	0	0	0	0	0	0	0	0	0	0	0	0	0
Perc.50%	128	0	0	0	0	0	0	0	0	0	0	0	0	0	0	0
Perc.90%	233	0	0	0	0	0	0	0	0	0	0	0	0	0	0	0
Perc.99%	254	0	0	0	0	0	0	0	0	0	0	0	0	0	0	0
_Area_S(1,0)	130560	0	0	0	0	0	0	0	0	0	0	0	0	0	0	0
S(1,0)AngScMom	0.00026570485	0	0	0	0	0	0	0	0	0	0	0	0	0	0	0
S(1,0)Contrast	664.34663	0	0	0	0	0	0	0	0	0	0	0	0	0	0	0
S(1,0)Correlat	0.064220544	0	0	0	0	0	0	0	0	0	0	0	0	0	0	0
S(1,0)SumOfSqs	354.96966	0	0	0	0	0	0	0	0	0	0	0	0	0	0	0
S(1,0)InvDfMom	0.054318546	0	0	0	0	0	0	0	0	0	0	0	0	0	0	0
S(1,0)SumAverg	64.778094	0	0	0	0	0	0	0	0	0	0	0	0	0	0	0
S(1,0)SumVarnc	755.53201	0	0	0	0	0	0	0	0	0	0	0	0	0	0	0
S(1,0)SumEntrp	2.0415293	0	0	0	0	0	0	0	0	0	0	0	0	0	0	0
S(1,0)Entropy	3.5953538	0	0	0	0	0	0	0	0	0	0	0	0	0	0	0
S(1,0)DifVarnc	226.99091	0	0	0	0	0	0	0	0	0	0	0	0	0	0	0
S(1,0)DifEntrp	1.7211588	0	0	0	0	0	0	0	0	0	0	0	0	0	0	0
_Area_S(0,1)	130560	0	0	0	0	0	0	0	0	0	0	0	0	0	0	0
S(0,1)AngScMom	0.00025572651	0	0	0	0	0	0	0	0	0	0	0	0	0	0	0
S(0,1)Contrast	707.4496	0	0	0	0	0	0	0	0	0	0	0	0	0	0	0
S(0,1)Correlat	0.0027776949	0	0	0	0	0	0	0	0	0	0	0	0	0	0	0
S(0,1)SumOfSqs	354.71008	0	0	0	0	0	0	0	0	0	0	0	0	0	0	0
S(0,1)InvDfMom	0.046469625	0	0	0	0	0	0	0	0	0	0	0	0	0	0	0
S(0,1)SumAverg	64.790227	0	0	0	0	0	0	0	0	0	0	0	0	0	0	0
S(0,1)SumVarnc	711.39071	0	0	0	0	0	0	0	0	0	0	0	0	0	0	0
S(0,1)SumEntrp	2.0306598	0	0	0	0	0	0	0	0	0	0	0	0	0	0	0
S(0,1)Entropy	3.6021149	0	0	0	0	0	0	0	0	0	0	0	0	0	0	0
S(0,1)DifVarnc	236.43195	0	0	0	0	0	0	0	0	0	0	0	0	0	0	0
S(0,1)DifEntrp	1.7337229	0	0	0	0	0	0	0	0	0	0	0	0	0	0	0
_Area_S(1,1)	130050	0	0	0	0	0	0	0	0	0	0	0	0	0	0	0
S(1,1)AngScMom	0.00025570374	0	0	0	0	0	0	0	0	0	0	0	0	0	0	0
S(1,1)Contrast	703.17247	0	0	0	0	0	0	0	0	0	0	0	0	0	0	0
S(1,1)Correlat	0.0090831697	0	0	0	0	0	0	0	0	0	0	0	0	0	0	0
S(1,1)SumOfSqs	354.80903	0	0	0	0	0	0	0	0	0	0	0	0	0	0	0
S(1,1)InvDfMom	0.047373448	0	0	0	0	0	0	0	0	0	0	0	0	0	0	0
S(1,1)SumAverg	64.791265	0	0	0	0	0	0	0	0	0	0	0	0	0	0	0
S(1,1)SumVarnc	716.06363	0	0	0	0	0	0	0	0	0	0	0	0	0	0	0
S(1,1)SumEntrp	2.0319451	0	0	0	0	0	0	0	0	0	0	0	0	0	0	0
S(1,1)Entropy	3.6021694	0	0	0	0	0	0	0	0	0	0	0	0	0	0	0
S(1,1)DifVarnc	235.93857	0	0	0	0	0	0	0	0	0	0	0	0	0	0	0
S(1,1)DifEntrp	1.7324733	0	0	0	0	0	0	0	0	0	0	0	0	0	0	0
_Area_S(1,-1)	130050	0	0	0	0	0	0	0	0	0	0	0	0	0	0	0
S(1,-1)AngScMom	0.00025570871	0	0	0	0	0	0	0	0	0	0	0	0	0	0	0
S(1,-1)Contrast	720.20634	0	0	0	0	0	0	0	0	0	0	0	0	0	0	0
S(1,-1)Correlat	-0.014938634	0	0	0	0	0	0	0	0	0	0	0	0	0	0	0
S(1,-1)SumOfSqs	354.8029	0	0	0	0	0	0	0	0	0	0	0	0	0	0	0
S(1,-1)InvDfMom	0.045654933	0	0	0	0	0	0	0	0	0	0	0	0	0	0	0
S(1,-1)SumAverg	64.791034	0	0	0	0	0	0	0	0	0	0	0	0	0	0	0
S(1,-1)SumVarnc	699.00525	0	0	0	0	0	0	0	0	0	0	0	0	0	0	0
S(1,-1)SumEntrp	2.027699	0	0	0	0	0	0	0	0	0	0	0	0	0	0	0
S(1,-1)Entropy	3.6021476	0	0	0	0	0	0	0	0	0	0	0	0	0	0	0
S(1,-1)DifVarnc	239.23911	0	0	0	0	0	0	0	0	0	0	0	0	0	0	0
S(1,-1)DifEntrp	1.7364118	0	0	0	0	0	0	0	0	0	0	0	0	0	0	0
_Area_S(2,0)	130048	0	0	0	0	0	0	0	0	0	0	0	0	0	0	0
S(2,0)AngScMom	0.00025627829	0	0	0	0	0	0	0	0	0	0	0	0	0	0	0
S(2,0)Contrast	695.78093	0	0	0	0	0	0	0	0	0	0	0	0	0	0	0
S(2,0)Correlat	0.019748549	0	0	0	0	0	0	0	0	0	0	0	0	0	0	0
S(2,0)SumOfSqs	354.89921	0	0	0	0	0	0	0	0	0	0	0	0	0	0	0
S(2,0)InvDfMom	0.047642734	0	0	0	0	0	0	0	0	0	0	0	0	0	0	0
S(2,0)SumAverg	64.776929	0	0	0	0	0	0	0	0	0	0	0	0	0	0	0
S(2,0)SumVarnc	723.8159	0	0	0	0	0	0	0	0	0	0	0	0	0	0	0
S(2,0)SumEntrp	2.0341336	0	0	0	0	0	0	0	0	0	0	0	0	0	0	0
S(2,0)Entropy	3.6018579	0	0	0	0	0	0	0	0	0	0	0	0	0	0	0
S(2,0)DifVarnc	232.3789	0	0	0	0	0	0	0	0	0	0	0	0	0	0	0
S(2,0)DifEntrp	1.7302867	0	0	0	0	0	0	0	0	0	0	0	0	0	0	0
_Area_S(0,2)	130048	0	0	0	0	0	0	0	0	0	0	0	0	0	0	0
S(0,2)AngScMom	0.00025543536	0	0	0	0	0	0	0	0	0	0	0	0	0	0	0
S(0,2)Contrast	709.68452	0	0	0	0	0	0	0	0	0	0	0	0	0	0	0
S(0,2)Correlat	-0.00077062841	0	0	0	0	0	0	0	0	0	0	0	0	0	0	0
S(0,2)SumOfSqs	354.56902	0	0	0	0	0	0	0	0	0	0	0	0	0	0	0
S(0,2)InvDfMom	0.046701931	0	0	0	0	0	0	0	0	0	0	0	0	0	0	0
S(0,2)SumAverg	64.76704	0	0	0	0	0	0	0	0	0	0	0	0	0	0	0
S(0,2)SumVarnc	708.59155	0	0	0	0	0	0	0	0	0	0	0	0	0	0	0
S(0,2)SumEntrp	2.0297865	0	0	0	0	0	0	0	0	0	0	0	0	0	0	0
S(0,2)Entropy	3.6023756	0	0	0	0	0	0	0	0	0	0	0	0	0	0	0
S(0,2)DifVarnc	236.80129	0	0	0	0	0	0	0	0	0	0	0	0	0	0	0
S(0,2)DifEntrp	1.7338952	0	0	0	0	0	0	0	0	0	0	0	0	0	0	0
_Area_S(2,2)	129032	0	0	0	0	0	0	0	0	0	0	0	0	0	0	0
S(2,2)AngScMom	0.0002559498	0	0	0	0	0	0	0	0	0	0	0	0	0	0	0
S(2,2)Contrast	715.02237	0	0	0	0	0	0	0	0	0	0	0	0	0	0	0
S(2,2)Correlat	-0.0082280539	0	0	0	0	0	0	0	0	0	0	0	0	0	0	0
S(2,2)SumOfSqs	354.59357	0	0	0	0	0	0	0	0	0	0	0	0	0	0	0
S(2,2)InvDfMom	0.046024314	0	0	0	0	0	0	0	0	0	0	0	0	0	0	0
S(2,2)SumAverg	64.766771	0	0	0	0	0	0	0	0	0	0	0	0	0	0	0
S(2,2)SumVarnc	703.35191	0	0	0	0	0	0	0	0	0	0	0	0	0	0	0
S(2,2)SumEntrp	2.0286371	0	0	0	0	0	0	0	0	0	0	0	0	0	0	0
S(2,2)Entropy	3.6018425	0	0	0	0	0	0	0	0	0	0	0	0	0	0	0
S(2,2)DifVarnc	237.71067	0	0	0	0	0	0	0	0	0	0	0	0	0	0	0
S(2,2)DifEntrp	1.7351846	0	0	0	0	0	0	0	0	0	0	0	0	0	0	0
_Area_S(2,-2)	129032	0	0	0	0	0	0	0	0	0	0	0	0	0	0	0
S(2,-2)AngScMom	0.00025535602	0	0	0	0	0	0	0	0	0	0	0	0	0	0	0
S(2,-2)Contrast	714.09957	0	0	0	0	0	0	0	0	0	0	0	0	0	0	0
S(2,-2)Correlat	-0.0069338008	0	0	0	0	0	0	0	0	0	0	0	0	0	0	0
S(2,-2)SumOfSqs	354.59112	0	0	0	0	0	0	0	0	0	0	0	0	0	0	0
S(2,-2)InvDfMom	0.046456703	0	0	0	0	0	0	0	0	0	0	0	0	0	0	0
S(2,-2)SumAverg	64.767593	0	0	0	0	0	0	0	0	0	0	0	0	0	0	0
S(2,-2)SumVarnc	704.26492	0	0	0	0	0	0	0	0	0	0	0	0	0	0	0
S(2,-2)SumEntrp	2.0289709	0	0	0	0	0	0	0	0	0	0	0	0	0	0	0
S(2,-2)Entropy	3.6024916	0	0	0	0	0	0	0	0	0	0	0	0	0	0	0
S(2,-2)DifVarnc	238.04745	0	0	0	0	0	0	0	0	0	0	0	0	0	0	0
S(2,-2)DifEntrp	1.7350731	0	0	0	0	0	0	0	0	0	0	0	0	0	0	0
_Area_S(3,0)	129536	0	0	0	0	0	0	0	0	0	0	0	0	0	0	0
S(3,0)AngScMom	0.00025665191	0	0	0	0	0	0	0	0	0	0	0	0	0	0	0
S(3,0)Contrast	705.58294	0	0	0	0	0	0	0	0	0	0	0	0	0	0	0
S(3,0)Correlat	0.0062502076	0	0	0	0	0	0	0	0	0	0	0	0	0	0	0
S(3,0)SumOfSqs	355.01036	0	0	0	0	0	0	0	0	0	0	0	0	0	0	0
S(3,0)InvDfMom	0.048592543	0	0	0	0	0	0	0	0	0	0	0	0	0	0	0
S(3,0)SumAverg	64.768064	0	0	0	0	0	0	0	0	0	0	0	0	0	0	0
S(3,0)SumVarnc	714.4585	0	0	0	0	0	0	0	0	0	0	0	0	0	0	0
S(3,0)SumEntrp	2.0318292	0	0	0	0	0	0	0	0	0	0	0	0	0	0	0
S(3,0)Entropy	3.6014276	0	0	0	0	0	0	0	0	0	0	0	0	0	0	0
S(3,0)DifVarnc	236.69142	0	0	0	0	0	0	0	0	0	0	0	0	0	0	0
S(3,0)DifEntrp	1.733257	0	0	0	0	0	0	0	0	0	0	0	0	0	0	0
_Area_S(0,3)	129536	0	0	0	0	0	0	0	0	0	0	0	0	0	0	0
S(0,3)AngScMom	0.00025572614	0	0	0	0	0	0	0	0	0	0	0	0	0	0	0
S(0,3)Contrast	708.83427	0	0	0	0	0	0	0	0	0	0	0	0	0	0	0
S(0,3)Correlat	0.00013787292	0	0	0	0	0	0	0	0	0	0	0	0	0	0	0
S(0,3)SumOfSqs	354.46601	0	0	0	0	0	0	0	0	0	0	0	0	0	0	0
S(0,3)InvDfMom	0.04697269	0	0	0	0	0	0	0	0	0	0	0	0	0	0	0
S(0,3)SumAverg	64.761672	0	0	0	0	0	0	0	0	0	0	0	0	0	0	0
S(0,3)SumVarnc	709.02976	0	0	0	0	0	0	0	0	0	0	0	0	0	0	0
S(0,3)SumEntrp	2.0299939	0	0	0	0	0	0	0	0	0	0	0	0	0	0	0
S(0,3)Entropy	3.6020553	0	0	0	0	0	0	0	0	0	0	0	0	0	0	0
S(0,3)DifVarnc	237.27234	0	0	0	0	0	0	0	0	0	0	0	0	0	0	0
S(0,3)DifEntrp	1.7338835	0	0	0	0	0	0	0	0	0	0	0	0	0	0	0
_Area_S(3,3)	128018	0	0	0	0	0	0	0	0	0	0	0	0	0	0	0
S(3,3)AngScMom	0.00025545	0	0	0	0	0	0	0	0	0	0	0	0	0	0	0
S(3,3)Contrast	708.36203	0	0	0	0	0	0	0	0	0	0	0	0	0	0	0
S(3,3)Correlat	0.0011445733	0	0	0	0	0	0	0	0	0	0	0	0	0	0	0
S(3,3)SumOfSqs	354.58686	0	0	0	0	0	0	0	0	0	0	0	0	0	0	0
S(3,3)InvDfMom	0.045986346	0	0	0	0	0	0	0	0	0	0	0	0	0	0	0
S(3,3)SumAverg	64.751691	0	0	0	0	0	0	0	0	0	0	0	0	0	0	0
S(3,3)SumVarnc	709.98543	0	0	0	0	0	0	0	0	0	0	0	0	0	0	0
S(3,3)SumEntrp	2.0303093	0	0	0	0	0	0	0	0	0	0	0	0	0	0	0
S(3,3)Entropy	3.6023505	0	0	0	0	0	0	0	0	0	0	0	0	0	0	0
S(3,3)DifVarnc	236.59309	0	0	0	0	0	0	0	0	0	0	0	0	0	0	0
S(3,3)DifEntrp	1.7337403	0	0	0	0	0	0	0	0	0	0	0	0	0	0	0
_Area_S(3,-3)	128018	0	0	0	0	0	0	0	0	0	0	0	0	0	0	0
S(3,-3)AngScMom	0.00025577596	0	0	0	0	0	0	0	0	0	0	0	0	0	0	0
S(3,-3)Contrast	708.08535	0	0	0	0	0	0	0	0	0	0	0	0	0	0	0
S(3,-3)Correlat	0.00157198	0	0	0	0	0	0	0	0	0	0	0	0	0	0	0
S(3,-3)SumOfSqs	354.6001	0	0	0	0	0	0	0	0	0	0	0	0	0	0	0
S(3,-3)InvDfMom	0.046925452	0	0	0	0	0	0	0	0	0	0	0	0	0	0	0
S(3,-3)SumAverg	64.753722	0	0	0	0	0	0	0	0	0	0	0	0	0	0	0
S(3,-3)SumVarnc	710.31504	0	0	0	0	0	0	0	0	0	0	0	0	0	0	0
S(3,-3)SumEntrp	2.0303254	0	0	0	0	0	0	0	0	0	0	0	0	0	0	0
S(3,-3)Entropy	3.6020733	0	0	0	0	0	0	0	0	0	0	0	0	0	0	0
S(3,-3)DifVarnc	235.71221	0	0	0	0	0	0	0	0	0	0	0	0	0	0	0
S(3,-3)DifEntrp	1.733815	0	0	0	0	0	0	0	0	0	0	0	0	0	0	0
_Area_S(4,0)	129024	0	0	0	0	0	0	0	0	0	0	0	0	0	0	0
S(4,0)AngScMom	0.00025587053	0	0	0	0	0	0	0	0	0	0	0	0	0	0	0
S(4,0)Contrast	709.46134	0	0	0	0	0	0	0	0	0	0	0	0	0	0	0
S(4,0)Correlat	0.00062902149	0	0	0	0	0	0	0	0	0	0	0	0	0	0	0
S(4,0)SumOfSqs	354.95394	0	0	0	0	0	0	0	0	0	0	0	0	0	0	0
S(4,0)InvDfMom	0.046451957	0	0	0	0	0	0	0	0	0	0	0	0	0	0	0
S(4,0)SumAverg	64.772848	0	0	0	0	0	0	0	0	0	0	0	0	0	0	0
S(4,0)SumVarnc	710.35444	0	0	0	0	0	0	0	0	0	0	0	0	0	0	0
S(4,0)SumEntrp	2.0305203	0	0	0	0	0	0	0	0	0	0	0	0	0	0	0
S(4,0)Entropy	3.6019904	0	0	0	0	0	0	0	0	0	0	0	0	0	0	0
S(4,0)DifVarnc	235.5124	0	0	0	0	0	0	0	0	0	0	0	0	0	0	0
S(4,0)DifEntrp	1.734238	0	0	0	0	0	0	0	0	0	0	0	0	0	0	0
_Area_S(0,4)	129024	0	0	0	0	0	0	0	0	0	0	0	0	0	0	0
S(0,4)AngScMom	0.00025600485	0	0	0	0	0	0	0	0	0	0	0	0	0	0	0
S(0,4)Contrast	709.42487	0	0	0	0	0	0	0	0	0	0	0	0	0	0	0
S(0,4)Correlat	-0.00074734754	0	0	0	0	0	0	0	0	0	0	0	0	0	0	0
S(0,4)SumOfSqs	354.44754	0	0	0	0	0	0	0	0	0	0	0	0	0	0	0
S(0,4)InvDfMom	0.046549474	0	0	0	0	0	0	0	0	0	0	0	0	0	0	0
S(0,4)SumAverg	64.766354	0	0	0	0	0	0	0	0	0	0	0	0	0	0	0
S(0,4)SumVarnc	708.36528	0	0	0	0	0	0	0	0	0	0	0	0	0	0	0
S(0,4)SumEntrp	2.0299054	0	0	0	0	0	0	0	0	0	0	0	0	0	0	0
S(0,4)Entropy	3.6018507	0	0	0	0	0	0	0	0	0	0	0	0	0	0	0
S(0,4)DifVarnc	235.45501	0	0	0	0	0	0	0	0	0	0	0	0	0	0	0
S(0,4)DifEntrp	1.7339343	0	0	0	0	0	0	0	0	0	0	0	0	0	0	0
_Area_S(4,4)	127008	0	0	0	0	0	0	0	0	0	0	0	0	0	0	0
S(4,4)AngScMom	0.00025603061	0	0	0	0	0	0	0	0	0	0	0	0	0	0	0
S(4,4)Contrast	709.48477	0	0	0	0	0	0	0	0	0	0	0	0	0	0	0
S(4,4)Correlat	-0.00070569353	0	0	0	0	0	0	0	0	0	0	0	0	0	0	0
S(4,4)SumOfSqs	354.49222	0	0	0	0	0	0	0	0	0	0	0	0	0	0	0
S(4,4)InvDfMom	0.046962865	0	0	0	0	0	0	0	0	0	0	0	0	0	0	0
S(4,4)SumAverg	64.761133	0	0	0	0	0	0	0	0	0	0	0	0	0	0	0
S(4,4)SumVarnc	708.48412	0	0	0	0	0	0	0	0	0	0	0	0	0	0	0
S(4,4)SumEntrp	2.0298075	0	0	0	0	0	0	0	0	0	0	0	0	0	0	0
S(4,4)Entropy	3.6018442	0	0	0	0	0	0	0	0	0	0	0	0	0	0	0
S(4,4)DifVarnc	236.84208	0	0	0	0	0	0	0	0	0	0	0	0	0	0	0
S(4,4)DifEntrp	1.7344091	0	0	0	0	0	0	0	0	0	0	0	0	0	0	0
_Area_S(4,-4)	127008	0	0	0	0	0	0	0	0	0	0	0	0	0	0	0
S(4,-4)AngScMom	0.00025604574	0	0	0	0	0	0	0	0	0	0	0	0	0	0	0
S(4,-4)Contrast	706.4863	0	0	0	0	0	0	0	0	0	0	0	0	0	0	0
S(4,-4)Correlat	0.0036183744	0	0	0	0	0	0	0	0	0	0	0	0	0	0	0
S(4,-4)SumOfSqs	354.52596	0	0	0	0	0	0	0	0	0	0	0	0	0	0	0
S(4,-4)InvDfMom	0.046466307	0	0	0	0	0	0	0	0	0	0	0	0	0	0	0
S(4,-4)SumAverg	64.762755	0	0	0	0	0	0	0	0	0	0	0	0	0	0	0
S(4,-4)SumVarnc	711.61753	0	0	0	0	0	0	0	0	0	0	0	0	0	0	0
S(4,-4)SumEntrp	2.0309646	0	0	0	0	0	0	0	0	0	0	0	0	0	0	0
S(4,-4)Entropy	3.6017872	0	0	0	0	0	0	0	0	0	0	0	0	0	0	0
S(4,-4)DifVarnc	234.90497	0	0	0	0	0	0	0	0	0	0	0	0	0	0	0
S(4,-4)DifEntrp	1.7334844	0	0	0	0	0	0	0	0	0	0	0	0	0	0	0
_Area_S(5,0)	128512	0	0	0	0	0	0	0	0	0	0	0	0	0	0	0
S(5,0)AngScMom	0.00025568626	0	0	0	0	0	0	0	0	0	0	0	0	0	0	0
S(5,0)Contrast	710.58437	0	0	0	0	0	0	0	0	0	0	0	0	0	0	0
S(5,0)Correlat	-0.00088785508	0	0	0	0	0	0	0	0	0	0	0	0	0	0	0
S(5,0)SumOfSqs	354.97701	0	0	0	0	0	0	0	0	0	0	0	0	0	0	0
S(5,0)InvDfMom	0.047017036	0	0	0	0	0	0	0	0	0	0	0	0	0	0	0
S(5,0)SumAverg	64.769033	0	0	0	0	0	0	0	0	0	0	0	0	0	0	0
S(5,0)SumVarnc	709.32369	0	0	0	0	0	0	0	0	0	0	0	0	0	0	0
S(5,0)SumEntrp	2.0301351	0	0	0	0	0	0	0	0	0	0	0	0	0	0	0
S(5,0)Entropy	3.602196	0	0	0	0	0	0	0	0	0	0	0	0	0	0	0
S(5,0)DifVarnc	236.81687	0	0	0	0	0	0	0	0	0	0	0	0	0	0	0
S(5,0)DifEntrp	1.7343659	0	0	0	0	0	0	0	0	0	0	0	0	0	0	0
_Area_S(0,5)	128512	0	0	0	0	0	0	0	0	0	0	0	0	0	0	0
S(0,5)AngScMom	0.00025600221	0	0	0	0	0	0	0	0	0	0	0	0	0	0	0
S(0,5)Contrast	711.45051	0	0	0	0	0	0	0	0	0	0	0	0	0	0	0
S(0,5)Correlat	-0.0036741048	0	0	0	0	0	0	0	0	0	0	0	0	0	0	0
S(0,5)SumOfSqs	354.42307	0	0	0	0	0	0	0	0	0	0	0	0	0	0	0
S(0,5)InvDfMom	0.047019162	0	0	0	0	0	0	0	0	0	0	0	0	0	0	0
S(0,5)SumAverg	64.7655	0	0	0	0	0	0	0	0	0	0	0	0	0	0	0
S(0,5)SumVarnc	706.24176	0	0	0	0	0	0	0	0	0	0	0	0	0	0	0
S(0,5)SumEntrp	2.0294575	0	0	0	0	0	0	0	0	0	0	0	0	0	0	0
S(0,5)Entropy	3.6018765	0	0	0	0	0	0	0	0	0	0	0	0	0	0	0
S(0,5)DifVarnc	236.27348	0	0	0	0	0	0	0	0	0	0	0	0	0	0	0
S(0,5)DifEntrp	1.7346467	0	0	0	0	0	0	0	0	0	0	0	0	0	0	0
_Area_S(5,5)	126002	0	0	0	0	0	0	0	0	0	0	0	0	0	0	0
S(5,5)AngScMom	0.00025545548	0	0	0	0	0	0	0	0	0	0	0	0	0	0	0
S(5,5)Contrast	707.15143	0	0	0	0	0	0	0	0	0	0	0	0	0	0	0
S(5,5)Correlat	0.0026305288	0	0	0	0	0	0	0	0	0	0	0	0	0	0	0
S(5,5)SumOfSqs	354.50826	0	0	0	0	0	0	0	0	0	0	0	0	0	0	0
S(5,5)InvDfMom	0.046998222	0	0	0	0	0	0	0	0	0	0	0	0	0	0	0
S(5,5)SumAverg	64.756544	0	0	0	0	0	0	0	0	0	0	0	0	0	0	0
S(5,5)SumVarnc	710.8816	0	0	0	0	0	0	0	0	0	0	0	0	0	0	0
S(5,5)SumEntrp	2.0307711	0	0	0	0	0	0	0	0	0	0	0	0	0	0	0
S(5,5)Entropy	3.6023445	0	0	0	0	0	0	0	0	0	0	0	0	0	0	0
S(5,5)DifVarnc	235.97254	0	0	0	0	0	0	0	0	0	0	0	0	0	0	0
S(5,5)DifEntrp	1.7333899	0	0	0	0	0	0	0	0	0	0	0	0	0	0	0
_Area_S(5,-5)	126002	0	0	0	0	0	0	0	0	0	0	0	0	0	0	0
S(5,-5)AngScMom	0.00025637193	0	0	0	0	0	0	0	0	0	0	0	0	0	0	0
S(5,-5)Contrast	704.58786	0	0	0	0	0	0	0	0	0	0	0	0	0	0	0
S(5,-5)Correlat	0.0062766171	0	0	0	0	0	0	0	0	0	0	0	0	0	0	0
S(5,-5)SumOfSqs	354.51911	0	0	0	0	0	0	0	0	0	0	0	0	0	0	0
S(5,-5)InvDfMom	0.046484327	0	0	0	0	0	0	0	0	0	0	0	0	0	0	0
S(5,-5)SumAverg	64.757575	0	0	0	0	0	0	0	0	0	0	0	0	0	0	0
S(5,-5)SumVarnc	713.48859	0	0	0	0	0	0	0	0	0	0	0	0	0	0	0
S(5,-5)SumEntrp	2.0311003	0	0	0	0	0	0	0	0	0	0	0	0	0	0	0
S(5,-5)Entropy	3.6015589	0	0	0	0	0	0	0	0	0	0	0	0	0	0	0
S(5,-5)DifVarnc	234.32846	0	0	0	0	0	0	0	0	0	0	0	0	0	0	0
S(5,-5)DifEntrp	1.7328748	0	0	0	0	0	0	0	0	0	0	0	0	0	0	0
Horzl_RLNonUni	61675.389	0	0	0	0	0	0	0	0	0	0	0	0	0	0	0
Horzl_GLevNonU	1010.5726	0	0	0	0	0	0	0	0	0	0	0	0	0	0	0
Horzl_LngREmph	1.0635932	0	0	0	0	0	0	0	0	0	0	0	0	0	0	0
Horzl_ShrtREmp	0.98484801	0	0	0	0	0	0	0	0	0	0	0	0	0	0	0
Horzl_Fraction	0.97969055	0	0	0	0	0	0	0	0	0	0	0	0	0	0	0
Vertl_RLNonUni	62501.45	0	0	0	0	0	0	0	0	0	0	0	0	0	0	0
Vertl_GLevNonU	1015.8779	0	0	0	0	0	0	0	0	0	0	0	0	0	0	0
Vertl_LngREmph	1.0486497	0	0	0	0	0	0	0	0	0	0	0	0	0	0	0
Vertl_ShrtREmp	0.98814765	0	0	0	0	0	0	0	0	0	0	0	0	0	0	0
Vertl_Fraction	0.98422241	0	0	0	0	0	0	0	0	0	0	0	0	0	0	0
45dgr_RLNonUni	62487.795	0	0	0	0	0	0	0	0	0	0	0	0	0	0	0
45dgr_GLevNonU	1015.8433	0	0	0	0	0	0	0	0	0	0	0	0	0	0	0
45dgr_LngREmph	1.0488077	0	0	0	0	0	0	0	0	0	0	0	0	0	0	0
45dgr_ShrtREmp	0.98809093	0	0	0	0	0	0	0	0	0	0	0	0	0	0	0
45dgr_Fraction	0.98416138	0	0	0	0	0	0	0	0	0	0	0	0	0	0	0
135dr_RLNonUni	62717.081	0	0	0	0	0	0	0	0	0	0	0	0	0	0	0
135dr_GLevNonU	1016.9754	0	0	0	0	0	0	0	0	0	0	0	0	0	0	0
135dr_LngREmph	1.0451561	0	0	0	0	0	0	0	0	0	0	0	0	0	0	0
135dr_ShrtREmp	0.98901262	0	0	0	0	0	0	0	0	0	0	0	0	0	0	0
135dr_Fraction	0.98535156	0	0	0	0	0	0	0	0	0	0	0	0	0	0	0
_AreaGr	64516	0	0	0	0	0	0	0	0	0	0	0	0	0	0	0
GrMean	8.4458241	0	0	0	0	0	0	0	0	0	0	0	0	0	0	0
GrVariance	16.153455	0	0	0	0	0	0	0	0	0	0	0	0	0	0	0
GrSkewness	0.16772936	0	0	0	0	0	0	0	0	0	0	0	0	0	0	0
GrKurtosis	-0.66271279	0	0	0	0	0	0	0	0	0	0	0	0	0	0	0
GrNonZeros	0.99600099	0	0	0	0	0	0	0	0	0	0	0	0	0	0	0
_AreaARM	64770	0	0	0	0	0	0	0	0	0	0	0	0	0	0	0
Teta1	0.063475841	0	0	0	0	0	0	0	0	0	0	0	0	0	0	0
Teta2	-0.015318713	0	0	0	0	0	0	0	0	0	0	0	0	0	0	0
Teta3	0.0021798179	0	0	0	0	0	0	0	0	0	0	0	0	0	0	0
Teta4	0.0094436849	0	0	0	0	0	0	0	0	0	0	0	0	0	0	0
Sigma	0.99767818	0	0	0	0	0	0	0	0	0	0	0	0	0	0	0
WavEnLL_s-1	17653.626	0	0	0	0	0	0	0	0	0	0	0	0	0	0	0
WavEnLH_s-1	1529.1021	0	0	0	0	0	0	0	0	0	0	0	0	0	0	0
WavEnHL_s-1	1347.3372	0	0	0	0	0	0	0	0	0	0	0	0	0	0	0
WavEnHH_s-1	1300.3573	0	0	0	0	0	0	0	0	0	0	0	0	0	0	0
WavEnLL_s-2	16533.187	0	0	0	0	0	0	0	0	0	0	0	0	0	0	0
WavEnLH_s-2	391.81741	0	0	0	0	0	0	0	0	0	0	0	0	0	0	0
WavEnHL_s-2	360.88969	0	0	0	0	0	0	0	0	0	0	0	0	0	0	0
WavEnHH_s-2	367.73136	0	0	0	0	0	0	0	0	0	0	0	0	0	0	0
WavEnLL_s-3	16241.82	0	0	0	0	0	0	0	0	0	0	0	0	0	0	0
WavEnLH_s-3	99.634531	0	0	0	0	0	0	0	0	0	0	0	0	0	0	0
WavEnHL_s-3	97.334427	0	0	0	0	0	0	0	0	0	0	0	0	0	0	0
WavEnHH_s-3	94.39852	0	0	0	0	0	0	0	0	0	0	0	0	0	0	0
WavEnLL_s-4	16170.296	0	0	0	0	0	0	0	0	0	0	0	0	0	0	0
WavEnLH_s-4	23.684353	0	0	0	0	0	0	0	0	0	0	0	0	0	0	0
WavEnHL_s-4	22.959293	0	0	0	0	0	0	0	0	0	0	0	0	0	0	0
WavEnHH_s-4	24.880204	0	0	0	0	0	0	0	0	0	0	0	0	0	0	0
