Image File: sand1-a-p031.png 
ROI File: allred.roi 
Image size: 256 x 256
Min. lum.: 1
Max. lum.: 256
Bits/pixel: 8

Normalisation =  No
Histogram analysis = Yes
CO matrix analysis = Yes, Dimensions = 6 x 6, Distances = 1 2 3 4 5
RL matrix analysis = Yes, Dimension = 6
Gradient analysis = Yes, Max pixel value = 16
AR model analysis = Yes
Wavelet analysis = Yes

--------------- CLASS NAMES ----------------

----------------- FEATURES -----------------
_Area	65536	0	0	0	0	0	0	0	0	0	0	0	0	0	0	0
Mean	130.68222	0	0	0	0	0	0	0	0	0	0	0	0	0	0	0
Variance	5509.1727	0	0	0	0	0	0	0	0	0	0	0	0	0	0	0
Skewness	-0.031947429	0	0	0	0	0	0	0	0	0	0	0	0	0	0	0
Kurtosis	-1.2029491	0	0	0	0	0	0	0	0	0	0	0	0	0	0	0
Perc.01%	3	0	0	0	0	0	0	0	0	0	0	0	0	0	0	0
Perc.10%	27	0	0	0	0	0	0	0	0	0	0	0	0	0	0	0
Perc.50%	131	0	0	0	0	0	0	0	0	0	0	0	0	0	0	0
Perc.90%	232	0	0	0	0	0	0	0	0	0	0	0	0	0	0	0
Perc.99%	254	0	0	0	0	0	0	0	0	0	0	0	0	0	0	0
_Area_S(1,0)	130560	0	0	0	0	0	0	0	0	0	0	0	0	0	0	0
S(1,0)AngScMom	0.00026331895	0	0	0	0	0	0	0	0	0	0	0	0	0	0	0
S(1,0)Contrast	644.92583	0	0	0	0	0	0	0	0	0	0	0	0	0	0	0
S(1,0)Correlat	0.061758822	0	0	0	0	0	0	0	0	0	0	0	0	0	0	0
S(1,0)SumOfSqs	343.68872	0	0	0	0	0	0	0	0	0	0	0	0	0	0	0
S(1,0)InvDfMom	0.053355235	0	0	0	0	0	0	0	0	0	0	0	0	0	0	0
S(1,0)SumAverg	66.083241	0	0	0	0	0	0	0	0	0	0	0	0	0	0	0
S(1,0)SumVarnc	729.82907	0	0	0	0	0	0	0	0	0	0	0	0	0	0	0
S(1,0)SumEntrp	2.0355675	0	0	0	0	0	0	0	0	0	0	0	0	0	0	0
S(1,0)Entropy	3.5964906	0	0	0	0	0	0	0	0	0	0	0	0	0	0	0
S(1,0)DifVarnc	220.93685	0	0	0	0	0	0	0	0	0	0	0	0	0	0	0
S(1,0)DifEntrp	1.7160978	0	0	0	0	0	0	0	0	0	0	0	0	0	0	0
_Area_S(0,1)	130560	0	0	0	0	0	0	0	0	0	0	0	0	0	0	0
S(0,1)AngScMom	0.00025509832	0	0	0	0	0	0	0	0	0	0	0	0	0	0	0
S(0,1)Contrast	691.98053	0	0	0	0	0	0	0	0	0	0	0	0	0	0	0
S(0,1)Correlat	-0.0073075223	0	0	0	0	0	0	0	0	0	0	0	0	0	0	0
S(0,1)SumOfSqs	343.48028	0	0	0	0	0	0	0	0	0	0	0	0	0	0	0
S(0,1)InvDfMom	0.046397913	0	0	0	0	0	0	0	0	0	0	0	0	0	0	0
S(0,1)SumAverg	66.083992	0	0	0	0	0	0	0	0	0	0	0	0	0	0	0
S(0,1)SumVarnc	681.94057	0	0	0	0	0	0	0	0	0	0	0	0	0	0	0
S(0,1)SumEntrp	2.0225287	0	0	0	0	0	0	0	0	0	0	0	0	0	0	0
S(0,1)Entropy	3.6025576	0	0	0	0	0	0	0	0	0	0	0	0	0	0	0
S(0,1)DifVarnc	230.45153	0	0	0	0	0	0	0	0	0	0	0	0	0	0	0
S(0,1)DifEntrp	1.7289953	0	0	0	0	0	0	0	0	0	0	0	0	0	0	0
_Area_S(1,1)	130050	0	0	0	0	0	0	0	0	0	0	0	0	0	0	0
S(1,1)AngScMom	0.00025505749	0	0	0	0	0	0	0	0	0	0	0	0	0	0	0
S(1,1)Contrast	684.21885	0	0	0	0	0	0	0	0	0	0	0	0	0	0	0
S(1,1)Correlat	0.004067877	0	0	0	0	0	0	0	0	0	0	0	0	0	0	0
S(1,1)SumOfSqs	343.50677	0	0	0	0	0	0	0	0	0	0	0	0	0	0	0
S(1,1)InvDfMom	0.046783738	0	0	0	0	0	0	0	0	0	0	0	0	0	0	0
S(1,1)SumAverg	66.085829	0	0	0	0	0	0	0	0	0	0	0	0	0	0	0
S(1,1)SumVarnc	689.80823	0	0	0	0	0	0	0	0	0	0	0	0	0	0	0
S(1,1)SumEntrp	2.0243784	0	0	0	0	0	0	0	0	0	0	0	0	0	0	0
S(1,1)Entropy	3.602605	0	0	0	0	0	0	0	0	0	0	0	0	0	0	0
S(1,1)DifVarnc	228.44675	0	0	0	0	0	0	0	0	0	0	0	0	0	0	0
S(1,1)DifEntrp	1.7271166	0	0	0	0	0	0	0	0	0	0	0	0	0	0	0
_Area_S(1,-1)	130050	0	0	0	0	0	0	0	0	0	0	0	0	0	0	0
S(1,-1)AngScMom	0.00025460742	0	0	0	0	0	0	0	0	0	0	0	0	0	0	0
S(1,-1)Contrast	690.96148	0	0	0	0	0	0	0	0	0	0	0	0	0	0	0
S(1,-1)Correlat	-0.0057605991	0	0	0	0	0	0	0	0	0	0	0	0	0	0	0
S(1,-1)SumOfSqs	343.50196	0	0	0	0	0	0	0	0	0	0	0	0	0	0	0
S(1,-1)InvDfMom	0.047021443	0	0	0	0	0	0	0	0	0	0	0	0	0	0	0
S(1,-1)SumAverg	66.084829	0	0	0	0	0	0	0	0	0	0	0	0	0	0	0
S(1,-1)SumVarnc	683.04637	0	0	0	0	0	0	0	0	0	0	0	0	0	0	0
S(1,-1)SumEntrp	2.0231079	0	0	0	0	0	0	0	0	0	0	0	0	0	0	0
S(1,-1)Entropy	3.6030096	0	0	0	0	0	0	0	0	0	0	0	0	0	0	0
S(1,-1)DifVarnc	229.84257	0	0	0	0	0	0	0	0	0	0	0	0	0	0	0
S(1,-1)DifEntrp	1.7292191	0	0	0	0	0	0	0	0	0	0	0	0	0	0	0
_Area_S(2,0)	130048	0	0	0	0	0	0	0	0	0	0	0	0	0	0	0
S(2,0)AngScMom	0.00025599164	0	0	0	0	0	0	0	0	0	0	0	0	0	0	0
S(2,0)Contrast	676.2634	0	0	0	0	0	0	0	0	0	0	0	0	0	0	0
S(2,0)Correlat	0.016105955	0	0	0	0	0	0	0	0	0	0	0	0	0	0	0
S(2,0)SumOfSqs	343.66678	0	0	0	0	0	0	0	0	0	0	0	0	0	0	0
S(2,0)InvDfMom	0.047882679	0	0	0	0	0	0	0	0	0	0	0	0	0	0	0
S(2,0)SumAverg	66.073927	0	0	0	0	0	0	0	0	0	0	0	0	0	0	0
S(2,0)SumVarnc	698.40372	0	0	0	0	0	0	0	0	0	0	0	0	0	0	0
S(2,0)SumEntrp	2.0273603	0	0	0	0	0	0	0	0	0	0	0	0	0	0	0
S(2,0)Entropy	3.6019685	0	0	0	0	0	0	0	0	0	0	0	0	0	0	0
S(2,0)DifVarnc	226.38758	0	0	0	0	0	0	0	0	0	0	0	0	0	0	0
S(2,0)DifEntrp	1.7249425	0	0	0	0	0	0	0	0	0	0	0	0	0	0	0
_Area_S(0,2)	130048	0	0	0	0	0	0	0	0	0	0	0	0	0	0	0
S(0,2)AngScMom	0.00025485886	0	0	0	0	0	0	0	0	0	0	0	0	0	0	0
S(0,2)Contrast	685.00727	0	0	0	0	0	0	0	0	0	0	0	0	0	0	0
S(0,2)Correlat	0.0024046705	0	0	0	0	0	0	0	0	0	0	0	0	0	0	0
S(0,2)SumOfSqs	343.32923	0	0	0	0	0	0	0	0	0	0	0	0	0	0	0
S(0,2)InvDfMom	0.046517305	0	0	0	0	0	0	0	0	0	0	0	0	0	0	0
S(0,2)SumAverg	66.062054	0	0	0	0	0	0	0	0	0	0	0	0	0	0	0
S(0,2)SumVarnc	688.30965	0	0	0	0	0	0	0	0	0	0	0	0	0	0	0
S(0,2)SumEntrp	2.0244088	0	0	0	0	0	0	0	0	0	0	0	0	0	0	0
S(0,2)Entropy	3.6027735	0	0	0	0	0	0	0	0	0	0	0	0	0	0	0
S(0,2)DifVarnc	229.69251	0	0	0	0	0	0	0	0	0	0	0	0	0	0	0
S(0,2)DifEntrp	1.727222	0	0	0	0	0	0	0	0	0	0	0	0	0	0	0
_Area_S(2,2)	129032	0	0	0	0	0	0	0	0	0	0	0	0	0	0	0
S(2,2)AngScMom	0.00025513511	0	0	0	0	0	0	0	0	0	0	0	0	0	0	0
S(2,2)Contrast	688.83578	0	0	0	0	0	0	0	0	0	0	0	0	0	0	0
S(2,2)Correlat	-0.0031200392	0	0	0	0	0	0	0	0	0	0	0	0	0	0	0
S(2,2)SumOfSqs	343.34663	0	0	0	0	0	0	0	0	0	0	0	0	0	0	0
S(2,2)InvDfMom	0.04673292	0	0	0	0	0	0	0	0	0	0	0	0	0	0	0
S(2,2)SumAverg	66.052871	0	0	0	0	0	0	0	0	0	0	0	0	0	0	0
S(2,2)SumVarnc	684.55076	0	0	0	0	0	0	0	0	0	0	0	0	0	0	0
S(2,2)SumEntrp	2.023207	0	0	0	0	0	0	0	0	0	0	0	0	0	0	0
S(2,2)Entropy	3.6025778	0	0	0	0	0	0	0	0	0	0	0	0	0	0	0
S(2,2)DifVarnc	228.5492	0	0	0	0	0	0	0	0	0	0	0	0	0	0	0
S(2,2)DifEntrp	1.7282781	0	0	0	0	0	0	0	0	0	0	0	0	0	0	0
_Area_S(2,-2)	129032	0	0	0	0	0	0	0	0	0	0	0	0	0	0	0
S(2,-2)AngScMom	0.00025515409	0	0	0	0	0	0	0	0	0	0	0	0	0	0	0
S(2,-2)Contrast	685.88914	0	0	0	0	0	0	0	0	0	0	0	0	0	0	0
S(2,-2)Correlat	0.0011137247	0	0	0	0	0	0	0	0	0	0	0	0	0	0	0
S(2,-2)SumOfSqs	343.32694	0	0	0	0	0	0	0	0	0	0	0	0	0	0	0
S(2,-2)InvDfMom	0.046781128	0	0	0	0	0	0	0	0	0	0	0	0	0	0	0
S(2,-2)SumAverg	66.053351	0	0	0	0	0	0	0	0	0	0	0	0	0	0	0
S(2,-2)SumVarnc	687.41863	0	0	0	0	0	0	0	0	0	0	0	0	0	0	0
S(2,-2)SumEntrp	2.0238445	0	0	0	0	0	0	0	0	0	0	0	0	0	0	0
S(2,-2)Entropy	3.6025727	0	0	0	0	0	0	0	0	0	0	0	0	0	0	0
S(2,-2)DifVarnc	227.60561	0	0	0	0	0	0	0	0	0	0	0	0	0	0	0
S(2,-2)DifEntrp	1.7276333	0	0	0	0	0	0	0	0	0	0	0	0	0	0	0
_Area_S(3,0)	129536	0	0	0	0	0	0	0	0	0	0	0	0	0	0	0
S(3,0)AngScMom	0.00025521921	0	0	0	0	0	0	0	0	0	0	0	0	0	0	0
S(3,0)Contrast	683.25801	0	0	0	0	0	0	0	0	0	0	0	0	0	0	0
S(3,0)Correlat	0.006165191	0	0	0	0	0	0	0	0	0	0	0	0	0	0	0
S(3,0)SumOfSqs	343.74828	0	0	0	0	0	0	0	0	0	0	0	0	0	0	0
S(3,0)InvDfMom	0.047067463	0	0	0	0	0	0	0	0	0	0	0	0	0	0	0
S(3,0)SumAverg	66.087466	0	0	0	0	0	0	0	0	0	0	0	0	0	0	0
S(3,0)SumVarnc	691.73511	0	0	0	0	0	0	0	0	0	0	0	0	0	0	0
S(3,0)SumEntrp	2.0256527	0	0	0	0	0	0	0	0	0	0	0	0	0	0	0
S(3,0)Entropy	3.6026016	0	0	0	0	0	0	0	0	0	0	0	0	0	0	0
S(3,0)DifVarnc	227.9587	0	0	0	0	0	0	0	0	0	0	0	0	0	0	0
S(3,0)DifEntrp	1.7267436	0	0	0	0	0	0	0	0	0	0	0	0	0	0	0
_Area_S(0,3)	129536	0	0	0	0	0	0	0	0	0	0	0	0	0	0	0
S(0,3)AngScMom	0.00025501134	0	0	0	0	0	0	0	0	0	0	0	0	0	0	0
S(0,3)Contrast	687.38102	0	0	0	0	0	0	0	0	0	0	0	0	0	0	0
S(0,3)Correlat	-0.00094534251	0	0	0	0	0	0	0	0	0	0	0	0	0	0	0
S(0,3)SumOfSqs	343.36591	0	0	0	0	0	0	0	0	0	0	0	0	0	0	0
S(0,3)InvDfMom	0.047057703	0	0	0	0	0	0	0	0	0	0	0	0	0	0	0
S(0,3)SumAverg	66.065557	0	0	0	0	0	0	0	0	0	0	0	0	0	0	0
S(0,3)SumVarnc	686.08263	0	0	0	0	0	0	0	0	0	0	0	0	0	0	0
S(0,3)SumEntrp	2.0238128	0	0	0	0	0	0	0	0	0	0	0	0	0	0	0
S(0,3)Entropy	3.602686	0	0	0	0	0	0	0	0	0	0	0	0	0	0	0
S(0,3)DifVarnc	228.62716	0	0	0	0	0	0	0	0	0	0	0	0	0	0	0
S(0,3)DifEntrp	1.7282601	0	0	0	0	0	0	0	0	0	0	0	0	0	0	0
_Area_S(3,3)	128018	0	0	0	0	0	0	0	0	0	0	0	0	0	0	0
S(3,3)AngScMom	0.00025526988	0	0	0	0	0	0	0	0	0	0	0	0	0	0	0
S(3,3)Contrast	686.75886	0	0	0	0	0	0	0	0	0	0	0	0	0	0	0
S(3,3)Correlat	0.00024813338	0	0	0	0	0	0	0	0	0	0	0	0	0	0	0
S(3,3)SumOfSqs	343.46466	0	0	0	0	0	0	0	0	0	0	0	0	0	0	0
S(3,3)InvDfMom	0.046857906	0	0	0	0	0	0	0	0	0	0	0	0	0	0	0
S(3,3)SumAverg	66.06974	0	0	0	0	0	0	0	0	0	0	0	0	0	0	0
S(3,3)SumVarnc	687.09976	0	0	0	0	0	0	0	0	0	0	0	0	0	0	0
S(3,3)SumEntrp	2.0241198	0	0	0	0	0	0	0	0	0	0	0	0	0	0	0
S(3,3)Entropy	3.6023939	0	0	0	0	0	0	0	0	0	0	0	0	0	0	0
S(3,3)DifVarnc	228.07014	0	0	0	0	0	0	0	0	0	0	0	0	0	0	0
S(3,3)DifEntrp	1.7276366	0	0	0	0	0	0	0	0	0	0	0	0	0	0	0
_Area_S(3,-3)	128018	0	0	0	0	0	0	0	0	0	0	0	0	0	0	0
S(3,-3)AngScMom	0.00025502666	0	0	0	0	0	0	0	0	0	0	0	0	0	0	0
S(3,-3)Contrast	686.48271	0	0	0	0	0	0	0	0	0	0	0	0	0	0	0
S(3,-3)Correlat	0.00057165663	0	0	0	0	0	0	0	0	0	0	0	0	0	0	0
S(3,-3)SumOfSqs	343.43769	0	0	0	0	0	0	0	0	0	0	0	0	0	0	0
S(3,-3)InvDfMom	0.046534568	0	0	0	0	0	0	0	0	0	0	0	0	0	0	0
S(3,-3)SumAverg	66.07124	0	0	0	0	0	0	0	0	0	0	0	0	0	0	0
S(3,-3)SumVarnc	687.26803	0	0	0	0	0	0	0	0	0	0	0	0	0	0	0
S(3,-3)SumEntrp	2.0240707	0	0	0	0	0	0	0	0	0	0	0	0	0	0	0
S(3,-3)Entropy	3.6026634	0	0	0	0	0	0	0	0	0	0	0	0	0	0	0
S(3,-3)DifVarnc	228.35861	0	0	0	0	0	0	0	0	0	0	0	0	0	0	0
S(3,-3)DifEntrp	1.7279884	0	0	0	0	0	0	0	0	0	0	0	0	0	0	0
_Area_S(4,0)	129024	0	0	0	0	0	0	0	0	0	0	0	0	0	0	0
S(4,0)AngScMom	0.0002554528	0	0	0	0	0	0	0	0	0	0	0	0	0	0	0
S(4,0)Contrast	685.9514	0	0	0	0	0	0	0	0	0	0	0	0	0	0	0
S(4,0)Correlat	0.0019512112	0	0	0	0	0	0	0	0	0	0	0	0	0	0	0
S(4,0)SumOfSqs	343.64623	0	0	0	0	0	0	0	0	0	0	0	0	0	0	0
S(4,0)InvDfMom	0.047810529	0	0	0	0	0	0	0	0	0	0	0	0	0	0	0
S(4,0)SumAverg	66.09482	0	0	0	0	0	0	0	0	0	0	0	0	0	0	0
S(4,0)SumVarnc	688.63351	0	0	0	0	0	0	0	0	0	0	0	0	0	0	0
S(4,0)SumEntrp	2.0245319	0	0	0	0	0	0	0	0	0	0	0	0	0	0	0
S(4,0)Entropy	3.6023474	0	0	0	0	0	0	0	0	0	0	0	0	0	0	0
S(4,0)DifVarnc	228.56961	0	0	0	0	0	0	0	0	0	0	0	0	0	0	0
S(4,0)DifEntrp	1.7278034	0	0	0	0	0	0	0	0	0	0	0	0	0	0	0
_Area_S(0,4)	129024	0	0	0	0	0	0	0	0	0	0	0	0	0	0	0
S(0,4)AngScMom	0.00025526743	0	0	0	0	0	0	0	0	0	0	0	0	0	0	0
S(0,4)Contrast	686.8486	0	0	0	0	0	0	0	0	0	0	0	0	0	0	0
S(0,4)Correlat	-0.00019612957	0	0	0	0	0	0	0	0	0	0	0	0	0	0	0
S(0,4)SumOfSqs	343.35696	0	0	0	0	0	0	0	0	0	0	0	0	0	0	0
S(0,4)InvDfMom	0.046563204	0	0	0	0	0	0	0	0	0	0	0	0	0	0	0
S(0,4)SumAverg	66.069274	0	0	0	0	0	0	0	0	0	0	0	0	0	0	0
S(0,4)SumVarnc	686.57923	0	0	0	0	0	0	0	0	0	0	0	0	0	0	0
S(0,4)SumEntrp	2.023995	0	0	0	0	0	0	0	0	0	0	0	0	0	0	0
S(0,4)Entropy	3.6024362	0	0	0	0	0	0	0	0	0	0	0	0	0	0	0
S(0,4)DifVarnc	228.88183	0	0	0	0	0	0	0	0	0	0	0	0	0	0	0
S(0,4)DifEntrp	1.7277574	0	0	0	0	0	0	0	0	0	0	0	0	0	0	0
_Area_S(4,4)	127008	0	0	0	0	0	0	0	0	0	0	0	0	0	0	0
S(4,4)AngScMom	0.00025542718	0	0	0	0	0	0	0	0	0	0	0	0	0	0	0
S(4,4)Contrast	689.02365	0	0	0	0	0	0	0	0	0	0	0	0	0	0	0
S(4,4)Correlat	-0.0033790789	0	0	0	0	0	0	0	0	0	0	0	0	0	0	0
S(4,4)SumOfSqs	343.35161	0	0	0	0	0	0	0	0	0	0	0	0	0	0	0
S(4,4)InvDfMom	0.046413503	0	0	0	0	0	0	0	0	0	0	0	0	0	0	0
S(4,4)SumAverg	66.079806	0	0	0	0	0	0	0	0	0	0	0	0	0	0	0
S(4,4)SumVarnc	684.3828	0	0	0	0	0	0	0	0	0	0	0	0	0	0	0
S(4,4)SumEntrp	2.0231911	0	0	0	0	0	0	0	0	0	0	0	0	0	0	0
S(4,4)Entropy	3.602299	0	0	0	0	0	0	0	0	0	0	0	0	0	0	0
S(4,4)DifVarnc	227.61426	0	0	0	0	0	0	0	0	0	0	0	0	0	0	0
S(4,4)DifEntrp	1.7286419	0	0	0	0	0	0	0	0	0	0	0	0	0	0	0
_Area_S(4,-4)	127008	0	0	0	0	0	0	0	0	0	0	0	0	0	0	0
S(4,-4)AngScMom	0.0002554154	0	0	0	0	0	0	0	0	0	0	0	0	0	0	0
S(4,-4)Contrast	688.45715	0	0	0	0	0	0	0	0	0	0	0	0	0	0	0
S(4,-4)Correlat	-0.0026191777	0	0	0	0	0	0	0	0	0	0	0	0	0	0	0
S(4,-4)SumOfSqs	343.32934	0	0	0	0	0	0	0	0	0	0	0	0	0	0	0
S(4,-4)InvDfMom	0.047235982	0	0	0	0	0	0	0	0	0	0	0	0	0	0	0
S(4,-4)SumAverg	66.081082	0	0	0	0	0	0	0	0	0	0	0	0	0	0	0
S(4,-4)SumVarnc	684.86019	0	0	0	0	0	0	0	0	0	0	0	0	0	0	0
S(4,-4)SumEntrp	2.023464	0	0	0	0	0	0	0	0	0	0	0	0	0	0	0
S(4,-4)Entropy	3.6023022	0	0	0	0	0	0	0	0	0	0	0	0	0	0	0
S(4,-4)DifVarnc	229.74105	0	0	0	0	0	0	0	0	0	0	0	0	0	0	0
S(4,-4)DifEntrp	1.7284453	0	0	0	0	0	0	0	0	0	0	0	0	0	0	0
_Area_S(5,0)	128512	0	0	0	0	0	0	0	0	0	0	0	0	0	0	0
S(5,0)AngScMom	0.00025549141	0	0	0	0	0	0	0	0	0	0	0	0	0	0	0
S(5,0)Contrast	684.58314	0	0	0	0	0	0	0	0	0	0	0	0	0	0	0
S(5,0)Correlat	0.0037415138	0	0	0	0	0	0	0	0	0	0	0	0	0	0	0
S(5,0)SumOfSqs	343.57707	0	0	0	0	0	0	0	0	0	0	0	0	0	0	0
S(5,0)InvDfMom	0.047315175	0	0	0	0	0	0	0	0	0	0	0	0	0	0	0
S(5,0)SumAverg	66.092692	0	0	0	0	0	0	0	0	0	0	0	0	0	0	0
S(5,0)SumVarnc	689.72513	0	0	0	0	0	0	0	0	0	0	0	0	0	0	0
S(5,0)SumEntrp	2.0249761	0	0	0	0	0	0	0	0	0	0	0	0	0	0	0
S(5,0)Entropy	3.6022717	0	0	0	0	0	0	0	0	0	0	0	0	0	0	0
S(5,0)DifVarnc	228.01845	0	0	0	0	0	0	0	0	0	0	0	0	0	0	0
S(5,0)DifEntrp	1.7273643	0	0	0	0	0	0	0	0	0	0	0	0	0	0	0
_Area_S(0,5)	128512	0	0	0	0	0	0	0	0	0	0	0	0	0	0	0
S(0,5)AngScMom	0.00025500338	0	0	0	0	0	0	0	0	0	0	0	0	0	0	0
S(0,5)Contrast	684.38057	0	0	0	0	0	0	0	0	0	0	0	0	0	0	0
S(0,5)Correlat	0.0033138055	0	0	0	0	0	0	0	0	0	0	0	0	0	0	0
S(0,5)SumOfSqs	343.32801	0	0	0	0	0	0	0	0	0	0	0	0	0	0	0
S(0,5)InvDfMom	0.046762303	0	0	0	0	0	0	0	0	0	0	0	0	0	0	0
S(0,5)SumAverg	66.075479	0	0	0	0	0	0	0	0	0	0	0	0	0	0	0
S(0,5)SumVarnc	688.93146	0	0	0	0	0	0	0	0	0	0	0	0	0	0	0
S(0,5)SumEntrp	2.0243002	0	0	0	0	0	0	0	0	0	0	0	0	0	0	0
S(0,5)Entropy	3.6026721	0	0	0	0	0	0	0	0	0	0	0	0	0	0	0
S(0,5)DifVarnc	228.10315	0	0	0	0	0	0	0	0	0	0	0	0	0	0	0
S(0,5)DifEntrp	1.7270389	0	0	0	0	0	0	0	0	0	0	0	0	0	0	0
_Area_S(5,5)	126002	0	0	0	0	0	0	0	0	0	0	0	0	0	0	0
S(5,5)AngScMom	0.00025511624	0	0	0	0	0	0	0	0	0	0	0	0	0	0	0
S(5,5)Contrast	685.09213	0	0	0	0	0	0	0	0	0	0	0	0	0	0	0
S(5,5)Correlat	0.0020305083	0	0	0	0	0	0	0	0	0	0	0	0	0	0	0
S(5,5)SumOfSqs	343.24302	0	0	0	0	0	0	0	0	0	0	0	0	0	0	0
S(5,5)InvDfMom	0.045448474	0	0	0	0	0	0	0	0	0	0	0	0	0	0	0
S(5,5)SumAverg	66.085062	0	0	0	0	0	0	0	0	0	0	0	0	0	0	0
S(5,5)SumVarnc	687.87996	0	0	0	0	0	0	0	0	0	0	0	0	0	0	0
S(5,5)SumEntrp	2.0240863	0	0	0	0	0	0	0	0	0	0	0	0	0	0	0
S(5,5)Entropy	3.6026152	0	0	0	0	0	0	0	0	0	0	0	0	0	0	0
S(5,5)DifVarnc	227.8563	0	0	0	0	0	0	0	0	0	0	0	0	0	0	0
S(5,5)DifEntrp	1.7269986	0	0	0	0	0	0	0	0	0	0	0	0	0	0	0
_Area_S(5,-5)	126002	0	0	0	0	0	0	0	0	0	0	0	0	0	0	0
S(5,-5)AngScMom	0.00025583353	0	0	0	0	0	0	0	0	0	0	0	0	0	0	0
S(5,-5)Contrast	682.61664	0	0	0	0	0	0	0	0	0	0	0	0	0	0	0
S(5,-5)Correlat	0.0055909356	0	0	0	0	0	0	0	0	0	0	0	0	0	0	0
S(5,-5)SumOfSqs	343.22728	0	0	0	0	0	0	0	0	0	0	0	0	0	0	0
S(5,-5)InvDfMom	0.046889794	0	0	0	0	0	0	0	0	0	0	0	0	0	0	0
S(5,-5)SumAverg	66.085634	0	0	0	0	0	0	0	0	0	0	0	0	0	0	0
S(5,-5)SumVarnc	690.29249	0	0	0	0	0	0	0	0	0	0	0	0	0	0	0
S(5,-5)SumEntrp	2.0248573	0	0	0	0	0	0	0	0	0	0	0	0	0	0	0
S(5,-5)Entropy	3.6019061	0	0	0	0	0	0	0	0	0	0	0	0	0	0	0
S(5,-5)DifVarnc	228.47369	0	0	0	0	0	0	0	0	0	0	0	0	0	0	0
S(5,-5)DifEntrp	1.7270761	0	0	0	0	0	0	0	0	0	0	0	0	0	0	0
Horzl_RLNonUni	61767.94	0	0	0	0	0	0	0	0	0	0	0	0	0	0	0
Horzl_GLevNonU	1010.2419	0	0	0	0	0	0	0	0	0	0	0	0	0	0	0
Horzl_LngREmph	1.0618948	0	0	0	0	0	0	0	0	0	0	0	0	0	0	0
Horzl_ShrtREmp	0.98521925	0	0	0	0	0	0	0	0	0	0	0	0	0	0	0
Horzl_Fraction	0.98019409	0	0	0	0	0	0	0	0	0	0	0	0	0	0	0
Vertl_RLNonUni	62601.347	0	0	0	0	0	0	0	0	0	0	0	0	0	0	0
Vertl_GLevNonU	1015.2777	0	0	0	0	0	0	0	0	0	0	0	0	0	0	0
Vertl_LngREmph	1.0470435	0	0	0	0	0	0	0	0	0	0	0	0	0	0	0
Vertl_ShrtREmp	0.98854903	0	0	0	0	0	0	0	0	0	0	0	0	0	0	0
Vertl_Fraction	0.98474121	0	0	0	0	0	0	0	0	0	0	0	0	0	0	0
45dgr_RLNonUni	62519.68	0	0	0	0	0	0	0	0	0	0	0	0	0	0	0
45dgr_GLevNonU	1014.7914	0	0	0	0	0	0	0	0	0	0	0	0	0	0	0
45dgr_LngREmph	1.0488814	0	0	0	0	0	0	0	0	0	0	0	0	0	0	0
45dgr_ShrtREmp	0.98823666	0	0	0	0	0	0	0	0	0	0	0	0	0	0	0
45dgr_Fraction	0.98423767	0	0	0	0	0	0	0	0	0	0	0	0	0	0	0
135dr_RLNonUni	62518.044	0	0	0	0	0	0	0	0	0	0	0	0	0	0	0
135dr_GLevNonU	1014.8129	0	0	0	0	0	0	0	0	0	0	0	0	0	0	0
135dr_LngREmph	1.0484444	0	0	0	0	0	0	0	0	0	0	0	0	0	0	0
135dr_ShrtREmp	0.98821618	0	0	0	0	0	0	0	0	0	0	0	0	0	0	0
135dr_Fraction	0.98429871	0	0	0	0	0	0	0	0	0	0	0	0	0	0	0
_AreaGr	64516	0	0	0	0	0	0	0	0	0	0	0	0	0	0	0
GrMean	8.3098878	0	0	0	0	0	0	0	0	0	0	0	0	0	0	0
GrVariance	15.730825	0	0	0	0	0	0	0	0	0	0	0	0	0	0	0
GrSkewness	0.18366941	0	0	0	0	0	0	0	0	0	0	0	0	0	0	0
GrKurtosis	-0.63373573	0	0	0	0	0	0	0	0	0	0	0	0	0	0	0
GrNonZeros	0.99578399	0	0	0	0	0	0	0	0	0	0	0	0	0	0	0
_AreaARM	64770	0	0	0	0	0	0	0	0	0	0	0	0	0	0	0
Teta1	0.060914476	0	0	0	0	0	0	0	0	0	0	0	0	0	0	0
Teta2	-0.0048145403	0	0	0	0	0	0	0	0	0	0	0	0	0	0	0
Teta3	-0.0076244193	0	0	0	0	0	0	0	0	0	0	0	0	0	0	0
Teta4	0.0043231381	0	0	0	0	0	0	0	0	0	0	0	0	0	0	0
Sigma	0.99766162	0	0	0	0	0	0	0	0	0	0	0	0	0	0	0
WavEnLL_s-1	18275.907	0	0	0	0	0	0	0	0	0	0	0	0	0	0	0
WavEnLH_s-1	1469.9201	0	0	0	0	0	0	0	0	0	0	0	0	0	0	0
WavEnHL_s-1	1276.5981	0	0	0	0	0	0	0	0	0	0	0	0	0	0	0
WavEnHH_s-1	1304.2262	0	0	0	0	0	0	0	0	0	0	0	0	0	0	0
WavEnLL_s-2	17207.377	0	0	0	0	0	0	0	0	0	0	0	0	0	0	0
WavEnLH_s-2	383.00898	0	0	0	0	0	0	0	0	0	0	0	0	0	0	0
WavEnHL_s-2	339.18315	0	0	0	0	0	0	0	0	0	0	0	0	0	0	0
WavEnHH_s-2	346.33794	0	0	0	0	0	0	0	0	0	0	0	0	0	0	0
WavEnLL_s-3	16913.291	0	0	0	0	0	0	0	0	0	0	0	0	0	0	0
WavEnLH_s-3	100.60422	0	0	0	0	0	0	0	0	0	0	0	0	0	0	0
WavEnHL_s-3	96.754256	0	0	0	0	0	0	0	0	0	0	0	0	0	0	0
WavEnHH_s-3	96.726998	0	0	0	0	0	0	0	0	0	0	0	0	0	0	0
WavEnLL_s-4	16839.286	0	0	0	0	0	0	0	0	0	0	0	0	0	0	0
WavEnLH_s-4	27.713673	0	0	0	0	0	0	0	0	0	0	0	0	0	0	0
WavEnHL_s-4	21.945574	0	0	0	0	0	0	0	0	0	0	0	0	0	0	0
WavEnHH_s-4	24.346289	0	0	0	0	0	0	0	0	0	0	0	0	0	0	0
