Image File: sand1-a-p014.png 
ROI File: allred.roi 
Image size: 256 x 256
Min. lum.: 1
Max. lum.: 256
Bits/pixel: 8

Normalisation =  No
Histogram analysis = Yes
CO matrix analysis = Yes, Dimensions = 6 x 6, Distances = 1 2 3 4 5
RL matrix analysis = Yes, Dimension = 6
Gradient analysis = Yes, Max pixel value = 16
AR model analysis = Yes
Wavelet analysis = Yes

--------------- CLASS NAMES ----------------

----------------- FEATURES -----------------
_Area	65536	0	0	0	0	0	0	0	0	0	0	0	0	0	0	0
Mean	129.74152	0	0	0	0	0	0	0	0	0	0	0	0	0	0	0
Variance	5492.2952	0	0	0	0	0	0	0	0	0	0	0	0	0	0	0
Skewness	-0.017392509	0	0	0	0	0	0	0	0	0	0	0	0	0	0	0
Kurtosis	-1.2034475	0	0	0	0	0	0	0	0	0	0	0	0	0	0	0
Perc.01%	3	0	0	0	0	0	0	0	0	0	0	0	0	0	0	0
Perc.10%	27	0	0	0	0	0	0	0	0	0	0	0	0	0	0	0
Perc.50%	129	0	0	0	0	0	0	0	0	0	0	0	0	0	0	0
Perc.90%	232	0	0	0	0	0	0	0	0	0	0	0	0	0	0	0
Perc.99%	254	0	0	0	0	0	0	0	0	0	0	0	0	0	0	0
_Area_S(1,0)	130560	0	0	0	0	0	0	0	0	0	0	0	0	0	0	0
S(1,0)AngScMom	0.00026177676	0	0	0	0	0	0	0	0	0	0	0	0	0	0	0
S(1,0)Contrast	657.98862	0	0	0	0	0	0	0	0	0	0	0	0	0	0	0
S(1,0)Correlat	0.040318649	0	0	0	0	0	0	0	0	0	0	0	0	0	0	0
S(1,0)SumOfSqs	342.81619	0	0	0	0	0	0	0	0	0	0	0	0	0	0	0
S(1,0)InvDfMom	0.050012508	0	0	0	0	0	0	0	0	0	0	0	0	0	0	0
S(1,0)SumAverg	65.613312	0	0	0	0	0	0	0	0	0	0	0	0	0	0	0
S(1,0)SumVarnc	713.27616	0	0	0	0	0	0	0	0	0	0	0	0	0	0	0
S(1,0)SumEntrp	2.031598	0	0	0	0	0	0	0	0	0	0	0	0	0	0	0
S(1,0)Entropy	3.5975219	0	0	0	0	0	0	0	0	0	0	0	0	0	0	0
S(1,0)DifVarnc	221.87309	0	0	0	0	0	0	0	0	0	0	0	0	0	0	0
S(1,0)DifEntrp	1.7196472	0	0	0	0	0	0	0	0	0	0	0	0	0	0	0
_Area_S(0,1)	130560	0	0	0	0	0	0	0	0	0	0	0	0	0	0	0
S(0,1)AngScMom	0.00025480242	0	0	0	0	0	0	0	0	0	0	0	0	0	0	0
S(0,1)Contrast	686.45547	0	0	0	0	0	0	0	0	0	0	0	0	0	0	0
S(0,1)Correlat	-0.002010151	0	0	0	0	0	0	0	0	0	0	0	0	0	0	0
S(0,1)SumOfSqs	342.53918	0	0	0	0	0	0	0	0	0	0	0	0	0	0	0
S(0,1)InvDfMom	0.046538089	0	0	0	0	0	0	0	0	0	0	0	0	0	0	0
S(0,1)SumAverg	65.608931	0	0	0	0	0	0	0	0	0	0	0	0	0	0	0
S(0,1)SumVarnc	683.70125	0	0	0	0	0	0	0	0	0	0	0	0	0	0	0
S(0,1)SumEntrp	2.0231758	0	0	0	0	0	0	0	0	0	0	0	0	0	0	0
S(0,1)Entropy	3.6028473	0	0	0	0	0	0	0	0	0	0	0	0	0	0	0
S(0,1)DifVarnc	227.91767	0	0	0	0	0	0	0	0	0	0	0	0	0	0	0
S(0,1)DifEntrp	1.7276481	0	0	0	0	0	0	0	0	0	0	0	0	0	0	0
_Area_S(1,1)	130050	0	0	0	0	0	0	0	0	0	0	0	0	0	0	0
S(1,1)AngScMom	0.00025479958	0	0	0	0	0	0	0	0	0	0	0	0	0	0	0
S(1,1)Contrast	683.88538	0	0	0	0	0	0	0	0	0	0	0	0	0	0	0
S(1,1)Correlat	0.0021153502	0	0	0	0	0	0	0	0	0	0	0	0	0	0	0
S(1,1)SumOfSqs	342.66755	0	0	0	0	0	0	0	0	0	0	0	0	0	0	0
S(1,1)InvDfMom	0.046442653	0	0	0	0	0	0	0	0	0	0	0	0	0	0	0
S(1,1)SumAverg	65.610688	0	0	0	0	0	0	0	0	0	0	0	0	0	0	0
S(1,1)SumVarnc	686.78483	0	0	0	0	0	0	0	0	0	0	0	0	0	0	0
S(1,1)SumEntrp	2.023832	0	0	0	0	0	0	0	0	0	0	0	0	0	0	0
S(1,1)Entropy	3.6027637	0	0	0	0	0	0	0	0	0	0	0	0	0	0	0
S(1,1)DifVarnc	228.2748	0	0	0	0	0	0	0	0	0	0	0	0	0	0	0
S(1,1)DifEntrp	1.7274384	0	0	0	0	0	0	0	0	0	0	0	0	0	0	0
_Area_S(1,-1)	130050	0	0	0	0	0	0	0	0	0	0	0	0	0	0	0
S(1,-1)AngScMom	0.00025485765	0	0	0	0	0	0	0	0	0	0	0	0	0	0	0
S(1,-1)Contrast	686.84289	0	0	0	0	0	0	0	0	0	0	0	0	0	0	0
S(1,-1)Correlat	-0.0022118564	0	0	0	0	0	0	0	0	0	0	0	0	0	0	0
S(1,-1)SumOfSqs	342.66352	0	0	0	0	0	0	0	0	0	0	0	0	0	0	0
S(1,-1)InvDfMom	0.047080076	0	0	0	0	0	0	0	0	0	0	0	0	0	0	0
S(1,-1)SumAverg	65.610842	0	0	0	0	0	0	0	0	0	0	0	0	0	0	0
S(1,-1)SumVarnc	683.8112	0	0	0	0	0	0	0	0	0	0	0	0	0	0	0
S(1,-1)SumEntrp	2.0230061	0	0	0	0	0	0	0	0	0	0	0	0	0	0	0
S(1,-1)Entropy	3.6027432	0	0	0	0	0	0	0	0	0	0	0	0	0	0	0
S(1,-1)DifVarnc	229.07638	0	0	0	0	0	0	0	0	0	0	0	0	0	0	0
S(1,-1)DifEntrp	1.7279283	0	0	0	0	0	0	0	0	0	0	0	0	0	0	0
_Area_S(2,0)	130048	0	0	0	0	0	0	0	0	0	0	0	0	0	0	0
S(2,0)AngScMom	0.00025575465	0	0	0	0	0	0	0	0	0	0	0	0	0	0	0
S(2,0)Contrast	667.28131	0	0	0	0	0	0	0	0	0	0	0	0	0	0	0
S(2,0)Correlat	0.026861547	0	0	0	0	0	0	0	0	0	0	0	0	0	0	0
S(2,0)SumOfSqs	342.85014	0	0	0	0	0	0	0	0	0	0	0	0	0	0	0
S(2,0)InvDfMom	0.048774009	0	0	0	0	0	0	0	0	0	0	0	0	0	0	0
S(2,0)SumAverg	65.612143	0	0	0	0	0	0	0	0	0	0	0	0	0	0	0
S(2,0)SumVarnc	704.11925	0	0	0	0	0	0	0	0	0	0	0	0	0	0	0
S(2,0)SumEntrp	2.0290762	0	0	0	0	0	0	0	0	0	0	0	0	0	0	0
S(2,0)Entropy	3.6020946	0	0	0	0	0	0	0	0	0	0	0	0	0	0	0
S(2,0)DifVarnc	223.55393	0	0	0	0	0	0	0	0	0	0	0	0	0	0	0
S(2,0)DifEntrp	1.7228225	0	0	0	0	0	0	0	0	0	0	0	0	0	0	0
_Area_S(0,2)	130048	0	0	0	0	0	0	0	0	0	0	0	0	0	0	0
S(0,2)AngScMom	0.00025488003	0	0	0	0	0	0	0	0	0	0	0	0	0	0	0
S(0,2)Contrast	682.96963	0	0	0	0	0	0	0	0	0	0	0	0	0	0	0
S(0,2)Correlat	0.0026094191	0	0	0	0	0	0	0	0	0	0	0	0	0	0	0
S(0,2)SumOfSqs	342.37822	0	0	0	0	0	0	0	0	0	0	0	0	0	0	0
S(0,2)InvDfMom	0.046435638	0	0	0	0	0	0	0	0	0	0	0	0	0	0	0
S(0,2)SumAverg	65.586014	0	0	0	0	0	0	0	0	0	0	0	0	0	0	0
S(0,2)SumVarnc	686.54326	0	0	0	0	0	0	0	0	0	0	0	0	0	0	0
S(0,2)SumEntrp	2.024029	0	0	0	0	0	0	0	0	0	0	0	0	0	0	0
S(0,2)Entropy	3.6026935	0	0	0	0	0	0	0	0	0	0	0	0	0	0	0
S(0,2)DifVarnc	227.87536	0	0	0	0	0	0	0	0	0	0	0	0	0	0	0
S(0,2)DifEntrp	1.7267012	0	0	0	0	0	0	0	0	0	0	0	0	0	0	0
_Area_S(2,2)	129032	0	0	0	0	0	0	0	0	0	0	0	0	0	0	0
S(2,2)AngScMom	0.00025523037	0	0	0	0	0	0	0	0	0	0	0	0	0	0	0
S(2,2)Contrast	685.57265	0	0	0	0	0	0	0	0	0	0	0	0	0	0	0
S(2,2)Correlat	-0.00071763062	0	0	0	0	0	0	0	0	0	0	0	0	0	0	0
S(2,2)SumOfSqs	342.54051	0	0	0	0	0	0	0	0	0	0	0	0	0	0	0
S(2,2)InvDfMom	0.046913592	0	0	0	0	0	0	0	0	0	0	0	0	0	0	0
S(2,2)SumAverg	65.585049	0	0	0	0	0	0	0	0	0	0	0	0	0	0	0
S(2,2)SumVarnc	684.58938	0	0	0	0	0	0	0	0	0	0	0	0	0	0	0
S(2,2)SumEntrp	2.0231818	0	0	0	0	0	0	0	0	0	0	0	0	0	0	0
S(2,2)Entropy	3.602445	0	0	0	0	0	0	0	0	0	0	0	0	0	0	0
S(2,2)DifVarnc	229.79621	0	0	0	0	0	0	0	0	0	0	0	0	0	0	0
S(2,2)DifEntrp	1.727747	0	0	0	0	0	0	0	0	0	0	0	0	0	0	0
_Area_S(2,-2)	129032	0	0	0	0	0	0	0	0	0	0	0	0	0	0	0
S(2,-2)AngScMom	0.00025467347	0	0	0	0	0	0	0	0	0	0	0	0	0	0	0
S(2,-2)Contrast	684.47058	0	0	0	0	0	0	0	0	0	0	0	0	0	0	0
S(2,-2)Correlat	0.00088163782	0	0	0	0	0	0	0	0	0	0	0	0	0	0	0
S(2,-2)SumOfSqs	342.53728	0	0	0	0	0	0	0	0	0	0	0	0	0	0	0
S(2,-2)InvDfMom	0.047340379	0	0	0	0	0	0	0	0	0	0	0	0	0	0	0
S(2,-2)SumAverg	65.585467	0	0	0	0	0	0	0	0	0	0	0	0	0	0	0
S(2,-2)SumVarnc	685.67856	0	0	0	0	0	0	0	0	0	0	0	0	0	0	0
S(2,-2)SumEntrp	2.0236645	0	0	0	0	0	0	0	0	0	0	0	0	0	0	0
S(2,-2)Entropy	3.6029614	0	0	0	0	0	0	0	0	0	0	0	0	0	0	0
S(2,-2)DifVarnc	228.07249	0	0	0	0	0	0	0	0	0	0	0	0	0	0	0
S(2,-2)DifEntrp	1.7272369	0	0	0	0	0	0	0	0	0	0	0	0	0	0	0
_Area_S(3,0)	129536	0	0	0	0	0	0	0	0	0	0	0	0	0	0	0
S(3,0)AngScMom	0.00025501587	0	0	0	0	0	0	0	0	0	0	0	0	0	0	0
S(3,0)Contrast	679.30319	0	0	0	0	0	0	0	0	0	0	0	0	0	0	0
S(3,0)Correlat	0.0092774842	0	0	0	0	0	0	0	0	0	0	0	0	0	0	0
S(3,0)SumOfSqs	342.83222	0	0	0	0	0	0	0	0	0	0	0	0	0	0	0
S(3,0)InvDfMom	0.047787564	0	0	0	0	0	0	0	0	0	0	0	0	0	0	0
S(3,0)SumAverg	65.60655	0	0	0	0	0	0	0	0	0	0	0	0	0	0	0
S(3,0)SumVarnc	692.02567	0	0	0	0	0	0	0	0	0	0	0	0	0	0	0
S(3,0)SumEntrp	2.0255691	0	0	0	0	0	0	0	0	0	0	0	0	0	0	0
S(3,0)Entropy	3.6026737	0	0	0	0	0	0	0	0	0	0	0	0	0	0	0
S(3,0)DifVarnc	226.78937	0	0	0	0	0	0	0	0	0	0	0	0	0	0	0
S(3,0)DifEntrp	1.7262216	0	0	0	0	0	0	0	0	0	0	0	0	0	0	0
_Area_S(0,3)	129536	0	0	0	0	0	0	0	0	0	0	0	0	0	0	0
S(0,3)AngScMom	0.00025468225	0	0	0	0	0	0	0	0	0	0	0	0	0	0	0
S(0,3)Contrast	684.43752	0	0	0	0	0	0	0	0	0	0	0	0	0	0	0
S(0,3)Correlat	0.00057947815	0	0	0	0	0	0	0	0	0	0	0	0	0	0	0
S(0,3)SumOfSqs	342.41718	0	0	0	0	0	0	0	0	0	0	0	0	0	0	0
S(0,3)InvDfMom	0.04609294	0	0	0	0	0	0	0	0	0	0	0	0	0	0	0
S(0,3)SumAverg	65.580055	0	0	0	0	0	0	0	0	0	0	0	0	0	0	0
S(0,3)SumVarnc	685.23121	0	0	0	0	0	0	0	0	0	0	0	0	0	0	0
S(0,3)SumEntrp	2.0234071	0	0	0	0	0	0	0	0	0	0	0	0	0	0	0
S(0,3)Entropy	3.6029021	0	0	0	0	0	0	0	0	0	0	0	0	0	0	0
S(0,3)DifVarnc	227.64259	0	0	0	0	0	0	0	0	0	0	0	0	0	0	0
S(0,3)DifEntrp	1.7266784	0	0	0	0	0	0	0	0	0	0	0	0	0	0	0
_Area_S(3,3)	128018	0	0	0	0	0	0	0	0	0	0	0	0	0	0	0
S(3,3)AngScMom	0.00025469655	0	0	0	0	0	0	0	0	0	0	0	0	0	0	0
S(3,3)Contrast	684.11766	0	0	0	0	0	0	0	0	0	0	0	0	0	0	0
S(3,3)Correlat	0.0014518861	0	0	0	0	0	0	0	0	0	0	0	0	0	0	0
S(3,3)SumOfSqs	342.55618	0	0	0	0	0	0	0	0	0	0	0	0	0	0	0
S(3,3)InvDfMom	0.046227762	0	0	0	0	0	0	0	0	0	0	0	0	0	0	0
S(3,3)SumAverg	65.573638	0	0	0	0	0	0	0	0	0	0	0	0	0	0	0
S(3,3)SumVarnc	686.10707	0	0	0	0	0	0	0	0	0	0	0	0	0	0	0
S(3,3)SumEntrp	2.0234682	0	0	0	0	0	0	0	0	0	0	0	0	0	0	0
S(3,3)Entropy	3.6028976	0	0	0	0	0	0	0	0	0	0	0	0	0	0	0
S(3,3)DifVarnc	227.03959	0	0	0	0	0	0	0	0	0	0	0	0	0	0	0
S(3,3)DifEntrp	1.7271721	0	0	0	0	0	0	0	0	0	0	0	0	0	0	0
_Area_S(3,-3)	128018	0	0	0	0	0	0	0	0	0	0	0	0	0	0	0
S(3,-3)AngScMom	0.00025504069	0	0	0	0	0	0	0	0	0	0	0	0	0	0	0
S(3,-3)Contrast	683.59289	0	0	0	0	0	0	0	0	0	0	0	0	0	0	0
S(3,-3)Correlat	0.0022160016	0	0	0	0	0	0	0	0	0	0	0	0	0	0	0
S(3,-3)SumOfSqs	342.55555	0	0	0	0	0	0	0	0	0	0	0	0	0	0	0
S(3,-3)InvDfMom	0.047394495	0	0	0	0	0	0	0	0	0	0	0	0	0	0	0
S(3,-3)SumAverg	65.573669	0	0	0	0	0	0	0	0	0	0	0	0	0	0	0
S(3,-3)SumVarnc	686.6293	0	0	0	0	0	0	0	0	0	0	0	0	0	0	0
S(3,-3)SumEntrp	2.0238199	0	0	0	0	0	0	0	0	0	0	0	0	0	0	0
S(3,-3)Entropy	3.6025762	0	0	0	0	0	0	0	0	0	0	0	0	0	0	0
S(3,-3)DifVarnc	228.63263	0	0	0	0	0	0	0	0	0	0	0	0	0	0	0
S(3,-3)DifEntrp	1.726918	0	0	0	0	0	0	0	0	0	0	0	0	0	0	0
_Area_S(4,0)	129024	0	0	0	0	0	0	0	0	0	0	0	0	0	0	0
S(4,0)AngScMom	0.00025491337	0	0	0	0	0	0	0	0	0	0	0	0	0	0	0
S(4,0)Contrast	682.21751	0	0	0	0	0	0	0	0	0	0	0	0	0	0	0
S(4,0)Correlat	0.0049962182	0	0	0	0	0	0	0	0	0	0	0	0	0	0	0
S(4,0)SumOfSqs	342.82157	0	0	0	0	0	0	0	0	0	0	0	0	0	0	0
S(4,0)InvDfMom	0.048131333	0	0	0	0	0	0	0	0	0	0	0	0	0	0	0
S(4,0)SumAverg	65.607856	0	0	0	0	0	0	0	0	0	0	0	0	0	0	0
S(4,0)SumVarnc	689.06876	0	0	0	0	0	0	0	0	0	0	0	0	0	0	0
S(4,0)SumEntrp	2.0245075	0	0	0	0	0	0	0	0	0	0	0	0	0	0	0
S(4,0)Entropy	3.6027335	0	0	0	0	0	0	0	0	0	0	0	0	0	0	0
S(4,0)DifVarnc	230.0263	0	0	0	0	0	0	0	0	0	0	0	0	0	0	0
S(4,0)DifEntrp	1.7264457	0	0	0	0	0	0	0	0	0	0	0	0	0	0	0
_Area_S(0,4)	129024	0	0	0	0	0	0	0	0	0	0	0	0	0	0	0
S(0,4)AngScMom	0.00025499038	0	0	0	0	0	0	0	0	0	0	0	0	0	0	0
S(0,4)Contrast	687.86175	0	0	0	0	0	0	0	0	0	0	0	0	0	0	0
S(0,4)Correlat	-0.0046297369	0	0	0	0	0	0	0	0	0	0	0	0	0	0	0
S(0,4)SumOfSqs	342.3459	0	0	0	0	0	0	0	0	0	0	0	0	0	0	0
S(0,4)InvDfMom	0.047476538	0	0	0	0	0	0	0	0	0	0	0	0	0	0	0
S(0,4)SumAverg	65.585147	0	0	0	0	0	0	0	0	0	0	0	0	0	0	0
S(0,4)SumVarnc	681.52186	0	0	0	0	0	0	0	0	0	0	0	0	0	0	0
S(0,4)SumEntrp	2.022496	0	0	0	0	0	0	0	0	0	0	0	0	0	0	0
S(0,4)Entropy	3.602652	0	0	0	0	0	0	0	0	0	0	0	0	0	0	0
S(0,4)DifVarnc	229.67602	0	0	0	0	0	0	0	0	0	0	0	0	0	0	0
S(0,4)DifEntrp	1.7282382	0	0	0	0	0	0	0	0	0	0	0	0	0	0	0
_Area_S(4,4)	127008	0	0	0	0	0	0	0	0	0	0	0	0	0	0	0
S(4,4)AngScMom	0.00025507407	0	0	0	0	0	0	0	0	0	0	0	0	0	0	0
S(4,4)Contrast	685.02201	0	0	0	0	0	0	0	0	0	0	0	0	0	0	0
S(4,4)Correlat	-0.00013925225	0	0	0	0	0	0	0	0	0	0	0	0	0	0	0
S(4,4)SumOfSqs	342.46332	0	0	0	0	0	0	0	0	0	0	0	0	0	0	0
S(4,4)InvDfMom	0.045637655	0	0	0	0	0	0	0	0	0	0	0	0	0	0	0
S(4,4)SumAverg	65.578137	0	0	0	0	0	0	0	0	0	0	0	0	0	0	0
S(4,4)SumVarnc	684.83126	0	0	0	0	0	0	0	0	0	0	0	0	0	0	0
S(4,4)SumEntrp	2.0231766	0	0	0	0	0	0	0	0	0	0	0	0	0	0	0
S(4,4)Entropy	3.6025895	0	0	0	0	0	0	0	0	0	0	0	0	0	0	0
S(4,4)DifVarnc	228.23505	0	0	0	0	0	0	0	0	0	0	0	0	0	0	0
S(4,4)DifEntrp	1.7272125	0	0	0	0	0	0	0	0	0	0	0	0	0	0	0
_Area_S(4,-4)	127008	0	0	0	0	0	0	0	0	0	0	0	0	0	0	0
S(4,-4)AngScMom	0.00025501009	0	0	0	0	0	0	0	0	0	0	0	0	0	0	0
S(4,-4)Contrast	684.60547	0	0	0	0	0	0	0	0	0	0	0	0	0	0	0
S(4,-4)Correlat	0.0004897263	0	0	0	0	0	0	0	0	0	0	0	0	0	0	0
S(4,-4)SumOfSqs	342.47045	0	0	0	0	0	0	0	0	0	0	0	0	0	0	0
S(4,-4)InvDfMom	0.047138713	0	0	0	0	0	0	0	0	0	0	0	0	0	0	0
S(4,-4)SumAverg	65.578893	0	0	0	0	0	0	0	0	0	0	0	0	0	0	0
S(4,-4)SumVarnc	685.27634	0	0	0	0	0	0	0	0	0	0	0	0	0	0	0
S(4,-4)SumEntrp	2.0233434	0	0	0	0	0	0	0	0	0	0	0	0	0	0	0
S(4,-4)Entropy	3.6025984	0	0	0	0	0	0	0	0	0	0	0	0	0	0	0
S(4,-4)DifVarnc	227.58559	0	0	0	0	0	0	0	0	0	0	0	0	0	0	0
S(4,-4)DifEntrp	1.7274681	0	0	0	0	0	0	0	0	0	0	0	0	0	0	0
_Area_S(5,0)	128512	0	0	0	0	0	0	0	0	0	0	0	0	0	0	0
S(5,0)AngScMom	0.00025523456	0	0	0	0	0	0	0	0	0	0	0	0	0	0	0
S(5,0)Contrast	685.27134	0	0	0	0	0	0	0	0	0	0	0	0	0	0	0
S(5,0)Correlat	0.00035194402	0	0	0	0	0	0	0	0	0	0	0	0	0	0	0
S(5,0)SumOfSqs	342.7563	0	0	0	0	0	0	0	0	0	0	0	0	0	0	0
S(5,0)InvDfMom	0.047353545	0	0	0	0	0	0	0	0	0	0	0	0	0	0	0
S(5,0)SumAverg	65.604815	0	0	0	0	0	0	0	0	0	0	0	0	0	0	0
S(5,0)SumVarnc	685.75386	0	0	0	0	0	0	0	0	0	0	0	0	0	0	0
S(5,0)SumEntrp	2.0236696	0	0	0	0	0	0	0	0	0	0	0	0	0	0	0
S(5,0)Entropy	3.6024006	0	0	0	0	0	0	0	0	0	0	0	0	0	0	0
S(5,0)DifVarnc	228.98262	0	0	0	0	0	0	0	0	0	0	0	0	0	0	0
S(5,0)DifEntrp	1.7275148	0	0	0	0	0	0	0	0	0	0	0	0	0	0	0
_Area_S(0,5)	128512	0	0	0	0	0	0	0	0	0	0	0	0	0	0	0
S(0,5)AngScMom	0.00025470838	0	0	0	0	0	0	0	0	0	0	0	0	0	0	0
S(0,5)Contrast	684.30954	0	0	0	0	0	0	0	0	0	0	0	0	0	0	0
S(0,5)Correlat	0.00072619777	0	0	0	0	0	0	0	0	0	0	0	0	0	0	0
S(0,5)SumOfSqs	342.40342	0	0	0	0	0	0	0	0	0	0	0	0	0	0	0
S(0,5)InvDfMom	0.046442244	0	0	0	0	0	0	0	0	0	0	0	0	0	0	0
S(0,5)SumAverg	65.592038	0	0	0	0	0	0	0	0	0	0	0	0	0	0	0
S(0,5)SumVarnc	685.30415	0	0	0	0	0	0	0	0	0	0	0	0	0	0	0
S(0,5)SumEntrp	2.0235005	0	0	0	0	0	0	0	0	0	0	0	0	0	0	0
S(0,5)Entropy	3.6028656	0	0	0	0	0	0	0	0	0	0	0	0	0	0	0
S(0,5)DifVarnc	227.16474	0	0	0	0	0	0	0	0	0	0	0	0	0	0	0
S(0,5)DifEntrp	1.7269046	0	0	0	0	0	0	0	0	0	0	0	0	0	0	0
_Area_S(5,5)	126002	0	0	0	0	0	0	0	0	0	0	0	0	0	0	0
S(5,5)AngScMom	0.0002548648	0	0	0	0	0	0	0	0	0	0	0	0	0	0	0
S(5,5)Contrast	686.7181	0	0	0	0	0	0	0	0	0	0	0	0	0	0	0
S(5,5)Correlat	-0.0026484952	0	0	0	0	0	0	0	0	0	0	0	0	0	0	0
S(5,5)SumOfSqs	342.45207	0	0	0	0	0	0	0	0	0	0	0	0	0	0	0
S(5,5)InvDfMom	0.046752836	0	0	0	0	0	0	0	0	0	0	0	0	0	0	0
S(5,5)SumAverg	65.582086	0	0	0	0	0	0	0	0	0	0	0	0	0	0	0
S(5,5)SumVarnc	683.09017	0	0	0	0	0	0	0	0	0	0	0	0	0	0	0
S(5,5)SumEntrp	2.0231059	0	0	0	0	0	0	0	0	0	0	0	0	0	0	0
S(5,5)Entropy	3.6027253	0	0	0	0	0	0	0	0	0	0	0	0	0	0	0
S(5,5)DifVarnc	228.82223	0	0	0	0	0	0	0	0	0	0	0	0	0	0	0
S(5,5)DifEntrp	1.7279317	0	0	0	0	0	0	0	0	0	0	0	0	0	0	0
_Area_S(5,-5)	126002	0	0	0	0	0	0	0	0	0	0	0	0	0	0	0
S(5,-5)AngScMom	0.00025522647	0	0	0	0	0	0	0	0	0	0	0	0	0	0	0
S(5,-5)Contrast	682.83815	0	0	0	0	0	0	0	0	0	0	0	0	0	0	0
S(5,-5)Correlat	0.003006975	0	0	0	0	0	0	0	0	0	0	0	0	0	0	0
S(5,-5)SumOfSqs	342.44881	0	0	0	0	0	0	0	0	0	0	0	0	0	0	0
S(5,-5)InvDfMom	0.046948698	0	0	0	0	0	0	0	0	0	0	0	0	0	0	0
S(5,-5)SumAverg	65.583467	0	0	0	0	0	0	0	0	0	0	0	0	0	0	0
S(5,-5)SumVarnc	686.95709	0	0	0	0	0	0	0	0	0	0	0	0	0	0	0
S(5,-5)SumEntrp	2.024188	0	0	0	0	0	0	0	0	0	0	0	0	0	0	0
S(5,-5)Entropy	3.6024781	0	0	0	0	0	0	0	0	0	0	0	0	0	0	0
S(5,-5)DifVarnc	227.41229	0	0	0	0	0	0	0	0	0	0	0	0	0	0	0
S(5,-5)DifEntrp	1.7270101	0	0	0	0	0	0	0	0	0	0	0	0	0	0	0
Horzl_RLNonUni	62195.571	0	0	0	0	0	0	0	0	0	0	0	0	0	0	0
Horzl_GLevNonU	1012.0775	0	0	0	0	0	0	0	0	0	0	0	0	0	0	0
Horzl_LngREmph	1.0545754	0	0	0	0	0	0	0	0	0	0	0	0	0	0	0
Horzl_ShrtREmp	0.98694395	0	0	0	0	0	0	0	0	0	0	0	0	0	0	0
Horzl_Fraction	0.98248291	0	0	0	0	0	0	0	0	0	0	0	0	0	0	0
Vertl_RLNonUni	62530.975	0	0	0	0	0	0	0	0	0	0	0	0	0	0	0
Vertl_GLevNonU	1014.2475	0	0	0	0	0	0	0	0	0	0	0	0	0	0	0
Vertl_LngREmph	1.0479896	0	0	0	0	0	0	0	0	0	0	0	0	0	0	0
Vertl_ShrtREmp	0.98826095	0	0	0	0	0	0	0	0	0	0	0	0	0	0	0
Vertl_Fraction	0.98440552	0	0	0	0	0	0	0	0	0	0	0	0	0	0	0
45dgr_RLNonUni	62501.633	0	0	0	0	0	0	0	0	0	0	0	0	0	0	0
45dgr_GLevNonU	1014.0039	0	0	0	0	0	0	0	0	0	0	0	0	0	0	0
45dgr_LngREmph	1.0484931	0	0	0	0	0	0	0	0	0	0	0	0	0	0	0
45dgr_ShrtREmp	0.98814425	0	0	0	0	0	0	0	0	0	0	0	0	0	0	0
45dgr_Fraction	0.98425293	0	0	0	0	0	0	0	0	0	0	0	0	0	0	0
135dr_RLNonUni	62498.209	0	0	0	0	0	0	0	0	0	0	0	0	0	0	0
135dr_GLevNonU	1013.972	0	0	0	0	0	0	0	0	0	0	0	0	0	0	0
135dr_LngREmph	1.049072	0	0	0	0	0	0	0	0	0	0	0	0	0	0	0
135dr_ShrtREmp	0.98814544	0	0	0	0	0	0	0	0	0	0	0	0	0	0	0
135dr_Fraction	0.98414612	0	0	0	0	0	0	0	0	0	0	0	0	0	0	0
_AreaGr	64516	0	0	0	0	0	0	0	0	0	0	0	0	0	0	0
GrMean	8.2788111	0	0	0	0	0	0	0	0	0	0	0	0	0	0	0
GrVariance	15.592185	0	0	0	0	0	0	0	0	0	0	0	0	0	0	0
GrSkewness	0.17611697	0	0	0	0	0	0	0	0	0	0	0	0	0	0	0
GrKurtosis	-0.68336156	0	0	0	0	0	0	0	0	0	0	0	0	0	0	0
GrNonZeros	0.99648149	0	0	0	0	0	0	0	0	0	0	0	0	0	0	0
_AreaARM	64770	0	0	0	0	0	0	0	0	0	0	0	0	0	0	0
Teta1	0.038656003	0	0	0	0	0	0	0	0	0	0	0	0	0	0	0
Teta2	-0.0020664941	0	0	0	0	0	0	0	0	0	0	0	0	0	0	0
Teta3	-0.0021267123	0	0	0	0	0	0	0	0	0	0	0	0	0	0	0
Teta4	0.0023249837	0	0	0	0	0	0	0	0	0	0	0	0	0	0	0
Sigma	0.99908325	0	0	0	0	0	0	0	0	0	0	0	0	0	0	0
WavEnLL_s-1	17999.03	0	0	0	0	0	0	0	0	0	0	0	0	0	0	0
WavEnLH_s-1	1428.1676	0	0	0	0	0	0	0	0	0	0	0	0	0	0	0
WavEnHL_s-1	1321.4068	0	0	0	0	0	0	0	0	0	0	0	0	0	0	0
WavEnHH_s-1	1318.0688	0	0	0	0	0	0	0	0	0	0	0	0	0	0	0
WavEnLL_s-2	16938.179	0	0	0	0	0	0	0	0	0	0	0	0	0	0	0
WavEnLH_s-2	387.23597	0	0	0	0	0	0	0	0	0	0	0	0	0	0	0
WavEnHL_s-2	341.80316	0	0	0	0	0	0	0	0	0	0	0	0	0	0	0
WavEnHH_s-2	331.81206	0	0	0	0	0	0	0	0	0	0	0	0	0	0	0
WavEnLL_s-3	16668.507	0	0	0	0	0	0	0	0	0	0	0	0	0	0	0
WavEnLH_s-3	91.811029	0	0	0	0	0	0	0	0	0	0	0	0	0	0	0
WavEnHL_s-3	82.629752	0	0	0	0	0	0	0	0	0	0	0	0	0	0	0
WavEnHH_s-3	95.230867	0	0	0	0	0	0	0	0	0	0	0	0	0	0	0
WavEnLL_s-4	16597.583	0	0	0	0	0	0	0	0	0	0	0	0	0	0	0
WavEnLH_s-4	25.267631	0	0	0	0	0	0	0	0	0	0	0	0	0	0	0
WavEnHL_s-4	22.720315	0	0	0	0	0	0	0	0	0	0	0	0	0	0	0
WavEnHH_s-4	22.936453	0	0	0	0	0	0	0	0	0	0	0	0	0	0	0
