Image File: canvas1-a-p032.png 
ROI File: allred.roi 
Image size: 256 x 256
Min. lum.: 1
Max. lum.: 256
Bits/pixel: 8

Normalisation =  No
Histogram analysis = Yes
CO matrix analysis = Yes, Dimensions = 6 x 6, Distances = 1 2 3 4 5
RL matrix analysis = Yes, Dimension = 6
Gradient analysis = Yes, Max pixel value = 16
AR model analysis = Yes
Wavelet analysis = Yes

--------------- CLASS NAMES ----------------

----------------- FEATURES -----------------
_Area	65536	0	0	0	0	0	0	0	0	0	0	0	0	0	0	0
Mean	129.70729	0	0	0	0	0	0	0	0	0	0	0	0	0	0	0
Variance	5474.1177	0	0	0	0	0	0	0	0	0	0	0	0	0	0	0
Skewness	-0.011792503	0	0	0	0	0	0	0	0	0	0	0	0	0	0	0
Kurtosis	-1.1986701	0	0	0	0	0	0	0	0	0	0	0	0	0	0	0
Perc.01%	3	0	0	0	0	0	0	0	0	0	0	0	0	0	0	0
Perc.10%	27	0	0	0	0	0	0	0	0	0	0	0	0	0	0	0
Perc.50%	129	0	0	0	0	0	0	0	0	0	0	0	0	0	0	0
Perc.90%	232	0	0	0	0	0	0	0	0	0	0	0	0	0	0	0
Perc.99%	254	0	0	0	0	0	0	0	0	0	0	0	0	0	0	0
_Area_S(1,0)	130560	0	0	0	0	0	0	0	0	0	0	0	0	0	0	0
S(1,0)AngScMom	0.0002548585	0	0	0	0	0	0	0	0	0	0	0	0	0	0	0
S(1,0)Contrast	665.15593	0	0	0	0	0	0	0	0	0	0	0	0	0	0	0
S(1,0)Correlat	0.027233364	0	0	0	0	0	0	0	0	0	0	0	0	0	0	0
S(1,0)SumOfSqs	341.88874	0	0	0	0	0	0	0	0	0	0	0	0	0	0	0
S(1,0)InvDfMom	0.049828088	0	0	0	0	0	0	0	0	0	0	0	0	0	0	0
S(1,0)SumAverg	65.584666	0	0	0	0	0	0	0	0	0	0	0	0	0	0	0
S(1,0)SumVarnc	702.39905	0	0	0	0	0	0	0	0	0	0	0	0	0	0	0
S(1,0)SumEntrp	2.0285623	0	0	0	0	0	0	0	0	0	0	0	0	0	0	0
S(1,0)Entropy	3.6029052	0	0	0	0	0	0	0	0	0	0	0	0	0	0	0
S(1,0)DifVarnc	224.37144	0	0	0	0	0	0	0	0	0	0	0	0	0	0	0
S(1,0)DifEntrp	1.722189	0	0	0	0	0	0	0	0	0	0	0	0	0	0	0
_Area_S(0,1)	130560	0	0	0	0	0	0	0	0	0	0	0	0	0	0	0
S(0,1)AngScMom	0.00025305373	0	0	0	0	0	0	0	0	0	0	0	0	0	0	0
S(0,1)Contrast	684.31441	0	0	0	0	0	0	0	0	0	0	0	0	0	0	0
S(0,1)Correlat	-0.0012304052	0	0	0	0	0	0	0	0	0	0	0	0	0	0	0
S(0,1)SumOfSqs	341.73673	0	0	0	0	0	0	0	0	0	0	0	0	0	0	0
S(0,1)InvDfMom	0.047096966	0	0	0	0	0	0	0	0	0	0	0	0	0	0	0
S(0,1)SumAverg	65.613526	0	0	0	0	0	0	0	0	0	0	0	0	0	0	0
S(0,1)SumVarnc	682.63252	0	0	0	0	0	0	0	0	0	0	0	0	0	0	0
S(0,1)SumEntrp	2.0227703	0	0	0	0	0	0	0	0	0	0	0	0	0	0	0
S(0,1)Entropy	3.6044471	0	0	0	0	0	0	0	0	0	0	0	0	0	0	0
S(0,1)DifVarnc	227.98222	0	0	0	0	0	0	0	0	0	0	0	0	0	0	0
S(0,1)DifEntrp	1.7271382	0	0	0	0	0	0	0	0	0	0	0	0	0	0	0
_Area_S(1,1)	130050	0	0	0	0	0	0	0	0	0	0	0	0	0	0	0
S(1,1)AngScMom	0.00025323629	0	0	0	0	0	0	0	0	0	0	0	0	0	0	0
S(1,1)Contrast	683.18305	0	0	0	0	0	0	0	0	0	0	0	0	0	0	0
S(1,1)Correlat	0.00033371113	0	0	0	0	0	0	0	0	0	0	0	0	0	0	0
S(1,1)SumOfSqs	341.70556	0	0	0	0	0	0	0	0	0	0	0	0	0	0	0
S(1,1)InvDfMom	0.047378847	0	0	0	0	0	0	0	0	0	0	0	0	0	0	0
S(1,1)SumAverg	65.606736	0	0	0	0	0	0	0	0	0	0	0	0	0	0	0
S(1,1)SumVarnc	683.63918	0	0	0	0	0	0	0	0	0	0	0	0	0	0	0
S(1,1)SumEntrp	2.0232376	0	0	0	0	0	0	0	0	0	0	0	0	0	0	0
S(1,1)Entropy	3.604219	0	0	0	0	0	0	0	0	0	0	0	0	0	0	0
S(1,1)DifVarnc	228.40127	0	0	0	0	0	0	0	0	0	0	0	0	0	0	0
S(1,1)DifEntrp	1.7272573	0	0	0	0	0	0	0	0	0	0	0	0	0	0	0
_Area_S(1,-1)	130050	0	0	0	0	0	0	0	0	0	0	0	0	0	0	0
S(1,-1)AngScMom	0.00025296242	0	0	0	0	0	0	0	0	0	0	0	0	0	0	0
S(1,-1)Contrast	685.22965	0	0	0	0	0	0	0	0	0	0	0	0	0	0	0
S(1,-1)Correlat	-0.0026857032	0	0	0	0	0	0	0	0	0	0	0	0	0	0	0
S(1,-1)SumOfSqs	341.69713	0	0	0	0	0	0	0	0	0	0	0	0	0	0	0
S(1,-1)InvDfMom	0.046076419	0	0	0	0	0	0	0	0	0	0	0	0	0	0	0
S(1,-1)SumAverg	65.606336	0	0	0	0	0	0	0	0	0	0	0	0	0	0	0
S(1,-1)SumVarnc	681.55886	0	0	0	0	0	0	0	0	0	0	0	0	0	0	0
S(1,-1)SumEntrp	2.0226144	0	0	0	0	0	0	0	0	0	0	0	0	0	0	0
S(1,-1)Entropy	3.6044721	0	0	0	0	0	0	0	0	0	0	0	0	0	0	0
S(1,-1)DifVarnc	226.83184	0	0	0	0	0	0	0	0	0	0	0	0	0	0	0
S(1,-1)DifEntrp	1.7270415	0	0	0	0	0	0	0	0	0	0	0	0	0	0	0
_Area_S(2,0)	130048	0	0	0	0	0	0	0	0	0	0	0	0	0	0	0
S(2,0)AngScMom	0.00025337345	0	0	0	0	0	0	0	0	0	0	0	0	0	0	0
S(2,0)Contrast	676.57765	0	0	0	0	0	0	0	0	0	0	0	0	0	0	0
S(2,0)Correlat	0.010486302	0	0	0	0	0	0	0	0	0	0	0	0	0	0	0
S(2,0)SumOfSqs	341.87382	0	0	0	0	0	0	0	0	0	0	0	0	0	0	0
S(2,0)InvDfMom	0.048476823	0	0	0	0	0	0	0	0	0	0	0	0	0	0	0
S(2,0)SumAverg	65.587245	0	0	0	0	0	0	0	0	0	0	0	0	0	0	0
S(2,0)SumVarnc	690.91762	0	0	0	0	0	0	0	0	0	0	0	0	0	0	0
S(2,0)SumEntrp	2.0253819	0	0	0	0	0	0	0	0	0	0	0	0	0	0	0
S(2,0)Entropy	3.6041994	0	0	0	0	0	0	0	0	0	0	0	0	0	0	0
S(2,0)DifVarnc	225.70444	0	0	0	0	0	0	0	0	0	0	0	0	0	0	0
S(2,0)DifEntrp	1.7252204	0	0	0	0	0	0	0	0	0	0	0	0	0	0	0
_Area_S(0,2)	130048	0	0	0	0	0	0	0	0	0	0	0	0	0	0	0
S(0,2)AngScMom	0.00025305723	0	0	0	0	0	0	0	0	0	0	0	0	0	0	0
S(0,2)Contrast	678.84192	0	0	0	0	0	0	0	0	0	0	0	0	0	0	0
S(0,2)Correlat	0.0065177792	0	0	0	0	0	0	0	0	0	0	0	0	0	0	0
S(0,2)SumOfSqs	341.64774	0	0	0	0	0	0	0	0	0	0	0	0	0	0	0
S(0,2)InvDfMom	0.045704277	0	0	0	0	0	0	0	0	0	0	0	0	0	0	0
S(0,2)SumAverg	65.61142	0	0	0	0	0	0	0	0	0	0	0	0	0	0	0
S(0,2)SumVarnc	687.74906	0	0	0	0	0	0	0	0	0	0	0	0	0	0	0
S(0,2)SumEntrp	2.0241377	0	0	0	0	0	0	0	0	0	0	0	0	0	0	0
S(0,2)Entropy	3.6044325	0	0	0	0	0	0	0	0	0	0	0	0	0	0	0
S(0,2)DifVarnc	225.41931	0	0	0	0	0	0	0	0	0	0	0	0	0	0	0
S(0,2)DifEntrp	1.7254709	0	0	0	0	0	0	0	0	0	0	0	0	0	0	0
_Area_S(2,2)	129032	0	0	0	0	0	0	0	0	0	0	0	0	0	0	0
S(2,2)AngScMom	0.00025305261	0	0	0	0	0	0	0	0	0	0	0	0	0	0	0
S(2,2)Contrast	682.68969	0	0	0	0	0	0	0	0	0	0	0	0	0	0	0
S(2,2)Correlat	0.00076941522	0	0	0	0	0	0	0	0	0	0	0	0	0	0	0
S(2,2)SumOfSqs	341.60768	0	0	0	0	0	0	0	0	0	0	0	0	0	0	0
S(2,2)InvDfMom	0.046277414	0	0	0	0	0	0	0	0	0	0	0	0	0	0	0
S(2,2)SumAverg	65.608531	0	0	0	0	0	0	0	0	0	0	0	0	0	0	0
S(2,2)SumVarnc	683.74104	0	0	0	0	0	0	0	0	0	0	0	0	0	0	0
S(2,2)SumEntrp	2.0230731	0	0	0	0	0	0	0	0	0	0	0	0	0	0	0
S(2,2)Entropy	3.6043442	0	0	0	0	0	0	0	0	0	0	0	0	0	0	0
S(2,2)DifVarnc	226.84244	0	0	0	0	0	0	0	0	0	0	0	0	0	0	0
S(2,2)DifEntrp	1.7272176	0	0	0	0	0	0	0	0	0	0	0	0	0	0	0
_Area_S(2,-2)	129032	0	0	0	0	0	0	0	0	0	0	0	0	0	0	0
S(2,-2)AngScMom	0.00025344831	0	0	0	0	0	0	0	0	0	0	0	0	0	0	0
S(2,-2)Contrast	685.88367	0	0	0	0	0	0	0	0	0	0	0	0	0	0	0
S(2,-2)Correlat	-0.0039452478	0	0	0	0	0	0	0	0	0	0	0	0	0	0	0
S(2,-2)SumOfSqs	341.59416	0	0	0	0	0	0	0	0	0	0	0	0	0	0	0
S(2,-2)InvDfMom	0.046944776	0	0	0	0	0	0	0	0	0	0	0	0	0	0	0
S(2,-2)SumAverg	65.607679	0	0	0	0	0	0	0	0	0	0	0	0	0	0	0
S(2,-2)SumVarnc	680.49298	0	0	0	0	0	0	0	0	0	0	0	0	0	0	0
S(2,-2)SumEntrp	2.0221692	0	0	0	0	0	0	0	0	0	0	0	0	0	0	0
S(2,-2)Entropy	3.6040031	0	0	0	0	0	0	0	0	0	0	0	0	0	0	0
S(2,-2)DifVarnc	228.35438	0	0	0	0	0	0	0	0	0	0	0	0	0	0	0
S(2,-2)DifEntrp	1.7275756	0	0	0	0	0	0	0	0	0	0	0	0	0	0	0
_Area_S(3,0)	129536	0	0	0	0	0	0	0	0	0	0	0	0	0	0	0
S(3,0)AngScMom	0.00025324825	0	0	0	0	0	0	0	0	0	0	0	0	0	0	0
S(3,0)Contrast	675.49599	0	0	0	0	0	0	0	0	0	0	0	0	0	0	0
S(3,0)Correlat	0.012036677	0	0	0	0	0	0	0	0	0	0	0	0	0	0	0
S(3,0)SumOfSqs	341.86289	0	0	0	0	0	0	0	0	0	0	0	0	0	0	0
S(3,0)InvDfMom	0.047439441	0	0	0	0	0	0	0	0	0	0	0	0	0	0	0
S(3,0)SumAverg	65.587018	0	0	0	0	0	0	0	0	0	0	0	0	0	0	0
S(3,0)SumVarnc	691.95556	0	0	0	0	0	0	0	0	0	0	0	0	0	0	0
S(3,0)SumEntrp	2.0256843	0	0	0	0	0	0	0	0	0	0	0	0	0	0	0
S(3,0)Entropy	3.6042602	0	0	0	0	0	0	0	0	0	0	0	0	0	0	0
S(3,0)DifVarnc	224.9251	0	0	0	0	0	0	0	0	0	0	0	0	0	0	0
S(3,0)DifEntrp	1.724936	0	0	0	0	0	0	0	0	0	0	0	0	0	0	0
_Area_S(0,3)	129536	0	0	0	0	0	0	0	0	0	0	0	0	0	0	0
S(0,3)AngScMom	0.00025303704	0	0	0	0	0	0	0	0	0	0	0	0	0	0	0
S(0,3)Contrast	683.73107	0	0	0	0	0	0	0	0	0	0	0	0	0	0	0
S(0,3)Correlat	-0.0006706807	0	0	0	0	0	0	0	0	0	0	0	0	0	0	0
S(0,3)SumOfSqs	341.63641	0	0	0	0	0	0	0	0	0	0	0	0	0	0	0
S(0,3)InvDfMom	0.045961025	0	0	0	0	0	0	0	0	0	0	0	0	0	0	0
S(0,3)SumAverg	65.605793	0	0	0	0	0	0	0	0	0	0	0	0	0	0	0
S(0,3)SumVarnc	682.81456	0	0	0	0	0	0	0	0	0	0	0	0	0	0	0
S(0,3)SumEntrp	2.0228258	0	0	0	0	0	0	0	0	0	0	0	0	0	0	0
S(0,3)Entropy	3.6044054	0	0	0	0	0	0	0	0	0	0	0	0	0	0	0
S(0,3)DifVarnc	227.68624	0	0	0	0	0	0	0	0	0	0	0	0	0	0	0
S(0,3)DifEntrp	1.7269087	0	0	0	0	0	0	0	0	0	0	0	0	0	0	0
_Area_S(3,3)	128018	0	0	0	0	0	0	0	0	0	0	0	0	0	0	0
S(3,3)AngScMom	0.00025340797	0	0	0	0	0	0	0	0	0	0	0	0	0	0	0
S(3,3)Contrast	681.66577	0	0	0	0	0	0	0	0	0	0	0	0	0	0	0
S(3,3)Correlat	0.0022100036	0	0	0	0	0	0	0	0	0	0	0	0	0	0	0
S(3,3)SumOfSqs	341.58779	0	0	0	0	0	0	0	0	0	0	0	0	0	0	0
S(3,3)InvDfMom	0.047148782	0	0	0	0	0	0	0	0	0	0	0	0	0	0	0
S(3,3)SumAverg	65.602618	0	0	0	0	0	0	0	0	0	0	0	0	0	0	0
S(3,3)SumVarnc	684.68541	0	0	0	0	0	0	0	0	0	0	0	0	0	0	0
S(3,3)SumEntrp	2.0231146	0	0	0	0	0	0	0	0	0	0	0	0	0	0	0
S(3,3)Entropy	3.6040775	0	0	0	0	0	0	0	0	0	0	0	0	0	0	0
S(3,3)DifVarnc	228.08338	0	0	0	0	0	0	0	0	0	0	0	0	0	0	0
S(3,3)DifEntrp	1.726559	0	0	0	0	0	0	0	0	0	0	0	0	0	0	0
_Area_S(3,-3)	128018	0	0	0	0	0	0	0	0	0	0	0	0	0	0	0
S(3,-3)AngScMom	0.00025277753	0	0	0	0	0	0	0	0	0	0	0	0	0	0	0
S(3,-3)Contrast	688.07921	0	0	0	0	0	0	0	0	0	0	0	0	0	0	0
S(3,-3)Correlat	-0.0072491921	0	0	0	0	0	0	0	0	0	0	0	0	0	0	0
S(3,-3)SumOfSqs	341.56354	0	0	0	0	0	0	0	0	0	0	0	0	0	0	0
S(3,-3)InvDfMom	0.046376715	0	0	0	0	0	0	0	0	0	0	0	0	0	0	0
S(3,-3)SumAverg	65.602056	0	0	0	0	0	0	0	0	0	0	0	0	0	0	0
S(3,-3)SumVarnc	678.17497	0	0	0	0	0	0	0	0	0	0	0	0	0	0	0
S(3,-3)SumEntrp	2.0216773	0	0	0	0	0	0	0	0	0	0	0	0	0	0	0
S(3,-3)Entropy	3.6046581	0	0	0	0	0	0	0	0	0	0	0	0	0	0	0
S(3,-3)DifVarnc	228.38347	0	0	0	0	0	0	0	0	0	0	0	0	0	0	0
S(3,-3)DifEntrp	1.7282423	0	0	0	0	0	0	0	0	0	0	0	0	0	0	0
_Area_S(4,0)	129024	0	0	0	0	0	0	0	0	0	0	0	0	0	0	0
S(4,0)AngScMom	0.00025326769	0	0	0	0	0	0	0	0	0	0	0	0	0	0	0
S(4,0)Contrast	672.77195	0	0	0	0	0	0	0	0	0	0	0	0	0	0	0
S(4,0)Correlat	0.016005997	0	0	0	0	0	0	0	0	0	0	0	0	0	0	0
S(4,0)SumOfSqs	341.85775	0	0	0	0	0	0	0	0	0	0	0	0	0	0	0
S(4,0)InvDfMom	0.047936202	0	0	0	0	0	0	0	0	0	0	0	0	0	0	0
S(4,0)SumAverg	65.592138	0	0	0	0	0	0	0	0	0	0	0	0	0	0	0
S(4,0)SumVarnc	694.65905	0	0	0	0	0	0	0	0	0	0	0	0	0	0	0
S(4,0)SumEntrp	2.0261843	0	0	0	0	0	0	0	0	0	0	0	0	0	0	0
S(4,0)Entropy	3.604189	0	0	0	0	0	0	0	0	0	0	0	0	0	0	0
S(4,0)DifVarnc	226.46441	0	0	0	0	0	0	0	0	0	0	0	0	0	0	0
S(4,0)DifEntrp	1.7241721	0	0	0	0	0	0	0	0	0	0	0	0	0	0	0
_Area_S(0,4)	129024	0	0	0	0	0	0	0	0	0	0	0	0	0	0	0
S(0,4)AngScMom	0.00025338194	0	0	0	0	0	0	0	0	0	0	0	0	0	0	0
S(0,4)Contrast	688.10331	0	0	0	0	0	0	0	0	0	0	0	0	0	0	0
S(0,4)Correlat	-0.006810912	0	0	0	0	0	0	0	0	0	0	0	0	0	0	0
S(0,4)SumOfSqs	341.7242	0	0	0	0	0	0	0	0	0	0	0	0	0	0	0
S(0,4)InvDfMom	0.046318055	0	0	0	0	0	0	0	0	0	0	0	0	0	0	0
S(0,4)SumAverg	65.585147	0	0	0	0	0	0	0	0	0	0	0	0	0	0	0
S(0,4)SumVarnc	678.7935	0	0	0	0	0	0	0	0	0	0	0	0	0	0	0
S(0,4)SumEntrp	2.0217421	0	0	0	0	0	0	0	0	0	0	0	0	0	0	0
S(0,4)Entropy	3.6040592	0	0	0	0	0	0	0	0	0	0	0	0	0	0	0
S(0,4)DifVarnc	228.44054	0	0	0	0	0	0	0	0	0	0	0	0	0	0	0
S(0,4)DifEntrp	1.7281463	0	0	0	0	0	0	0	0	0	0	0	0	0	0	0
_Area_S(4,4)	127008	0	0	0	0	0	0	0	0	0	0	0	0	0	0	0
S(4,4)AngScMom	0.00025302076	0	0	0	0	0	0	0	0	0	0	0	0	0	0	0
S(4,4)Contrast	682.79275	0	0	0	0	0	0	0	0	0	0	0	0	0	0	0
S(4,4)Correlat	0.00081149825	0	0	0	0	0	0	0	0	0	0	0	0	0	0	0
S(4,4)SumOfSqs	341.67364	0	0	0	0	0	0	0	0	0	0	0	0	0	0	0
S(4,4)InvDfMom	0.046904972	0	0	0	0	0	0	0	0	0	0	0	0	0	0	0
S(4,4)SumAverg	65.586813	0	0	0	0	0	0	0	0	0	0	0	0	0	0	0
S(4,4)SumVarnc	683.90182	0	0	0	0	0	0	0	0	0	0	0	0	0	0	0
S(4,4)SumEntrp	2.023163	0	0	0	0	0	0	0	0	0	0	0	0	0	0	0
S(4,4)Entropy	3.6044093	0	0	0	0	0	0	0	0	0	0	0	0	0	0	0
S(4,4)DifVarnc	227.60437	0	0	0	0	0	0	0	0	0	0	0	0	0	0	0
S(4,4)DifEntrp	1.7271001	0	0	0	0	0	0	0	0	0	0	0	0	0	0	0
_Area_S(4,-4)	127008	0	0	0	0	0	0	0	0	0	0	0	0	0	0	0
S(4,-4)AngScMom	0.00025302956	0	0	0	0	0	0	0	0	0	0	0	0	0	0	0
S(4,-4)Contrast	685.62242	0	0	0	0	0	0	0	0	0	0	0	0	0	0	0
S(4,-4)Correlat	-0.0034315076	0	0	0	0	0	0	0	0	0	0	0	0	0	0	0
S(4,-4)SumOfSqs	341.63887	0	0	0	0	0	0	0	0	0	0	0	0	0	0	0
S(4,-4)InvDfMom	0.047730163	0	0	0	0	0	0	0	0	0	0	0	0	0	0	0
S(4,-4)SumAverg	65.586231	0	0	0	0	0	0	0	0	0	0	0	0	0	0	0
S(4,-4)SumVarnc	680.93307	0	0	0	0	0	0	0	0	0	0	0	0	0	0	0
S(4,-4)SumEntrp	2.0222897	0	0	0	0	0	0	0	0	0	0	0	0	0	0	0
S(4,-4)Entropy	3.6043982	0	0	0	0	0	0	0	0	0	0	0	0	0	0	0
S(4,-4)DifVarnc	230.11213	0	0	0	0	0	0	0	0	0	0	0	0	0	0	0
S(4,-4)DifEntrp	1.7275788	0	0	0	0	0	0	0	0	0	0	0	0	0	0	0
_Area_S(5,0)	128512	0	0	0	0	0	0	0	0	0	0	0	0	0	0	0
S(5,0)AngScMom	0.00025324404	0	0	0	0	0	0	0	0	0	0	0	0	0	0	0
S(5,0)Contrast	677.04067	0	0	0	0	0	0	0	0	0	0	0	0	0	0	0
S(5,0)Correlat	0.0095843567	0	0	0	0	0	0	0	0	0	0	0	0	0	0	0
S(5,0)SumOfSqs	341.79623	0	0	0	0	0	0	0	0	0	0	0	0	0	0	0
S(5,0)InvDfMom	0.047469742	0	0	0	0	0	0	0	0	0	0	0	0	0	0	0
S(5,0)SumAverg	65.600489	0	0	0	0	0	0	0	0	0	0	0	0	0	0	0
S(5,0)SumVarnc	690.14425	0	0	0	0	0	0	0	0	0	0	0	0	0	0	0
S(5,0)SumEntrp	2.0248786	0	0	0	0	0	0	0	0	0	0	0	0	0	0	0
S(5,0)Entropy	3.6042572	0	0	0	0	0	0	0	0	0	0	0	0	0	0	0
S(5,0)DifVarnc	227.12161	0	0	0	0	0	0	0	0	0	0	0	0	0	0	0
S(5,0)DifEntrp	1.7254362	0	0	0	0	0	0	0	0	0	0	0	0	0	0	0
_Area_S(0,5)	128512	0	0	0	0	0	0	0	0	0	0	0	0	0	0	0
S(0,5)AngScMom	0.00025348624	0	0	0	0	0	0	0	0	0	0	0	0	0	0	0
S(0,5)Contrast	683.30167	0	0	0	0	0	0	0	0	0	0	0	0	0	0	0
S(0,5)Correlat	0.00012542302	0	0	0	0	0	0	0	0	0	0	0	0	0	0	0
S(0,5)SumOfSqs	341.69369	0	0	0	0	0	0	0	0	0	0	0	0	0	0	0
S(0,5)InvDfMom	0.047154125	0	0	0	0	0	0	0	0	0	0	0	0	0	0	0
S(0,5)SumAverg	65.588116	0	0	0	0	0	0	0	0	0	0	0	0	0	0	0
S(0,5)SumVarnc	683.47309	0	0	0	0	0	0	0	0	0	0	0	0	0	0	0
S(0,5)SumEntrp	2.0230837	0	0	0	0	0	0	0	0	0	0	0	0	0	0	0
S(0,5)Entropy	3.6040646	0	0	0	0	0	0	0	0	0	0	0	0	0	0	0
S(0,5)DifVarnc	227.22502	0	0	0	0	0	0	0	0	0	0	0	0	0	0	0
S(0,5)DifEntrp	1.7271002	0	0	0	0	0	0	0	0	0	0	0	0	0	0	0
_Area_S(5,5)	126002	0	0	0	0	0	0	0	0	0	0	0	0	0	0	0
S(5,5)AngScMom	0.00025336321	0	0	0	0	0	0	0	0	0	0	0	0	0	0	0
S(5,5)Contrast	681.63888	0	0	0	0	0	0	0	0	0	0	0	0	0	0	0
S(5,5)Correlat	0.0022222357	0	0	0	0	0	0	0	0	0	0	0	0	0	0	0
S(5,5)SumOfSqs	341.57851	0	0	0	0	0	0	0	0	0	0	0	0	0	0	0
S(5,5)InvDfMom	0.047461036	0	0	0	0	0	0	0	0	0	0	0	0	0	0	0
S(5,5)SumAverg	65.600244	0	0	0	0	0	0	0	0	0	0	0	0	0	0	0
S(5,5)SumVarnc	684.67515	0	0	0	0	0	0	0	0	0	0	0	0	0	0	0
S(5,5)SumEntrp	2.0233282	0	0	0	0	0	0	0	0	0	0	0	0	0	0	0
S(5,5)Entropy	3.6041273	0	0	0	0	0	0	0	0	0	0	0	0	0	0	0
S(5,5)DifVarnc	227.82195	0	0	0	0	0	0	0	0	0	0	0	0	0	0	0
S(5,5)DifEntrp	1.7268283	0	0	0	0	0	0	0	0	0	0	0	0	0	0	0
_Area_S(5,-5)	126002	0	0	0	0	0	0	0	0	0	0	0	0	0	0	0
S(5,-5)AngScMom	0.00025343262	0	0	0	0	0	0	0	0	0	0	0	0	0	0	0
S(5,-5)Contrast	679.90864	0	0	0	0	0	0	0	0	0	0	0	0	0	0	0
S(5,-5)Correlat	0.0047077227	0	0	0	0	0	0	0	0	0	0	0	0	0	0	0
S(5,-5)SumOfSqs	341.5623	0	0	0	0	0	0	0	0	0	0	0	0	0	0	0
S(5,-5)InvDfMom	0.046503133	0	0	0	0	0	0	0	0	0	0	0	0	0	0	0
S(5,-5)SumAverg	65.598133	0	0	0	0	0	0	0	0	0	0	0	0	0	0	0
S(5,-5)SumVarnc	686.34056	0	0	0	0	0	0	0	0	0	0	0	0	0	0	0
S(5,-5)SumEntrp	2.0237813	0	0	0	0	0	0	0	0	0	0	0	0	0	0	0
S(5,-5)Entropy	3.604041	0	0	0	0	0	0	0	0	0	0	0	0	0	0	0
S(5,-5)DifVarnc	225.9977	0	0	0	0	0	0	0	0	0	0	0	0	0	0	0
S(5,-5)DifEntrp	1.7263461	0	0	0	0	0	0	0	0	0	0	0	0	0	0	0
Horzl_RLNonUni	62232.582	0	0	0	0	0	0	0	0	0	0	0	0	0	0	0
Horzl_GLevNonU	1008.8083	0	0	0	0	0	0	0	0	0	0	0	0	0	0	0
Horzl_LngREmph	1.0544116	0	0	0	0	0	0	0	0	0	0	0	0	0	0	0
Horzl_ShrtREmp	0.98710558	0	0	0	0	0	0	0	0	0	0	0	0	0	0	0
Horzl_Fraction	0.9826355	0	0	0	0	0	0	0	0	0	0	0	0	0	0	0
Vertl_RLNonUni	62401.627	0	0	0	0	0	0	0	0	0	0	0	0	0	0	0
Vertl_GLevNonU	1010.0171	0	0	0	0	0	0	0	0	0	0	0	0	0	0	0
Vertl_LngREmph	1.0502575	0	0	0	0	0	0	0	0	0	0	0	0	0	0	0
Vertl_ShrtREmp	0.98774586	0	0	0	0	0	0	0	0	0	0	0	0	0	0	0
Vertl_Fraction	0.98370361	0	0	0	0	0	0	0	0	0	0	0	0	0	0	0
45dgr_RLNonUni	62434.479	0	0	0	0	0	0	0	0	0	0	0	0	0	0	0
45dgr_GLevNonU	1009.9965	0	0	0	0	0	0	0	0	0	0	0	0	0	0	0
45dgr_LngREmph	1.0502218	0	0	0	0	0	0	0	0	0	0	0	0	0	0	0
45dgr_ShrtREmp	0.98789262	0	0	0	0	0	0	0	0	0	0	0	0	0	0	0
45dgr_Fraction	0.98379517	0	0	0	0	0	0	0	0	0	0	0	0	0	0	0
135dr_RLNonUni	62685.871	0	0	0	0	0	0	0	0	0	0	0	0	0	0	0
135dr_GLevNonU	1011.4826	0	0	0	0	0	0	0	0	0	0	0	0	0	0	0
135dr_LngREmph	1.0453785	0	0	0	0	0	0	0	0	0	0	0	0	0	0	0
135dr_ShrtREmp	0.98887908	0	0	0	0	0	0	0	0	0	0	0	0	0	0	0
135dr_Fraction	0.98522949	0	0	0	0	0	0	0	0	0	0	0	0	0	0	0
_AreaGr	64516	0	0	0	0	0	0	0	0	0	0	0	0	0	0	0
GrMean	8.3049363	0	0	0	0	0	0	0	0	0	0	0	0	0	0	0
GrVariance	15.526824	0	0	0	0	0	0	0	0	0	0	0	0	0	0	0
GrSkewness	0.17804549	0	0	0	0	0	0	0	0	0	0	0	0	0	0	0
GrKurtosis	-0.65822003	0	0	0	0	0	0	0	0	0	0	0	0	0	0	0
GrNonZeros	0.99598549	0	0	0	0	0	0	0	0	0	0	0	0	0	0	0
_AreaARM	64770	0	0	0	0	0	0	0	0	0	0	0	0	0	0	0
Teta1	0.026163446	0	0	0	0	0	0	0	0	0	0	0	0	0	0	0
Teta2	-0.0024207815	0	0	0	0	0	0	0	0	0	0	0	0	0	0	0
Teta3	-0.0011765265	0	0	0	0	0	0	0	0	0	0	0	0	0	0	0
Teta4	0.00090268099	0	0	0	0	0	0	0	0	0	0	0	0	0	0	0
Sigma	0.99892555	0	0	0	0	0	0	0	0	0	0	0	0	0	0	0
WavEnLL_s-1	17967.293	0	0	0	0	0	0	0	0	0	0	0	0	0	0	0
WavEnLH_s-1	1405.6795	0	0	0	0	0	0	0	0	0	0	0	0	0	0	0
WavEnHL_s-1	1313.8882	0	0	0	0	0	0	0	0	0	0	0	0	0	0	0
WavEnHH_s-1	1352.8233	0	0	0	0	0	0	0	0	0	0	0	0	0	0	0
WavEnLL_s-2	16927.209	0	0	0	0	0	0	0	0	0	0	0	0	0	0	0
WavEnLH_s-2	360.58312	0	0	0	0	0	0	0	0	0	0	0	0	0	0	0
WavEnHL_s-2	345.89937	0	0	0	0	0	0	0	0	0	0	0	0	0	0	0
WavEnHH_s-2	333.60211	0	0	0	0	0	0	0	0	0	0	0	0	0	0	0
WavEnLL_s-3	16659.734	0	0	0	0	0	0	0	0	0	0	0	0	0	0	0
WavEnLH_s-3	97.10206	0	0	0	0	0	0	0	0	0	0	0	0	0	0	0
WavEnHL_s-3	86.924871	0	0	0	0	0	0	0	0	0	0	0	0	0	0	0
WavEnHH_s-3	83.448107	0	0	0	0	0	0	0	0	0	0	0	0	0	0	0
WavEnLL_s-4	16589.956	0	0	0	0	0	0	0	0	0	0	0	0	0	0	0
WavEnLH_s-4	26.53478	0	0	0	0	0	0	0	0	0	0	0	0	0	0	0
WavEnHL_s-4	22.739523	0	0	0	0	0	0	0	0	0	0	0	0	0	0	0
WavEnHH_s-4	20.503691	0	0	0	0	0	0	0	0	0	0	0	0	0	0	0
