Image File: canvas1-a-p036.png 
ROI File: allred.roi 
Image size: 256 x 256
Min. lum.: 1
Max. lum.: 256
Bits/pixel: 8

Normalisation =  No
Histogram analysis = Yes
CO matrix analysis = Yes, Dimensions = 6 x 6, Distances = 1 2 3 4 5
RL matrix analysis = Yes, Dimension = 6
Gradient analysis = Yes, Max pixel value = 16
AR model analysis = Yes
Wavelet analysis = Yes

--------------- CLASS NAMES ----------------

----------------- FEATURES -----------------
_Area	65536	0	0	0	0	0	0	0	0	0	0	0	0	0	0	0
Mean	131.41335	0	0	0	0	0	0	0	0	0	0	0	0	0	0	0
Variance	5406.1146	0	0	0	0	0	0	0	0	0	0	0	0	0	0	0
Skewness	-0.034233885	0	0	0	0	0	0	0	0	0	0	0	0	0	0	0
Kurtosis	-1.1852347	0	0	0	0	0	0	0	0	0	0	0	0	0	0	0
Perc.01%	3	0	0	0	0	0	0	0	0	0	0	0	0	0	0	0
Perc.10%	29	0	0	0	0	0	0	0	0	0	0	0	0	0	0	0
Perc.50%	132	0	0	0	0	0	0	0	0	0	0	0	0	0	0	0
Perc.90%	233	0	0	0	0	0	0	0	0	0	0	0	0	0	0	0
Perc.99%	254	0	0	0	0	0	0	0	0	0	0	0	0	0	0	0
_Area_S(1,0)	130560	0	0	0	0	0	0	0	0	0	0	0	0	0	0	0
S(1,0)AngScMom	0.00025512989	0	0	0	0	0	0	0	0	0	0	0	0	0	0	0
S(1,0)Contrast	663.32863	0	0	0	0	0	0	0	0	0	0	0	0	0	0	0
S(1,0)Correlat	0.017923504	0	0	0	0	0	0	0	0	0	0	0	0	0	0	0
S(1,0)SumOfSqs	337.71739	0	0	0	0	0	0	0	0	0	0	0	0	0	0	0
S(1,0)InvDfMom	0.048823692	0	0	0	0	0	0	0	0	0	0	0	0	0	0	0
S(1,0)SumAverg	66.436045	0	0	0	0	0	0	0	0	0	0	0	0	0	0	0
S(1,0)SumVarnc	687.54095	0	0	0	0	0	0	0	0	0	0	0	0	0	0	0
S(1,0)SumEntrp	2.0244524	0	0	0	0	0	0	0	0	0	0	0	0	0	0	0
S(1,0)Entropy	3.602598	0	0	0	0	0	0	0	0	0	0	0	0	0	0	0
S(1,0)DifVarnc	221.52468	0	0	0	0	0	0	0	0	0	0	0	0	0	0	0
S(1,0)DifEntrp	1.7220859	0	0	0	0	0	0	0	0	0	0	0	0	0	0	0
_Area_S(0,1)	130560	0	0	0	0	0	0	0	0	0	0	0	0	0	0	0
S(0,1)AngScMom	0.00025440655	0	0	0	0	0	0	0	0	0	0	0	0	0	0	0
S(0,1)Contrast	673.55146	0	0	0	0	0	0	0	0	0	0	0	0	0	0	0
S(0,1)Correlat	0.0022480194	0	0	0	0	0	0	0	0	0	0	0	0	0	0	0
S(0,1)SumOfSqs	337.53451	0	0	0	0	0	0	0	0	0	0	0	0	0	0	0
S(0,1)InvDfMom	0.047522718	0	0	0	0	0	0	0	0	0	0	0	0	0	0	0
S(0,1)SumAverg	66.459084	0	0	0	0	0	0	0	0	0	0	0	0	0	0	0
S(0,1)SumVarnc	676.58659	0	0	0	0	0	0	0	0	0	0	0	0	0	0	0
S(0,1)SumEntrp	2.0210999	0	0	0	0	0	0	0	0	0	0	0	0	0	0	0
S(0,1)Entropy	3.6032286	0	0	0	0	0	0	0	0	0	0	0	0	0	0	0
S(0,1)DifVarnc	225.19613	0	0	0	0	0	0	0	0	0	0	0	0	0	0	0
S(0,1)DifEntrp	1.7241108	0	0	0	0	0	0	0	0	0	0	0	0	0	0	0
_Area_S(1,1)	130050	0	0	0	0	0	0	0	0	0	0	0	0	0	0	0
S(1,1)AngScMom	0.00025428436	0	0	0	0	0	0	0	0	0	0	0	0	0	0	0
S(1,1)Contrast	672.91137	0	0	0	0	0	0	0	0	0	0	0	0	0	0	0
S(1,1)Correlat	0.0032426063	0	0	0	0	0	0	0	0	0	0	0	0	0	0	0
S(1,1)SumOfSqs	337.55023	0	0	0	0	0	0	0	0	0	0	0	0	0	0	0
S(1,1)InvDfMom	0.045985706	0	0	0	0	0	0	0	0	0	0	0	0	0	0	0
S(1,1)SumAverg	66.453641	0	0	0	0	0	0	0	0	0	0	0	0	0	0	0
S(1,1)SumVarnc	677.28954	0	0	0	0	0	0	0	0	0	0	0	0	0	0	0
S(1,1)SumEntrp	2.0212465	0	0	0	0	0	0	0	0	0	0	0	0	0	0	0
S(1,1)Entropy	3.6032401	0	0	0	0	0	0	0	0	0	0	0	0	0	0	0
S(1,1)DifVarnc	224.77063	0	0	0	0	0	0	0	0	0	0	0	0	0	0	0
S(1,1)DifEntrp	1.7241501	0	0	0	0	0	0	0	0	0	0	0	0	0	0	0
_Area_S(1,-1)	130050	0	0	0	0	0	0	0	0	0	0	0	0	0	0	0
S(1,-1)AngScMom	0.00025402113	0	0	0	0	0	0	0	0	0	0	0	0	0	0	0
S(1,-1)Contrast	675.77023	0	0	0	0	0	0	0	0	0	0	0	0	0	0	0
S(1,-1)Correlat	-0.0010088784	0	0	0	0	0	0	0	0	0	0	0	0	0	0	0
S(1,-1)SumOfSqs	337.54457	0	0	0	0	0	0	0	0	0	0	0	0	0	0	0
S(1,-1)InvDfMom	0.046618037	0	0	0	0	0	0	0	0	0	0	0	0	0	0	0
S(1,-1)SumAverg	66.453256	0	0	0	0	0	0	0	0	0	0	0	0	0	0	0
S(1,-1)SumVarnc	674.40806	0	0	0	0	0	0	0	0	0	0	0	0	0	0	0
S(1,-1)SumEntrp	2.0204469	0	0	0	0	0	0	0	0	0	0	0	0	0	0	0
S(1,-1)Entropy	3.6034855	0	0	0	0	0	0	0	0	0	0	0	0	0	0	0
S(1,-1)DifVarnc	225.92129	0	0	0	0	0	0	0	0	0	0	0	0	0	0	0
S(1,-1)DifEntrp	1.724905	0	0	0	0	0	0	0	0	0	0	0	0	0	0	0
_Area_S(2,0)	130048	0	0	0	0	0	0	0	0	0	0	0	0	0	0	0
S(2,0)AngScMom	0.00025477999	0	0	0	0	0	0	0	0	0	0	0	0	0	0	0
S(2,0)Contrast	665.96343	0	0	0	0	0	0	0	0	0	0	0	0	0	0	0
S(2,0)Correlat	0.014089646	0	0	0	0	0	0	0	0	0	0	0	0	0	0	0
S(2,0)SumOfSqs	337.74036	0	0	0	0	0	0	0	0	0	0	0	0	0	0	0
S(2,0)InvDfMom	0.048530461	0	0	0	0	0	0	0	0	0	0	0	0	0	0	0
S(2,0)SumAverg	66.441806	0	0	0	0	0	0	0	0	0	0	0	0	0	0	0
S(2,0)SumVarnc	684.998	0	0	0	0	0	0	0	0	0	0	0	0	0	0	0
S(2,0)SumEntrp	2.0237486	0	0	0	0	0	0	0	0	0	0	0	0	0	0	0
S(2,0)Entropy	3.6028525	0	0	0	0	0	0	0	0	0	0	0	0	0	0	0
S(2,0)DifVarnc	222.97565	0	0	0	0	0	0	0	0	0	0	0	0	0	0	0
S(2,0)DifEntrp	1.7224752	0	0	0	0	0	0	0	0	0	0	0	0	0	0	0
_Area_S(0,2)	130048	0	0	0	0	0	0	0	0	0	0	0	0	0	0	0
S(0,2)AngScMom	0.00025424582	0	0	0	0	0	0	0	0	0	0	0	0	0	0	0
S(0,2)Contrast	673.28113	0	0	0	0	0	0	0	0	0	0	0	0	0	0	0
S(0,2)Correlat	0.0020825194	0	0	0	0	0	0	0	0	0	0	0	0	0	0	0
S(0,2)SumOfSqs	337.34309	0	0	0	0	0	0	0	0	0	0	0	0	0	0	0
S(0,2)InvDfMom	0.046573741	0	0	0	0	0	0	0	0	0	0	0	0	0	0	0
S(0,2)SumAverg	66.458415	0	0	0	0	0	0	0	0	0	0	0	0	0	0	0
S(0,2)SumVarnc	676.09122	0	0	0	0	0	0	0	0	0	0	0	0	0	0	0
S(0,2)SumEntrp	2.0209251	0	0	0	0	0	0	0	0	0	0	0	0	0	0	0
S(0,2)Entropy	3.6033047	0	0	0	0	0	0	0	0	0	0	0	0	0	0	0
S(0,2)DifVarnc	225.31021	0	0	0	0	0	0	0	0	0	0	0	0	0	0	0
S(0,2)DifEntrp	1.7241816	0	0	0	0	0	0	0	0	0	0	0	0	0	0	0
_Area_S(2,2)	129032	0	0	0	0	0	0	0	0	0	0	0	0	0	0	0
S(2,2)AngScMom	0.00025459767	0	0	0	0	0	0	0	0	0	0	0	0	0	0	0
S(2,2)Contrast	678.92955	0	0	0	0	0	0	0	0	0	0	0	0	0	0	0
S(2,2)Correlat	-0.0061844771	0	0	0	0	0	0	0	0	0	0	0	0	0	0	0
S(2,2)SumOfSqs	337.37827	0	0	0	0	0	0	0	0	0	0	0	0	0	0	0
S(2,2)InvDfMom	0.046368268	0	0	0	0	0	0	0	0	0	0	0	0	0	0	0
S(2,2)SumAverg	66.459343	0	0	0	0	0	0	0	0	0	0	0	0	0	0	0
S(2,2)SumVarnc	670.58352	0	0	0	0	0	0	0	0	0	0	0	0	0	0	0
S(2,2)SumEntrp	2.0196704	0	0	0	0	0	0	0	0	0	0	0	0	0	0	0
S(2,2)Entropy	3.6030183	0	0	0	0	0	0	0	0	0	0	0	0	0	0	0
S(2,2)DifVarnc	225.02546	0	0	0	0	0	0	0	0	0	0	0	0	0	0	0
S(2,2)DifEntrp	1.725555	0	0	0	0	0	0	0	0	0	0	0	0	0	0	0
_Area_S(2,-2)	129032	0	0	0	0	0	0	0	0	0	0	0	0	0	0	0
S(2,-2)AngScMom	0.00025444138	0	0	0	0	0	0	0	0	0	0	0	0	0	0	0
S(2,-2)Contrast	676.00281	0	0	0	0	0	0	0	0	0	0	0	0	0	0	0
S(2,-2)Correlat	-0.0018801602	0	0	0	0	0	0	0	0	0	0	0	0	0	0	0
S(2,-2)SumOfSqs	337.3671	0	0	0	0	0	0	0	0	0	0	0	0	0	0	0
S(2,-2)InvDfMom	0.046777139	0	0	0	0	0	0	0	0	0	0	0	0	0	0	0
S(2,-2)SumAverg	66.458506	0	0	0	0	0	0	0	0	0	0	0	0	0	0	0
S(2,-2)SumVarnc	673.46559	0	0	0	0	0	0	0	0	0	0	0	0	0	0	0
S(2,-2)SumEntrp	2.0202372	0	0	0	0	0	0	0	0	0	0	0	0	0	0	0
S(2,-2)Entropy	3.6030923	0	0	0	0	0	0	0	0	0	0	0	0	0	0	0
S(2,-2)DifVarnc	226.72065	0	0	0	0	0	0	0	0	0	0	0	0	0	0	0
S(2,-2)DifEntrp	1.7247009	0	0	0	0	0	0	0	0	0	0	0	0	0	0	0
_Area_S(3,0)	129536	0	0	0	0	0	0	0	0	0	0	0	0	0	0	0
S(3,0)AngScMom	0.00025503721	0	0	0	0	0	0	0	0	0	0	0	0	0	0	0
S(3,0)Contrast	673.90895	0	0	0	0	0	0	0	0	0	0	0	0	0	0	0
S(3,0)Correlat	0.002404564	0	0	0	0	0	0	0	0	0	0	0	0	0	0	0
S(3,0)SumOfSqs	337.76666	0	0	0	0	0	0	0	0	0	0	0	0	0	0	0
S(3,0)InvDfMom	0.047050437	0	0	0	0	0	0	0	0	0	0	0	0	0	0	0
S(3,0)SumAverg	66.429765	0	0	0	0	0	0	0	0	0	0	0	0	0	0	0
S(3,0)SumVarnc	677.15768	0	0	0	0	0	0	0	0	0	0	0	0	0	0	0
S(3,0)SumEntrp	2.0217321	0	0	0	0	0	0	0	0	0	0	0	0	0	0	0
S(3,0)Entropy	3.6026293	0	0	0	0	0	0	0	0	0	0	0	0	0	0	0
S(3,0)DifVarnc	225.31213	0	0	0	0	0	0	0	0	0	0	0	0	0	0	0
S(3,0)DifEntrp	1.7244974	0	0	0	0	0	0	0	0	0	0	0	0	0	0	0
_Area_S(0,3)	129536	0	0	0	0	0	0	0	0	0	0	0	0	0	0	0
S(0,3)AngScMom	0.00025448618	0	0	0	0	0	0	0	0	0	0	0	0	0	0	0
S(0,3)Contrast	672.43159	0	0	0	0	0	0	0	0	0	0	0	0	0	0	0
S(0,3)Correlat	0.0031828091	0	0	0	0	0	0	0	0	0	0	0	0	0	0	0
S(0,3)SumOfSqs	337.28932	0	0	0	0	0	0	0	0	0	0	0	0	0	0	0
S(0,3)InvDfMom	0.047887265	0	0	0	0	0	0	0	0	0	0	0	0	0	0	0
S(0,3)SumAverg	66.44786	0	0	0	0	0	0	0	0	0	0	0	0	0	0	0
S(0,3)SumVarnc	676.7257	0	0	0	0	0	0	0	0	0	0	0	0	0	0	0
S(0,3)SumEntrp	2.0209203	0	0	0	0	0	0	0	0	0	0	0	0	0	0	0
S(0,3)Entropy	3.603065	0	0	0	0	0	0	0	0	0	0	0	0	0	0	0
S(0,3)DifVarnc	225.22024	0	0	0	0	0	0	0	0	0	0	0	0	0	0	0
S(0,3)DifEntrp	1.7239912	0	0	0	0	0	0	0	0	0	0	0	0	0	0	0
_Area_S(3,3)	128018	0	0	0	0	0	0	0	0	0	0	0	0	0	0	0
S(3,3)AngScMom	0.00025459221	0	0	0	0	0	0	0	0	0	0	0	0	0	0	0
S(3,3)Contrast	673.46836	0	0	0	0	0	0	0	0	0	0	0	0	0	0	0
S(3,3)Correlat	0.0018637757	0	0	0	0	0	0	0	0	0	0	0	0	0	0	0
S(3,3)SumOfSqs	337.36295	0	0	0	0	0	0	0	0	0	0	0	0	0	0	0
S(3,3)InvDfMom	0.046805791	0	0	0	0	0	0	0	0	0	0	0	0	0	0	0
S(3,3)SumAverg	66.437157	0	0	0	0	0	0	0	0	0	0	0	0	0	0	0
S(3,3)SumVarnc	675.98343	0	0	0	0	0	0	0	0	0	0	0	0	0	0	0
S(3,3)SumEntrp	2.0210743	0	0	0	0	0	0	0	0	0	0	0	0	0	0	0
S(3,3)Entropy	3.6029982	0	0	0	0	0	0	0	0	0	0	0	0	0	0	0
S(3,3)DifVarnc	224.75724	0	0	0	0	0	0	0	0	0	0	0	0	0	0	0
S(3,3)DifEntrp	1.7242158	0	0	0	0	0	0	0	0	0	0	0	0	0	0	0
_Area_S(3,-3)	128018	0	0	0	0	0	0	0	0	0	0	0	0	0	0	0
S(3,-3)AngScMom	0.0002547965	0	0	0	0	0	0	0	0	0	0	0	0	0	0	0
S(3,-3)Contrast	673.39335	0	0	0	0	0	0	0	0	0	0	0	0	0	0	0
S(3,-3)Correlat	0.0019419697	0	0	0	0	0	0	0	0	0	0	0	0	0	0	0
S(3,-3)SumOfSqs	337.3518	0	0	0	0	0	0	0	0	0	0	0	0	0	0	0
S(3,-3)InvDfMom	0.046872703	0	0	0	0	0	0	0	0	0	0	0	0	0	0	0
S(3,-3)SumAverg	66.43786	0	0	0	0	0	0	0	0	0	0	0	0	0	0	0
S(3,-3)SumVarnc	676.01386	0	0	0	0	0	0	0	0	0	0	0	0	0	0	0
S(3,-3)SumEntrp	2.0210239	0	0	0	0	0	0	0	0	0	0	0	0	0	0	0
S(3,-3)Entropy	3.6027935	0	0	0	0	0	0	0	0	0	0	0	0	0	0	0
S(3,-3)DifVarnc	224.33204	0	0	0	0	0	0	0	0	0	0	0	0	0	0	0
S(3,-3)DifEntrp	1.7244062	0	0	0	0	0	0	0	0	0	0	0	0	0	0	0
_Area_S(4,0)	129024	0	0	0	0	0	0	0	0	0	0	0	0	0	0	0
S(4,0)AngScMom	0.00025476079	0	0	0	0	0	0	0	0	0	0	0	0	0	0	0
S(4,0)Contrast	672.91164	0	0	0	0	0	0	0	0	0	0	0	0	0	0	0
S(4,0)Correlat	0.0036222047	0	0	0	0	0	0	0	0	0	0	0	0	0	0	0
S(4,0)SumOfSqs	337.67896	0	0	0	0	0	0	0	0	0	0	0	0	0	0	0
S(4,0)InvDfMom	0.04765549	0	0	0	0	0	0	0	0	0	0	0	0	0	0	0
S(4,0)SumAverg	66.426494	0	0	0	0	0	0	0	0	0	0	0	0	0	0	0
S(4,0)SumVarnc	677.80421	0	0	0	0	0	0	0	0	0	0	0	0	0	0	0
S(4,0)SumEntrp	2.0217434	0	0	0	0	0	0	0	0	0	0	0	0	0	0	0
S(4,0)Entropy	3.6029123	0	0	0	0	0	0	0	0	0	0	0	0	0	0	0
S(4,0)DifVarnc	225.71818	0	0	0	0	0	0	0	0	0	0	0	0	0	0	0
S(4,0)DifEntrp	1.7242095	0	0	0	0	0	0	0	0	0	0	0	0	0	0	0
_Area_S(0,4)	129024	0	0	0	0	0	0	0	0	0	0	0	0	0	0	0
S(0,4)AngScMom	0.00025463272	0	0	0	0	0	0	0	0	0	0	0	0	0	0	0
S(0,4)Contrast	672.85176	0	0	0	0	0	0	0	0	0	0	0	0	0	0	0
S(0,4)Correlat	0.0024712584	0	0	0	0	0	0	0	0	0	0	0	0	0	0	0
S(0,4)SumOfSqs	337.25934	0	0	0	0	0	0	0	0	0	0	0	0	0	0	0
S(0,4)InvDfMom	0.047724633	0	0	0	0	0	0	0	0	0	0	0	0	0	0	0
S(0,4)SumAverg	66.456582	0	0	0	0	0	0	0	0	0	0	0	0	0	0	0
S(0,4)SumVarnc	676.18558	0	0	0	0	0	0	0	0	0	0	0	0	0	0	0
S(0,4)SumEntrp	2.0212624	0	0	0	0	0	0	0	0	0	0	0	0	0	0	0
S(0,4)Entropy	3.6029551	0	0	0	0	0	0	0	0	0	0	0	0	0	0	0
S(0,4)DifVarnc	224.99262	0	0	0	0	0	0	0	0	0	0	0	0	0	0	0
S(0,4)DifEntrp	1.7244739	0	0	0	0	0	0	0	0	0	0	0	0	0	0	0
_Area_S(4,4)	127008	0	0	0	0	0	0	0	0	0	0	0	0	0	0	0
S(4,4)AngScMom	0.00025486689	0	0	0	0	0	0	0	0	0	0	0	0	0	0	0
S(4,4)Contrast	676.75146	0	0	0	0	0	0	0	0	0	0	0	0	0	0	0
S(4,4)Correlat	-0.0033332994	0	0	0	0	0	0	0	0	0	0	0	0	0	0	0
S(4,4)SumOfSqs	337.25157	0	0	0	0	0	0	0	0	0	0	0	0	0	0	0
S(4,4)InvDfMom	0.046330985	0	0	0	0	0	0	0	0	0	0	0	0	0	0	0
S(4,4)SumAverg	66.443358	0	0	0	0	0	0	0	0	0	0	0	0	0	0	0
S(4,4)SumVarnc	672.25482	0	0	0	0	0	0	0	0	0	0	0	0	0	0	0
S(4,4)SumEntrp	2.0200551	0	0	0	0	0	0	0	0	0	0	0	0	0	0	0
S(4,4)Entropy	3.6027499	0	0	0	0	0	0	0	0	0	0	0	0	0	0	0
S(4,4)DifVarnc	224.95804	0	0	0	0	0	0	0	0	0	0	0	0	0	0	0
S(4,4)DifEntrp	1.7249963	0	0	0	0	0	0	0	0	0	0	0	0	0	0	0
_Area_S(4,-4)	127008	0	0	0	0	0	0	0	0	0	0	0	0	0	0	0
S(4,-4)AngScMom	0.00025491215	0	0	0	0	0	0	0	0	0	0	0	0	0	0	0
S(4,-4)Contrast	675.12404	0	0	0	0	0	0	0	0	0	0	0	0	0	0	0
S(4,-4)Correlat	-0.00093527498	0	0	0	0	0	0	0	0	0	0	0	0	0	0	0
S(4,-4)SumOfSqs	337.2466	0	0	0	0	0	0	0	0	0	0	0	0	0	0	0
S(4,-4)InvDfMom	0.046358284	0	0	0	0	0	0	0	0	0	0	0	0	0	0	0
S(4,-4)SumAverg	66.441909	0	0	0	0	0	0	0	0	0	0	0	0	0	0	0
S(4,-4)SumVarnc	673.86237	0	0	0	0	0	0	0	0	0	0	0	0	0	0	0
S(4,-4)SumEntrp	2.0202184	0	0	0	0	0	0	0	0	0	0	0	0	0	0	0
S(4,-4)Entropy	3.6026999	0	0	0	0	0	0	0	0	0	0	0	0	0	0	0
S(4,-4)DifVarnc	225.54769	0	0	0	0	0	0	0	0	0	0	0	0	0	0	0
S(4,-4)DifEntrp	1.7249323	0	0	0	0	0	0	0	0	0	0	0	0	0	0	0
_Area_S(5,0)	128512	0	0	0	0	0	0	0	0	0	0	0	0	0	0	0
S(5,0)AngScMom	0.00025481131	0	0	0	0	0	0	0	0	0	0	0	0	0	0	0
S(5,0)Contrast	670.35046	0	0	0	0	0	0	0	0	0	0	0	0	0	0	0
S(5,0)Correlat	0.0074791856	0	0	0	0	0	0	0	0	0	0	0	0	0	0	0
S(5,0)SumOfSqs	337.70096	0	0	0	0	0	0	0	0	0	0	0	0	0	0	0
S(5,0)InvDfMom	0.046916385	0	0	0	0	0	0	0	0	0	0	0	0	0	0	0
S(5,0)SumAverg	66.431415	0	0	0	0	0	0	0	0	0	0	0	0	0	0	0
S(5,0)SumVarnc	680.45337	0	0	0	0	0	0	0	0	0	0	0	0	0	0	0
S(5,0)SumEntrp	2.0223297	0	0	0	0	0	0	0	0	0	0	0	0	0	0	0
S(5,0)Entropy	3.6028515	0	0	0	0	0	0	0	0	0	0	0	0	0	0	0
S(5,0)DifVarnc	223.90399	0	0	0	0	0	0	0	0	0	0	0	0	0	0	0
S(5,0)DifEntrp	1.7232758	0	0	0	0	0	0	0	0	0	0	0	0	0	0	0
_Area_S(0,5)	128512	0	0	0	0	0	0	0	0	0	0	0	0	0	0	0
S(0,5)AngScMom	0.00025437293	0	0	0	0	0	0	0	0	0	0	0	0	0	0	0
S(0,5)Contrast	669.42665	0	0	0	0	0	0	0	0	0	0	0	0	0	0	0
S(0,5)Correlat	0.0072816574	0	0	0	0	0	0	0	0	0	0	0	0	0	0	0
S(0,5)SumOfSqs	337.16847	0	0	0	0	0	0	0	0	0	0	0	0	0	0	0
S(0,5)InvDfMom	0.048057537	0	0	0	0	0	0	0	0	0	0	0	0	0	0	0
S(0,5)SumAverg	66.45756	0	0	0	0	0	0	0	0	0	0	0	0	0	0	0
S(0,5)SumVarnc	679.24723	0	0	0	0	0	0	0	0	0	0	0	0	0	0	0
S(0,5)SumEntrp	2.0221225	0	0	0	0	0	0	0	0	0	0	0	0	0	0	0
S(0,5)Entropy	3.6031731	0	0	0	0	0	0	0	0	0	0	0	0	0	0	0
S(0,5)DifVarnc	224.10539	0	0	0	0	0	0	0	0	0	0	0	0	0	0	0
S(0,5)DifEntrp	1.7232225	0	0	0	0	0	0	0	0	0	0	0	0	0	0	0
_Area_S(5,5)	126002	0	0	0	0	0	0	0	0	0	0	0	0	0	0	0
S(5,5)AngScMom	0.00025484704	0	0	0	0	0	0	0	0	0	0	0	0	0	0	0
S(5,5)Contrast	678.50593	0	0	0	0	0	0	0	0	0	0	0	0	0	0	0
S(5,5)Correlat	-0.0061555858	0	0	0	0	0	0	0	0	0	0	0	0	0	0	0
S(5,5)SumOfSqs	337.17744	0	0	0	0	0	0	0	0	0	0	0	0	0	0	0
S(5,5)InvDfMom	0.047022891	0	0	0	0	0	0	0	0	0	0	0	0	0	0	0
S(5,5)SumAverg	66.449485	0	0	0	0	0	0	0	0	0	0	0	0	0	0	0
S(5,5)SumVarnc	670.20383	0	0	0	0	0	0	0	0	0	0	0	0	0	0	0
S(5,5)SumEntrp	2.0193844	0	0	0	0	0	0	0	0	0	0	0	0	0	0	0
S(5,5)Entropy	3.602789	0	0	0	0	0	0	0	0	0	0	0	0	0	0	0
S(5,5)DifVarnc	226.20732	0	0	0	0	0	0	0	0	0	0	0	0	0	0	0
S(5,5)DifEntrp	1.7256734	0	0	0	0	0	0	0	0	0	0	0	0	0	0	0
_Area_S(5,-5)	126002	0	0	0	0	0	0	0	0	0	0	0	0	0	0	0
S(5,-5)AngScMom	0.0002547489	0	0	0	0	0	0	0	0	0	0	0	0	0	0	0
S(5,-5)Contrast	672.07952	0	0	0	0	0	0	0	0	0	0	0	0	0	0	0
S(5,-5)Correlat	0.0033480794	0	0	0	0	0	0	0	0	0	0	0	0	0	0	0
S(5,-5)SumOfSqs	337.16863	0	0	0	0	0	0	0	0	0	0	0	0	0	0	0
S(5,-5)InvDfMom	0.046453665	0	0	0	0	0	0	0	0	0	0	0	0	0	0	0
S(5,-5)SumAverg	66.449421	0	0	0	0	0	0	0	0	0	0	0	0	0	0	0
S(5,-5)SumVarnc	676.59499	0	0	0	0	0	0	0	0	0	0	0	0	0	0	0
S(5,-5)SumEntrp	2.021331	0	0	0	0	0	0	0	0	0	0	0	0	0	0	0
S(5,-5)Entropy	3.6028095	0	0	0	0	0	0	0	0	0	0	0	0	0	0	0
S(5,-5)DifVarnc	223.64927	0	0	0	0	0	0	0	0	0	0	0	0	0	0	0
S(5,-5)DifEntrp	1.7238118	0	0	0	0	0	0	0	0	0	0	0	0	0	0	0
Horzl_RLNonUni	62192.806	0	0	0	0	0	0	0	0	0	0	0	0	0	0	0
Horzl_GLevNonU	1011.3939	0	0	0	0	0	0	0	0	0	0	0	0	0	0	0
Horzl_LngREmph	1.0544348	0	0	0	0	0	0	0	0	0	0	0	0	0	0	0
Horzl_ShrtREmp	0.98692733	0	0	0	0	0	0	0	0	0	0	0	0	0	0	0
Horzl_Fraction	0.98249817	0	0	0	0	0	0	0	0	0	0	0	0	0	0	0
Vertl_RLNonUni	62499.543	0	0	0	0	0	0	0	0	0	0	0	0	0	0	0
Vertl_GLevNonU	1013.2719	0	0	0	0	0	0	0	0	0	0	0	0	0	0	0
Vertl_LngREmph	1.0486186	0	0	0	0	0	0	0	0	0	0	0	0	0	0	0
Vertl_ShrtREmp	0.98813818	0	0	0	0	0	0	0	0	0	0	0	0	0	0	0
Vertl_Fraction	0.98422241	0	0	0	0	0	0	0	0	0	0	0	0	0	0	0
45dgr_RLNonUni	62645.588	0	0	0	0	0	0	0	0	0	0	0	0	0	0	0
45dgr_GLevNonU	1014.0606	0	0	0	0	0	0	0	0	0	0	0	0	0	0	0
45dgr_LngREmph	1.0461481	0	0	0	0	0	0	0	0	0	0	0	0	0	0	0
45dgr_ShrtREmp	0.98872115	0	0	0	0	0	0	0	0	0	0	0	0	0	0	0
45dgr_Fraction	0.98500061	0	0	0	0	0	0	0	0	0	0	0	0	0	0	0
135dr_RLNonUni	62579.014	0	0	0	0	0	0	0	0	0	0	0	0	0	0	0
135dr_GLevNonU	1013.6945	0	0	0	0	0	0	0	0	0	0	0	0	0	0	0
135dr_LngREmph	1.0471556	0	0	0	0	0	0	0	0	0	0	0	0	0	0	0
135dr_ShrtREmp	0.98845215	0	0	0	0	0	0	0	0	0	0	0	0	0	0	0
135dr_Fraction	0.98466492	0	0	0	0	0	0	0	0	0	0	0	0	0	0	0
_AreaGr	64516	0	0	0	0	0	0	0	0	0	0	0	0	0	0	0
GrMean	8.2461479	0	0	0	0	0	0	0	0	0	0	0	0	0	0	0
GrVariance	15.506563	0	0	0	0	0	0	0	0	0	0	0	0	0	0	0
GrSkewness	0.19426843	0	0	0	0	0	0	0	0	0	0	0	0	0	0	0
GrKurtosis	-0.65596707	0	0	0	0	0	0	0	0	0	0	0	0	0	0	0
GrNonZeros	0.99634199	0	0	0	0	0	0	0	0	0	0	0	0	0	0	0
_AreaARM	64770	0	0	0	0	0	0	0	0	0	0	0	0	0	0	0
Teta1	0.016020765	0	0	0	0	0	0	0	0	0	0	0	0	0	0	0
Teta2	-0.0011945227	0	0	0	0	0	0	0	0	0	0	0	0	0	0	0
Teta3	0.0019521796	0	0	0	0	0	0	0	0	0	0	0	0	0	0	0
Teta4	0.0031669462	0	0	0	0	0	0	0	0	0	0	0	0	0	0	0
Sigma	0.99935727	0	0	0	0	0	0	0	0	0	0	0	0	0	0	0
WavEnLL_s-1	18390.69	0	0	0	0	0	0	0	0	0	0	0	0	0	0	0
WavEnLH_s-1	1377.1066	0	0	0	0	0	0	0	0	0	0	0	0	0	0	0
WavEnHL_s-1	1330.3976	0	0	0	0	0	0	0	0	0	0	0	0	0	0	0
WavEnHH_s-1	1315.5608	0	0	0	0	0	0	0	0	0	0	0	0	0	0	0
WavEnLL_s-2	17363.636	0	0	0	0	0	0	0	0	0	0	0	0	0	0	0
WavEnLH_s-2	352.49574	0	0	0	0	0	0	0	0	0	0	0	0	0	0	0
WavEnHL_s-2	342.52292	0	0	0	0	0	0	0	0	0	0	0	0	0	0	0
WavEnHH_s-2	332.03517	0	0	0	0	0	0	0	0	0	0	0	0	0	0	0
WavEnLL_s-3	17096.016	0	0	0	0	0	0	0	0	0	0	0	0	0	0	0
WavEnLH_s-3	95.554561	0	0	0	0	0	0	0	0	0	0	0	0	0	0	0
WavEnHL_s-3	81.010839	0	0	0	0	0	0	0	0	0	0	0	0	0	0	0
WavEnHH_s-3	91.054736	0	0	0	0	0	0	0	0	0	0	0	0	0	0	0
WavEnLL_s-4	17031.724	0	0	0	0	0	0	0	0	0	0	0	0	0	0	0
WavEnLH_s-4	20.450048	0	0	0	0	0	0	0	0	0	0	0	0	0	0	0
WavEnHL_s-4	23.730931	0	0	0	0	0	0	0	0	0	0	0	0	0	0	0
WavEnHH_s-4	20.111448	0	0	0	0	0	0	0	0	0	0	0	0	0	0	0
