Image File: canvas1-a-p001.png 
ROI File: allred.roi 
Image size: 256 x 256
Min. lum.: 1
Max. lum.: 256
Bits/pixel: 8

Normalisation =  No
Histogram analysis = Yes
CO matrix analysis = Yes, Dimensions = 6 x 6, Distances = 1 2 3 4 5
RL matrix analysis = Yes, Dimension = 6
Gradient analysis = Yes, Max pixel value = 16
AR model analysis = Yes
Wavelet analysis = Yes

--------------- CLASS NAMES ----------------

----------------- FEATURES -----------------
_Area	65536	0	0	0	0	0	0	0	0	0	0	0	0	0	0	0
Mean	130.74469	0	0	0	0	0	0	0	0	0	0	0	0	0	0	0
Variance	5377.8164	0	0	0	0	0	0	0	0	0	0	0	0	0	0	0
Skewness	-0.025150421	0	0	0	0	0	0	0	0	0	0	0	0	0	0	0
Kurtosis	-1.1875035	0	0	0	0	0	0	0	0	0	0	0	0	0	0	0
Perc.01%	4	0	0	0	0	0	0	0	0	0	0	0	0	0	0	0
Perc.10%	29	0	0	0	0	0	0	0	0	0	0	0	0	0	0	0
Perc.50%	131	0	0	0	0	0	0	0	0	0	0	0	0	0	0	0
Perc.90%	232	0	0	0	0	0	0	0	0	0	0	0	0	0	0	0
Perc.99%	254	0	0	0	0	0	0	0	0	0	0	0	0	0	0	0
_Area_S(1,0)	130560	0	0	0	0	0	0	0	0	0	0	0	0	0	0	0
S(1,0)AngScMom	0.00025467758	0	0	0	0	0	0	0	0	0	0	0	0	0	0	0
S(1,0)Contrast	657.05899	0	0	0	0	0	0	0	0	0	0	0	0	0	0	0
S(1,0)Correlat	0.021965788	0	0	0	0	0	0	0	0	0	0	0	0	0	0	0
S(1,0)SumOfSqs	335.90798	0	0	0	0	0	0	0	0	0	0	0	0	0	0	0
S(1,0)InvDfMom	0.04957597	0	0	0	0	0	0	0	0	0	0	0	0	0	0	0
S(1,0)SumAverg	66.104611	0	0	0	0	0	0	0	0	0	0	0	0	0	0	0
S(1,0)SumVarnc	686.57293	0	0	0	0	0	0	0	0	0	0	0	0	0	0	0
S(1,0)SumEntrp	2.0241689	0	0	0	0	0	0	0	0	0	0	0	0	0	0	0
S(1,0)Entropy	3.6030817	0	0	0	0	0	0	0	0	0	0	0	0	0	0	0
S(1,0)DifVarnc	221.47434	0	0	0	0	0	0	0	0	0	0	0	0	0	0	0
S(1,0)DifEntrp	1.7200709	0	0	0	0	0	0	0	0	0	0	0	0	0	0	0
_Area_S(0,1)	130560	0	0	0	0	0	0	0	0	0	0	0	0	0	0	0
S(0,1)AngScMom	0.00025375079	0	0	0	0	0	0	0	0	0	0	0	0	0	0	0
S(0,1)Contrast	670.0131	0	0	0	0	0	0	0	0	0	0	0	0	0	0	0
S(0,1)Correlat	0.0021138909	0	0	0	0	0	0	0	0	0	0	0	0	0	0	0
S(0,1)SumOfSqs	335.71622	0	0	0	0	0	0	0	0	0	0	0	0	0	0	0
S(0,1)InvDfMom	0.047191504	0	0	0	0	0	0	0	0	0	0	0	0	0	0	0
S(0,1)SumAverg	66.110953	0	0	0	0	0	0	0	0	0	0	0	0	0	0	0
S(0,1)SumVarnc	672.85177	0	0	0	0	0	0	0	0	0	0	0	0	0	0	0
S(0,1)SumEntrp	2.0200581	0	0	0	0	0	0	0	0	0	0	0	0	0	0	0
S(0,1)Entropy	3.6037749	0	0	0	0	0	0	0	0	0	0	0	0	0	0	0
S(0,1)DifVarnc	224.49598	0	0	0	0	0	0	0	0	0	0	0	0	0	0	0
S(0,1)DifEntrp	1.7234393	0	0	0	0	0	0	0	0	0	0	0	0	0	0	0
_Area_S(1,1)	130050	0	0	0	0	0	0	0	0	0	0	0	0	0	0	0
S(1,1)AngScMom	0.00025335821	0	0	0	0	0	0	0	0	0	0	0	0	0	0	0
S(1,1)Contrast	670.31157	0	0	0	0	0	0	0	0	0	0	0	0	0	0	0
S(1,1)Correlat	0.0016167544	0	0	0	0	0	0	0	0	0	0	0	0	0	0	0
S(1,1)SumOfSqs	335.69853	0	0	0	0	0	0	0	0	0	0	0	0	0	0	0
S(1,1)InvDfMom	0.04644993	0	0	0	0	0	0	0	0	0	0	0	0	0	0	0
S(1,1)SumAverg	66.105867	0	0	0	0	0	0	0	0	0	0	0	0	0	0	0
S(1,1)SumVarnc	672.48254	0	0	0	0	0	0	0	0	0	0	0	0	0	0	0
S(1,1)SumEntrp	2.0199872	0	0	0	0	0	0	0	0	0	0	0	0	0	0	0
S(1,1)Entropy	3.6040922	0	0	0	0	0	0	0	0	0	0	0	0	0	0	0
S(1,1)DifVarnc	224.23249	0	0	0	0	0	0	0	0	0	0	0	0	0	0	0
S(1,1)DifEntrp	1.7233432	0	0	0	0	0	0	0	0	0	0	0	0	0	0	0
_Area_S(1,-1)	130050	0	0	0	0	0	0	0	0	0	0	0	0	0	0	0
S(1,-1)AngScMom	0.00025359826	0	0	0	0	0	0	0	0	0	0	0	0	0	0	0
S(1,-1)Contrast	666.7178	0	0	0	0	0	0	0	0	0	0	0	0	0	0	0
S(1,-1)Correlat	0.0069837697	0	0	0	0	0	0	0	0	0	0	0	0	0	0	0
S(1,-1)SumOfSqs	335.70338	0	0	0	0	0	0	0	0	0	0	0	0	0	0	0
S(1,-1)InvDfMom	0.04665909	0	0	0	0	0	0	0	0	0	0	0	0	0	0	0
S(1,-1)SumAverg	66.105667	0	0	0	0	0	0	0	0	0	0	0	0	0	0	0
S(1,-1)SumVarnc	676.0957	0	0	0	0	0	0	0	0	0	0	0	0	0	0	0
S(1,-1)SumEntrp	2.0208774	0	0	0	0	0	0	0	0	0	0	0	0	0	0	0
S(1,-1)Entropy	3.6038594	0	0	0	0	0	0	0	0	0	0	0	0	0	0	0
S(1,-1)DifVarnc	222.60812	0	0	0	0	0	0	0	0	0	0	0	0	0	0	0
S(1,-1)DifEntrp	1.7220513	0	0	0	0	0	0	0	0	0	0	0	0	0	0	0
_Area_S(2,0)	130048	0	0	0	0	0	0	0	0	0	0	0	0	0	0	0
S(2,0)AngScMom	0.00025344097	0	0	0	0	0	0	0	0	0	0	0	0	0	0	0
S(2,0)Contrast	674.92916	0	0	0	0	0	0	0	0	0	0	0	0	0	0	0
S(2,0)Correlat	-0.0046352803	0	0	0	0	0	0	0	0	0	0	0	0	0	0	0
S(2,0)SumOfSqs	335.90756	0	0	0	0	0	0	0	0	0	0	0	0	0	0	0
S(2,0)InvDfMom	0.047328748	0	0	0	0	0	0	0	0	0	0	0	0	0	0	0
S(2,0)SumAverg	66.10553	0	0	0	0	0	0	0	0	0	0	0	0	0	0	0
S(2,0)SumVarnc	668.70106	0	0	0	0	0	0	0	0	0	0	0	0	0	0	0
S(2,0)SumEntrp	2.0191639	0	0	0	0	0	0	0	0	0	0	0	0	0	0	0
S(2,0)Entropy	3.6040468	0	0	0	0	0	0	0	0	0	0	0	0	0	0	0
S(2,0)DifVarnc	224.26035	0	0	0	0	0	0	0	0	0	0	0	0	0	0	0
S(2,0)DifEntrp	1.7245574	0	0	0	0	0	0	0	0	0	0	0	0	0	0	0
_Area_S(0,2)	130048	0	0	0	0	0	0	0	0	0	0	0	0	0	0	0
S(0,2)AngScMom	0.00025297079	0	0	0	0	0	0	0	0	0	0	0	0	0	0	0
S(0,2)Contrast	671.09844	0	0	0	0	0	0	0	0	0	0	0	0	0	0	0
S(0,2)Correlat	0.00047626169	0	0	0	0	0	0	0	0	0	0	0	0	0	0	0
S(0,2)SumOfSqs	335.70911	0	0	0	0	0	0	0	0	0	0	0	0	0	0	0
S(0,2)InvDfMom	0.046961396	0	0	0	0	0	0	0	0	0	0	0	0	0	0	0
S(0,2)SumAverg	66.102747	0	0	0	0	0	0	0	0	0	0	0	0	0	0	0
S(0,2)SumVarnc	671.73798	0	0	0	0	0	0	0	0	0	0	0	0	0	0	0
S(0,2)SumEntrp	2.0197734	0	0	0	0	0	0	0	0	0	0	0	0	0	0	0
S(0,2)Entropy	3.6044709	0	0	0	0	0	0	0	0	0	0	0	0	0	0	0
S(0,2)DifVarnc	224.43312	0	0	0	0	0	0	0	0	0	0	0	0	0	0	0
S(0,2)DifEntrp	1.7236653	0	0	0	0	0	0	0	0	0	0	0	0	0	0	0
_Area_S(2,2)	129032	0	0	0	0	0	0	0	0	0	0	0	0	0	0	0
S(2,2)AngScMom	0.00025332302	0	0	0	0	0	0	0	0	0	0	0	0	0	0	0
S(2,2)Contrast	669.2965	0	0	0	0	0	0	0	0	0	0	0	0	0	0	0
S(2,2)Correlat	0.003104795	0	0	0	0	0	0	0	0	0	0	0	0	0	0	0
S(2,2)SumOfSqs	335.6905	0	0	0	0	0	0	0	0	0	0	0	0	0	0	0
S(2,2)InvDfMom	0.047514887	0	0	0	0	0	0	0	0	0	0	0	0	0	0	0
S(2,2)SumAverg	66.09872	0	0	0	0	0	0	0	0	0	0	0	0	0	0	0
S(2,2)SumVarnc	673.4655	0	0	0	0	0	0	0	0	0	0	0	0	0	0	0
S(2,2)SumEntrp	2.0202452	0	0	0	0	0	0	0	0	0	0	0	0	0	0	0
S(2,2)Entropy	3.6041481	0	0	0	0	0	0	0	0	0	0	0	0	0	0	0
S(2,2)DifVarnc	224.20593	0	0	0	0	0	0	0	0	0	0	0	0	0	0	0
S(2,2)DifEntrp	1.7231865	0	0	0	0	0	0	0	0	0	0	0	0	0	0	0
_Area_S(2,-2)	129032	0	0	0	0	0	0	0	0	0	0	0	0	0	0	0
S(2,-2)AngScMom	0.00025374778	0	0	0	0	0	0	0	0	0	0	0	0	0	0	0
S(2,-2)Contrast	673.91768	0	0	0	0	0	0	0	0	0	0	0	0	0	0	0
S(2,-2)Correlat	-0.0037342229	0	0	0	0	0	0	0	0	0	0	0	0	0	0	0
S(2,-2)SumOfSqs	335.70524	0	0	0	0	0	0	0	0	0	0	0	0	0	0	0
S(2,-2)InvDfMom	0.0479892	0	0	0	0	0	0	0	0	0	0	0	0	0	0	0
S(2,-2)SumAverg	66.097759	0	0	0	0	0	0	0	0	0	0	0	0	0	0	0
S(2,-2)SumVarnc	668.90329	0	0	0	0	0	0	0	0	0	0	0	0	0	0	0
S(2,-2)SumEntrp	2.0191126	0	0	0	0	0	0	0	0	0	0	0	0	0	0	0
S(2,-2)Entropy	3.6037755	0	0	0	0	0	0	0	0	0	0	0	0	0	0	0
S(2,-2)DifVarnc	225.07961	0	0	0	0	0	0	0	0	0	0	0	0	0	0	0
S(2,-2)DifEntrp	1.7244335	0	0	0	0	0	0	0	0	0	0	0	0	0	0	0
_Area_S(3,0)	129536	0	0	0	0	0	0	0	0	0	0	0	0	0	0	0
S(3,0)AngScMom	0.00025339235	0	0	0	0	0	0	0	0	0	0	0	0	0	0	0
S(3,0)Contrast	676.45334	0	0	0	0	0	0	0	0	0	0	0	0	0	0	0
S(3,0)Correlat	-0.0066876201	0	0	0	0	0	0	0	0	0	0	0	0	0	0	0
S(3,0)SumOfSqs	335.97977	0	0	0	0	0	0	0	0	0	0	0	0	0	0	0
S(3,0)InvDfMom	0.047465734	0	0	0	0	0	0	0	0	0	0	0	0	0	0	0
S(3,0)SumAverg	66.114841	0	0	0	0	0	0	0	0	0	0	0	0	0	0	0
S(3,0)SumVarnc	667.46572	0	0	0	0	0	0	0	0	0	0	0	0	0	0	0
S(3,0)SumEntrp	2.0188554	0	0	0	0	0	0	0	0	0	0	0	0	0	0	0
S(3,0)Entropy	3.604098	0	0	0	0	0	0	0	0	0	0	0	0	0	0	0
S(3,0)DifVarnc	226.33723	0	0	0	0	0	0	0	0	0	0	0	0	0	0	0
S(3,0)DifEntrp	1.7250296	0	0	0	0	0	0	0	0	0	0	0	0	0	0	0
_Area_S(0,3)	129536	0	0	0	0	0	0	0	0	0	0	0	0	0	0	0
S(0,3)AngScMom	0.0002538038	0	0	0	0	0	0	0	0	0	0	0	0	0	0	0
S(0,3)Contrast	672.19559	0	0	0	0	0	0	0	0	0	0	0	0	0	0	0
S(0,3)Correlat	-0.0015859094	0	0	0	0	0	0	0	0	0	0	0	0	0	0	0
S(0,3)SumOfSqs	335.56562	0	0	0	0	0	0	0	0	0	0	0	0	0	0	0
S(0,3)InvDfMom	0.046958599	0	0	0	0	0	0	0	0	0	0	0	0	0	0	0
S(0,3)SumAverg	66.101562	0	0	0	0	0	0	0	0	0	0	0	0	0	0	0
S(0,3)SumVarnc	670.06688	0	0	0	0	0	0	0	0	0	0	0	0	0	0	0
S(0,3)SumEntrp	2.0191354	0	0	0	0	0	0	0	0	0	0	0	0	0	0	0
S(0,3)Entropy	3.60373	0	0	0	0	0	0	0	0	0	0	0	0	0	0	0
S(0,3)DifVarnc	223.57457	0	0	0	0	0	0	0	0	0	0	0	0	0	0	0
S(0,3)DifEntrp	1.724101	0	0	0	0	0	0	0	0	0	0	0	0	0	0	0
_Area_S(3,3)	128018	0	0	0	0	0	0	0	0	0	0	0	0	0	0	0
S(3,3)AngScMom	0.00025353965	0	0	0	0	0	0	0	0	0	0	0	0	0	0	0
S(3,3)Contrast	671.50638	0	0	0	0	0	0	0	0	0	0	0	0	0	0	0
S(3,3)Correlat	-0.00042224658	0	0	0	0	0	0	0	0	0	0	0	0	0	0	0
S(3,3)SumOfSqs	335.61148	0	0	0	0	0	0	0	0	0	0	0	0	0	0	0
S(3,3)InvDfMom	0.046807391	0	0	0	0	0	0	0	0	0	0	0	0	0	0	0
S(3,3)SumAverg	66.107454	0	0	0	0	0	0	0	0	0	0	0	0	0	0	0
S(3,3)SumVarnc	670.93954	0	0	0	0	0	0	0	0	0	0	0	0	0	0	0
S(3,3)SumEntrp	2.0197056	0	0	0	0	0	0	0	0	0	0	0	0	0	0	0
S(3,3)Entropy	3.6040078	0	0	0	0	0	0	0	0	0	0	0	0	0	0	0
S(3,3)DifVarnc	224.51712	0	0	0	0	0	0	0	0	0	0	0	0	0	0	0
S(3,3)DifEntrp	1.7234794	0	0	0	0	0	0	0	0	0	0	0	0	0	0	0
_Area_S(3,-3)	128018	0	0	0	0	0	0	0	0	0	0	0	0	0	0	0
S(3,-3)AngScMom	0.00025360067	0	0	0	0	0	0	0	0	0	0	0	0	0	0	0
S(3,-3)Contrast	668.79886	0	0	0	0	0	0	0	0	0	0	0	0	0	0	0
S(3,-3)Correlat	0.0036596255	0	0	0	0	0	0	0	0	0	0	0	0	0	0	0
S(3,-3)SumOfSqs	335.6277	0	0	0	0	0	0	0	0	0	0	0	0	0	0	0
S(3,-3)InvDfMom	0.04758304	0	0	0	0	0	0	0	0	0	0	0	0	0	0	0
S(3,-3)SumAverg	66.106516	0	0	0	0	0	0	0	0	0	0	0	0	0	0	0
S(3,-3)SumVarnc	673.71194	0	0	0	0	0	0	0	0	0	0	0	0	0	0	0
S(3,-3)SumEntrp	2.0203491	0	0	0	0	0	0	0	0	0	0	0	0	0	0	0
S(3,-3)Entropy	3.6038961	0	0	0	0	0	0	0	0	0	0	0	0	0	0	0
S(3,-3)DifVarnc	223.33163	0	0	0	0	0	0	0	0	0	0	0	0	0	0	0
S(3,-3)DifEntrp	1.7228931	0	0	0	0	0	0	0	0	0	0	0	0	0	0	0
_Area_S(4,0)	129024	0	0	0	0	0	0	0	0	0	0	0	0	0	0	0
S(4,0)AngScMom	0.00025347325	0	0	0	0	0	0	0	0	0	0	0	0	0	0	0
S(4,0)Contrast	667.95139	0	0	0	0	0	0	0	0	0	0	0	0	0	0	0
S(4,0)Correlat	0.0059016623	0	0	0	0	0	0	0	0	0	0	0	0	0	0	0
S(4,0)SumOfSqs	335.95841	0	0	0	0	0	0	0	0	0	0	0	0	0	0	0
S(4,0)InvDfMom	0.047151661	0	0	0	0	0	0	0	0	0	0	0	0	0	0	0
S(4,0)SumAverg	66.102431	0	0	0	0	0	0	0	0	0	0	0	0	0	0	0
S(4,0)SumVarnc	675.88224	0	0	0	0	0	0	0	0	0	0	0	0	0	0	0
S(4,0)SumEntrp	2.0211425	0	0	0	0	0	0	0	0	0	0	0	0	0	0	0
S(4,0)Entropy	3.6040394	0	0	0	0	0	0	0	0	0	0	0	0	0	0	0
S(4,0)DifVarnc	222.49618	0	0	0	0	0	0	0	0	0	0	0	0	0	0	0
S(4,0)DifEntrp	1.7225887	0	0	0	0	0	0	0	0	0	0	0	0	0	0	0
_Area_S(0,4)	129024	0	0	0	0	0	0	0	0	0	0	0	0	0	0	0
S(0,4)AngScMom	0.00025311775	0	0	0	0	0	0	0	0	0	0	0	0	0	0	0
S(0,4)Contrast	673.98307	0	0	0	0	0	0	0	0	0	0	0	0	0	0	0
S(0,4)Correlat	-0.0044560978	0	0	0	0	0	0	0	0	0	0	0	0	0	0	0
S(0,4)SumOfSqs	335.49653	0	0	0	0	0	0	0	0	0	0	0	0	0	0	0
S(0,4)InvDfMom	0.048097582	0	0	0	0	0	0	0	0	0	0	0	0	0	0	0
S(0,4)SumAverg	66.11046	0	0	0	0	0	0	0	0	0	0	0	0	0	0	0
S(0,4)SumVarnc	668.00305	0	0	0	0	0	0	0	0	0	0	0	0	0	0	0
S(0,4)SumEntrp	2.0189443	0	0	0	0	0	0	0	0	0	0	0	0	0	0	0
S(0,4)Entropy	3.6043643	0	0	0	0	0	0	0	0	0	0	0	0	0	0	0
S(0,4)DifVarnc	225.47351	0	0	0	0	0	0	0	0	0	0	0	0	0	0	0
S(0,4)DifEntrp	1.7242103	0	0	0	0	0	0	0	0	0	0	0	0	0	0	0
_Area_S(4,4)	127008	0	0	0	0	0	0	0	0	0	0	0	0	0	0	0
S(4,4)AngScMom	0.00025376963	0	0	0	0	0	0	0	0	0	0	0	0	0	0	0
S(4,4)Contrast	668.12302	0	0	0	0	0	0	0	0	0	0	0	0	0	0	0
S(4,4)Correlat	0.0043537836	0	0	0	0	0	0	0	0	0	0	0	0	0	0	0
S(4,4)SumOfSqs	335.5223	0	0	0	0	0	0	0	0	0	0	0	0	0	0	0
S(4,4)InvDfMom	0.047394855	0	0	0	0	0	0	0	0	0	0	0	0	0	0	0
S(4,4)SumAverg	66.103143	0	0	0	0	0	0	0	0	0	0	0	0	0	0	0
S(4,4)SumVarnc	673.96618	0	0	0	0	0	0	0	0	0	0	0	0	0	0	0
S(4,4)SumEntrp	2.0205659	0	0	0	0	0	0	0	0	0	0	0	0	0	0	0
S(4,4)Entropy	3.6037713	0	0	0	0	0	0	0	0	0	0	0	0	0	0	0
S(4,4)DifVarnc	222.84949	0	0	0	0	0	0	0	0	0	0	0	0	0	0	0
S(4,4)DifEntrp	1.7226809	0	0	0	0	0	0	0	0	0	0	0	0	0	0	0
_Area_S(4,-4)	127008	0	0	0	0	0	0	0	0	0	0	0	0	0	0	0
S(4,-4)AngScMom	0.00025351856	0	0	0	0	0	0	0	0	0	0	0	0	0	0	0
S(4,-4)Contrast	671.12709	0	0	0	0	0	0	0	0	0	0	0	0	0	0	0
S(4,-4)Correlat	-7.3643249e-05	0	0	0	0	0	0	0	0	0	0	0	0	0	0	0
S(4,-4)SumOfSqs	335.53884	0	0	0	0	0	0	0	0	0	0	0	0	0	0	0
S(4,-4)InvDfMom	0.046639447	0	0	0	0	0	0	0	0	0	0	0	0	0	0	0
S(4,-4)SumAverg	66.105049	0	0	0	0	0	0	0	0	0	0	0	0	0	0	0
S(4,-4)SumVarnc	671.02825	0	0	0	0	0	0	0	0	0	0	0	0	0	0	0
S(4,-4)SumEntrp	2.0194095	0	0	0	0	0	0	0	0	0	0	0	0	0	0	0
S(4,-4)Entropy	3.6039814	0	0	0	0	0	0	0	0	0	0	0	0	0	0	0
S(4,-4)DifVarnc	223.2213	0	0	0	0	0	0	0	0	0	0	0	0	0	0	0
S(4,-4)DifEntrp	1.7235835	0	0	0	0	0	0	0	0	0	0	0	0	0	0	0
_Area_S(5,0)	128512	0	0	0	0	0	0	0	0	0	0	0	0	0	0	0
S(5,0)AngScMom	0.00025381733	0	0	0	0	0	0	0	0	0	0	0	0	0	0	0
S(5,0)Contrast	668.8604	0	0	0	0	0	0	0	0	0	0	0	0	0	0	0
S(5,0)Correlat	0.0045854009	0	0	0	0	0	0	0	0	0	0	0	0	0	0	0
S(5,0)SumOfSqs	335.97076	0	0	0	0	0	0	0	0	0	0	0	0	0	0	0
S(5,0)InvDfMom	0.047152004	0	0	0	0	0	0	0	0	0	0	0	0	0	0	0
S(5,0)SumAverg	66.102185	0	0	0	0	0	0	0	0	0	0	0	0	0	0	0
S(5,0)SumVarnc	675.02264	0	0	0	0	0	0	0	0	0	0	0	0	0	0	0
S(5,0)SumEntrp	2.0206488	0	0	0	0	0	0	0	0	0	0	0	0	0	0	0
S(5,0)Entropy	3.603701	0	0	0	0	0	0	0	0	0	0	0	0	0	0	0
S(5,0)DifVarnc	222.70523	0	0	0	0	0	0	0	0	0	0	0	0	0	0	0
S(5,0)DifEntrp	1.7229579	0	0	0	0	0	0	0	0	0	0	0	0	0	0	0
_Area_S(0,5)	128512	0	0	0	0	0	0	0	0	0	0	0	0	0	0	0
S(0,5)AngScMom	0.00025356811	0	0	0	0	0	0	0	0	0	0	0	0	0	0	0
S(0,5)Contrast	672.44709	0	0	0	0	0	0	0	0	0	0	0	0	0	0	0
S(0,5)Correlat	-0.0022952836	0	0	0	0	0	0	0	0	0	0	0	0	0	0	0
S(0,5)SumOfSqs	335.45358	0	0	0	0	0	0	0	0	0	0	0	0	0	0	0
S(0,5)InvDfMom	0.047292261	0	0	0	0	0	0	0	0	0	0	0	0	0	0	0
S(0,5)SumAverg	66.096831	0	0	0	0	0	0	0	0	0	0	0	0	0	0	0
S(0,5)SumVarnc	669.36724	0	0	0	0	0	0	0	0	0	0	0	0	0	0	0
S(0,5)SumEntrp	2.0192168	0	0	0	0	0	0	0	0	0	0	0	0	0	0	0
S(0,5)Entropy	3.6038999	0	0	0	0	0	0	0	0	0	0	0	0	0	0	0
S(0,5)DifVarnc	223.98262	0	0	0	0	0	0	0	0	0	0	0	0	0	0	0
S(0,5)DifEntrp	1.724169	0	0	0	0	0	0	0	0	0	0	0	0	0	0	0
_Area_S(5,5)	126002	0	0	0	0	0	0	0	0	0	0	0	0	0	0	0
S(5,5)AngScMom	0.00025362095	0	0	0	0	0	0	0	0	0	0	0	0	0	0	0
S(5,5)Contrast	672.99887	0	0	0	0	0	0	0	0	0	0	0	0	0	0	0
S(5,5)Correlat	-0.0029805486	0	0	0	0	0	0	0	0	0	0	0	0	0	0	0
S(5,5)SumOfSqs	335.49946	0	0	0	0	0	0	0	0	0	0	0	0	0	0	0
S(5,5)InvDfMom	0.047914695	0	0	0	0	0	0	0	0	0	0	0	0	0	0	0
S(5,5)SumAverg	66.088824	0	0	0	0	0	0	0	0	0	0	0	0	0	0	0
S(5,5)SumVarnc	668.99898	0	0	0	0	0	0	0	0	0	0	0	0	0	0	0
S(5,5)SumEntrp	2.0192425	0	0	0	0	0	0	0	0	0	0	0	0	0	0	0
S(5,5)Entropy	3.6038578	0	0	0	0	0	0	0	0	0	0	0	0	0	0	0
S(5,5)DifVarnc	223.92303	0	0	0	0	0	0	0	0	0	0	0	0	0	0	0
S(5,5)DifEntrp	1.7239326	0	0	0	0	0	0	0	0	0	0	0	0	0	0	0
_Area_S(5,-5)	126002	0	0	0	0	0	0	0	0	0	0	0	0	0	0	0
S(5,-5)AngScMom	0.00025351249	0	0	0	0	0	0	0	0	0	0	0	0	0	0	0
S(5,-5)Contrast	671.21782	0	0	0	0	0	0	0	0	0	0	0	0	0	0	0
S(5,-5)Correlat	-0.00023952482	0	0	0	0	0	0	0	0	0	0	0	0	0	0	0
S(5,-5)SumOfSqs	335.52854	0	0	0	0	0	0	0	0	0	0	0	0	0	0	0
S(5,-5)InvDfMom	0.047683915	0	0	0	0	0	0	0	0	0	0	0	0	0	0	0
S(5,-5)SumAverg	66.092316	0	0	0	0	0	0	0	0	0	0	0	0	0	0	0
S(5,-5)SumVarnc	670.89635	0	0	0	0	0	0	0	0	0	0	0	0	0	0	0
S(5,-5)SumEntrp	2.0195376	0	0	0	0	0	0	0	0	0	0	0	0	0	0	0
S(5,-5)Entropy	3.604024	0	0	0	0	0	0	0	0	0	0	0	0	0	0	0
S(5,-5)DifVarnc	224.37804	0	0	0	0	0	0	0	0	0	0	0	0	0	0	0
S(5,-5)DifEntrp	1.723419	0	0	0	0	0	0	0	0	0	0	0	0	0	0	0
Horzl_RLNonUni	62112.109	0	0	0	0	0	0	0	0	0	0	0	0	0	0	0
Horzl_GLevNonU	1009.2391	0	0	0	0	0	0	0	0	0	0	0	0	0	0	0
Horzl_LngREmph	1.0552776	0	0	0	0	0	0	0	0	0	0	0	0	0	0	0
Horzl_ShrtREmp	0.9865868	0	0	0	0	0	0	0	0	0	0	0	0	0	0	0
Horzl_Fraction	0.98214722	0	0	0	0	0	0	0	0	0	0	0	0	0	0	0
Vertl_RLNonUni	62535.88	0	0	0	0	0	0	0	0	0	0	0	0	0	0	0
Vertl_GLevNonU	1011.4126	0	0	0	0	0	0	0	0	0	0	0	0	0	0	0
Vertl_LngREmph	1.0480353	0	0	0	0	0	0	0	0	0	0	0	0	0	0	0
Vertl_ShrtREmp	0.98828502	0	0	0	0	0	0	0	0	0	0	0	0	0	0	0
Vertl_Fraction	0.98442078	0	0	0	0	0	0	0	0	0	0	0	0	0	0	0
45dgr_RLNonUni	62627.978	0	0	0	0	0	0	0	0	0	0	0	0	0	0	0
45dgr_GLevNonU	1011.9371	0	0	0	0	0	0	0	0	0	0	0	0	0	0	0
45dgr_LngREmph	1.0464623	0	0	0	0	0	0	0	0	0	0	0	0	0	0	0
45dgr_ShrtREmp	0.98865179	0	0	0	0	0	0	0	0	0	0	0	0	0	0	0
45dgr_Fraction	0.98490906	0	0	0	0	0	0	0	0	0	0	0	0	0	0	0
135dr_RLNonUni	62651.323	0	0	0	0	0	0	0	0	0	0	0	0	0	0	0
135dr_GLevNonU	1011.9577	0	0	0	0	0	0	0	0	0	0	0	0	0	0	0
135dr_LngREmph	1.0462411	0	0	0	0	0	0	0	0	0	0	0	0	0	0	0
135dr_ShrtREmp	0.98874955	0	0	0	0	0	0	0	0	0	0	0	0	0	0	0
135dr_Fraction	0.98500061	0	0	0	0	0	0	0	0	0	0	0	0	0	0	0
_AreaGr	64516	0	0	0	0	0	0	0	0	0	0	0	0	0	0	0
GrMean	8.2730924	0	0	0	0	0	0	0	0	0	0	0	0	0	0	0
GrVariance	15.468089	0	0	0	0	0	0	0	0	0	0	0	0	0	0	0
GrSkewness	0.18313866	0	0	0	0	0	0	0	0	0	0	0	0	0	0	0
GrKurtosis	-0.65900631	0	0	0	0	0	0	0	0	0	0	0	0	0	0	0
GrNonZeros	0.99621799	0	0	0	0	0	0	0	0	0	0	0	0	0	0	0
_AreaARM	64770	0	0	0	0	0	0	0	0	0	0	0	0	0	0	0
Teta1	0.020846569	0	0	0	0	0	0	0	0	0	0	0	0	0	0	0
Teta2	0.0068939328	0	0	0	0	0	0	0	0	0	0	0	0	0	0	0
Teta3	0.0020342607	0	0	0	0	0	0	0	0	0	0	0	0	0	0	0
Teta4	0.001476108	0	0	0	0	0	0	0	0	0	0	0	0	0	0	0
Sigma	0.99913413	0	0	0	0	0	0	0	0	0	0	0	0	0	0	0
WavEnLL_s-1	18228.346	0	0	0	0	0	0	0	0	0	0	0	0	0	0	0
WavEnLH_s-1	1350.5007	0	0	0	0	0	0	0	0	0	0	0	0	0	0	0
WavEnHL_s-1	1294.5654	0	0	0	0	0	0	0	0	0	0	0	0	0	0	0
WavEnHH_s-1	1338.0891	0	0	0	0	0	0	0	0	0	0	0	0	0	0	0
WavEnLL_s-2	17189.653	0	0	0	0	0	0	0	0	0	0	0	0	0	0	0
WavEnLH_s-2	346.61213	0	0	0	0	0	0	0	0	0	0	0	0	0	0	0
WavEnHL_s-2	355.95107	0	0	0	0	0	0	0	0	0	0	0	0	0	0	0
WavEnHH_s-2	336.12944	0	0	0	0	0	0	0	0	0	0	0	0	0	0	0
WavEnLL_s-3	16919.026	0	0	0	0	0	0	0	0	0	0	0	0	0	0	0
WavEnLH_s-3	86.624227	0	0	0	0	0	0	0	0	0	0	0	0	0	0	0
WavEnHL_s-3	93.64694	0	0	0	0	0	0	0	0	0	0	0	0	0	0	0
WavEnHH_s-3	90.355803	0	0	0	0	0	0	0	0	0	0	0	0	0	0	0
WavEnLL_s-4	16856.267	0	0	0	0	0	0	0	0	0	0	0	0	0	0	0
WavEnLH_s-4	22.991247	0	0	0	0	0	0	0	0	0	0	0	0	0	0	0
WavEnHL_s-4	19.906738	0	0	0	0	0	0	0	0	0	0	0	0	0	0	0
WavEnHH_s-4	19.860957	0	0	0	0	0	0	0	0	0	0	0	0	0	0	0
