Image File: canvas1-a-p006.png 
ROI File: allred.roi 
Image size: 256 x 256
Min. lum.: 1
Max. lum.: 256
Bits/pixel: 8

Normalisation =  No
Histogram analysis = Yes
CO matrix analysis = Yes, Dimensions = 6 x 6, Distances = 1 2 3 4 5
RL matrix analysis = Yes, Dimension = 6
Gradient analysis = Yes, Max pixel value = 16
AR model analysis = Yes
Wavelet analysis = Yes

--------------- CLASS NAMES ----------------

----------------- FEATURES -----------------
_Area	65536	0	0	0	0	0	0	0	0	0	0	0	0	0	0	0
Mean	129.48151	0	0	0	0	0	0	0	0	0	0	0	0	0	0	0
Variance	5474.5597	0	0	0	0	0	0	0	0	0	0	0	0	0	0	0
Skewness	-0.020673844	0	0	0	0	0	0	0	0	0	0	0	0	0	0	0
Kurtosis	-1.1914404	0	0	0	0	0	0	0	0	0	0	0	0	0	0	0
Perc.01%	3	0	0	0	0	0	0	0	0	0	0	0	0	0	0	0
Perc.10%	26	0	0	0	0	0	0	0	0	0	0	0	0	0	0	0
Perc.50%	130	0	0	0	0	0	0	0	0	0	0	0	0	0	0	0
Perc.90%	232	0	0	0	0	0	0	0	0	0	0	0	0	0	0	0
Perc.99%	254	0	0	0	0	0	0	0	0	0	0	0	0	0	0	0
_Area_S(1,0)	130560	0	0	0	0	0	0	0	0	0	0	0	0	0	0	0
S(1,0)AngScMom	0.00025389499	0	0	0	0	0	0	0	0	0	0	0	0	0	0	0
S(1,0)Contrast	669.48439	0	0	0	0	0	0	0	0	0	0	0	0	0	0	0
S(1,0)Correlat	0.020980992	0	0	0	0	0	0	0	0	0	0	0	0	0	0	0
S(1,0)SumOfSqs	341.91593	0	0	0	0	0	0	0	0	0	0	0	0	0	0	0
S(1,0)InvDfMom	0.049559183	0	0	0	0	0	0	0	0	0	0	0	0	0	0	0
S(1,0)SumAverg	65.482858	0	0	0	0	0	0	0	0	0	0	0	0	0	0	0
S(1,0)SumVarnc	698.17933	0	0	0	0	0	0	0	0	0	0	0	0	0	0	0
S(1,0)SumEntrp	2.0275638	0	0	0	0	0	0	0	0	0	0	0	0	0	0	0
S(1,0)Entropy	3.6037777	0	0	0	0	0	0	0	0	0	0	0	0	0	0	0
S(1,0)DifVarnc	225.38623	0	0	0	0	0	0	0	0	0	0	0	0	0	0	0
S(1,0)DifEntrp	1.7237427	0	0	0	0	0	0	0	0	0	0	0	0	0	0	0
_Area_S(0,1)	130560	0	0	0	0	0	0	0	0	0	0	0	0	0	0	0
S(0,1)AngScMom	0.00025313762	0	0	0	0	0	0	0	0	0	0	0	0	0	0	0
S(0,1)Contrast	682.18836	0	0	0	0	0	0	0	0	0	0	0	0	0	0	0
S(0,1)Correlat	0.0023700648	0	0	0	0	0	0	0	0	0	0	0	0	0	0	0
S(0,1)SumOfSqs	341.90451	0	0	0	0	0	0	0	0	0	0	0	0	0	0	0
S(0,1)InvDfMom	0.046805998	0	0	0	0	0	0	0	0	0	0	0	0	0	0	0
S(0,1)SumAverg	65.504105	0	0	0	0	0	0	0	0	0	0	0	0	0	0	0
S(0,1)SumVarnc	685.4297	0	0	0	0	0	0	0	0	0	0	0	0	0	0	0
S(0,1)SumEntrp	2.0237047	0	0	0	0	0	0	0	0	0	0	0	0	0	0	0
S(0,1)Entropy	3.604294	0	0	0	0	0	0	0	0	0	0	0	0	0	0	0
S(0,1)DifVarnc	227.20534	0	0	0	0	0	0	0	0	0	0	0	0	0	0	0
S(0,1)DifEntrp	1.7268784	0	0	0	0	0	0	0	0	0	0	0	0	0	0	0
_Area_S(1,1)	130050	0	0	0	0	0	0	0	0	0	0	0	0	0	0	0
S(1,1)AngScMom	0.0002530653	0	0	0	0	0	0	0	0	0	0	0	0	0	0	0
S(1,1)Contrast	677.88787	0	0	0	0	0	0	0	0	0	0	0	0	0	0	0
S(1,1)Correlat	0.0084563854	0	0	0	0	0	0	0	0	0	0	0	0	0	0	0
S(1,1)SumOfSqs	341.83462	0	0	0	0	0	0	0	0	0	0	0	0	0	0	0
S(1,1)InvDfMom	0.047050346	0	0	0	0	0	0	0	0	0	0	0	0	0	0	0
S(1,1)SumAverg	65.499869	0	0	0	0	0	0	0	0	0	0	0	0	0	0	0
S(1,1)SumVarnc	689.45062	0	0	0	0	0	0	0	0	0	0	0	0	0	0	0
S(1,1)SumEntrp	2.0248036	0	0	0	0	0	0	0	0	0	0	0	0	0	0	0
S(1,1)Entropy	3.6043859	0	0	0	0	0	0	0	0	0	0	0	0	0	0	0
S(1,1)DifVarnc	226.65489	0	0	0	0	0	0	0	0	0	0	0	0	0	0	0
S(1,1)DifEntrp	1.7254731	0	0	0	0	0	0	0	0	0	0	0	0	0	0	0
_Area_S(1,-1)	130050	0	0	0	0	0	0	0	0	0	0	0	0	0	0	0
S(1,-1)AngScMom	0.00025307026	0	0	0	0	0	0	0	0	0	0	0	0	0	0	0
S(1,-1)Contrast	680.06908	0	0	0	0	0	0	0	0	0	0	0	0	0	0	0
S(1,-1)Correlat	0.0052633811	0	0	0	0	0	0	0	0	0	0	0	0	0	0	0
S(1,-1)SumOfSqs	341.83374	0	0	0	0	0	0	0	0	0	0	0	0	0	0	0
S(1,-1)InvDfMom	0.046577876	0	0	0	0	0	0	0	0	0	0	0	0	0	0	0
S(1,-1)SumAverg	65.499946	0	0	0	0	0	0	0	0	0	0	0	0	0	0	0
S(1,-1)SumVarnc	687.26589	0	0	0	0	0	0	0	0	0	0	0	0	0	0	0
S(1,-1)SumEntrp	2.0241599	0	0	0	0	0	0	0	0	0	0	0	0	0	0	0
S(1,-1)Entropy	3.604416	0	0	0	0	0	0	0	0	0	0	0	0	0	0	0
S(1,-1)DifVarnc	227.79993	0	0	0	0	0	0	0	0	0	0	0	0	0	0	0
S(1,-1)DifEntrp	1.7263473	0	0	0	0	0	0	0	0	0	0	0	0	0	0	0
_Area_S(2,0)	130048	0	0	0	0	0	0	0	0	0	0	0	0	0	0	0
S(2,0)AngScMom	0.00025313162	0	0	0	0	0	0	0	0	0	0	0	0	0	0	0
S(2,0)Contrast	681.41509	0	0	0	0	0	0	0	0	0	0	0	0	0	0	0
S(2,0)Correlat	0.0033734587	0	0	0	0	0	0	0	0	0	0	0	0	0	0	0
S(2,0)SumOfSqs	341.8608	0	0	0	0	0	0	0	0	0	0	0	0	0	0	0
S(2,0)InvDfMom	0.048205507	0	0	0	0	0	0	0	0	0	0	0	0	0	0	0
S(2,0)SumAverg	65.486174	0	0	0	0	0	0	0	0	0	0	0	0	0	0	0
S(2,0)SumVarnc	686.02811	0	0	0	0	0	0	0	0	0	0	0	0	0	0	0
S(2,0)SumEntrp	2.0243778	0	0	0	0	0	0	0	0	0	0	0	0	0	0	0
S(2,0)Entropy	3.6044045	0	0	0	0	0	0	0	0	0	0	0	0	0	0	0
S(2,0)DifVarnc	228.26097	0	0	0	0	0	0	0	0	0	0	0	0	0	0	0
S(2,0)DifEntrp	1.7271041	0	0	0	0	0	0	0	0	0	0	0	0	0	0	0
_Area_S(0,2)	130048	0	0	0	0	0	0	0	0	0	0	0	0	0	0	0
S(0,2)AngScMom	0.00025295979	0	0	0	0	0	0	0	0	0	0	0	0	0	0	0
S(0,2)Contrast	682.99925	0	0	0	0	0	0	0	0	0	0	0	0	0	0	0
S(0,2)Correlat	0.0011199368	0	0	0	0	0	0	0	0	0	0	0	0	0	0	0
S(0,2)SumOfSqs	341.88251	0	0	0	0	0	0	0	0	0	0	0	0	0	0	0
S(0,2)InvDfMom	0.047109488	0	0	0	0	0	0	0	0	0	0	0	0	0	0	0
S(0,2)SumAverg	65.49248	0	0	0	0	0	0	0	0	0	0	0	0	0	0	0
S(0,2)SumVarnc	684.53079	0	0	0	0	0	0	0	0	0	0	0	0	0	0	0
S(0,2)SumEntrp	2.0236324	0	0	0	0	0	0	0	0	0	0	0	0	0	0	0
S(0,2)Entropy	3.6044575	0	0	0	0	0	0	0	0	0	0	0	0	0	0	0
S(0,2)DifVarnc	228.52942	0	0	0	0	0	0	0	0	0	0	0	0	0	0	0
S(0,2)DifEntrp	1.7270867	0	0	0	0	0	0	0	0	0	0	0	0	0	0	0
_Area_S(2,2)	129032	0	0	0	0	0	0	0	0	0	0	0	0	0	0	0
S(2,2)AngScMom	0.00025302042	0	0	0	0	0	0	0	0	0	0	0	0	0	0	0
S(2,2)Contrast	689.25174	0	0	0	0	0	0	0	0	0	0	0	0	0	0	0
S(2,2)Correlat	-0.0083999802	0	0	0	0	0	0	0	0	0	0	0	0	0	0	0
S(2,2)SumOfSqs	341.75513	0	0	0	0	0	0	0	0	0	0	0	0	0	0	0
S(2,2)InvDfMom	0.045627107	0	0	0	0	0	0	0	0	0	0	0	0	0	0	0
S(2,2)SumAverg	65.49242	0	0	0	0	0	0	0	0	0	0	0	0	0	0	0
S(2,2)SumVarnc	677.76879	0	0	0	0	0	0	0	0	0	0	0	0	0	0	0
S(2,2)SumEntrp	2.0217122	0	0	0	0	0	0	0	0	0	0	0	0	0	0	0
S(2,2)Entropy	3.6044559	0	0	0	0	0	0	0	0	0	0	0	0	0	0	0
S(2,2)DifVarnc	228.31048	0	0	0	0	0	0	0	0	0	0	0	0	0	0	0
S(2,2)DifEntrp	1.7286935	0	0	0	0	0	0	0	0	0	0	0	0	0	0	0
_Area_S(2,-2)	129032	0	0	0	0	0	0	0	0	0	0	0	0	0	0	0
S(2,-2)AngScMom	0.00025259241	0	0	0	0	0	0	0	0	0	0	0	0	0	0	0
S(2,-2)Contrast	686.20359	0	0	0	0	0	0	0	0	0	0	0	0	0	0	0
S(2,-2)Correlat	-0.0039535025	0	0	0	0	0	0	0	0	0	0	0	0	0	0	0
S(2,-2)SumOfSqs	341.75068	0	0	0	0	0	0	0	0	0	0	0	0	0	0	0
S(2,-2)InvDfMom	0.047018252	0	0	0	0	0	0	0	0	0	0	0	0	0	0	0
S(2,-2)SumAverg	65.490839	0	0	0	0	0	0	0	0	0	0	0	0	0	0	0
S(2,-2)SumVarnc	680.79914	0	0	0	0	0	0	0	0	0	0	0	0	0	0	0
S(2,-2)SumEntrp	2.0228563	0	0	0	0	0	0	0	0	0	0	0	0	0	0	0
S(2,-2)Entropy	3.6047828	0	0	0	0	0	0	0	0	0	0	0	0	0	0	0
S(2,-2)DifVarnc	228.56157	0	0	0	0	0	0	0	0	0	0	0	0	0	0	0
S(2,-2)DifEntrp	1.7277256	0	0	0	0	0	0	0	0	0	0	0	0	0	0	0
_Area_S(3,0)	129536	0	0	0	0	0	0	0	0	0	0	0	0	0	0	0
S(3,0)AngScMom	0.00025317578	0	0	0	0	0	0	0	0	0	0	0	0	0	0	0
S(3,0)Contrast	679.99121	0	0	0	0	0	0	0	0	0	0	0	0	0	0	0
S(3,0)Correlat	0.0053597998	0	0	0	0	0	0	0	0	0	0	0	0	0	0	0
S(3,0)SumOfSqs	341.82774	0	0	0	0	0	0	0	0	0	0	0	0	0	0	0
S(3,0)InvDfMom	0.046788783	0	0	0	0	0	0	0	0	0	0	0	0	0	0	0
S(3,0)SumAverg	65.475188	0	0	0	0	0	0	0	0	0	0	0	0	0	0	0
S(3,0)SumVarnc	687.31973	0	0	0	0	0	0	0	0	0	0	0	0	0	0	0
S(3,0)SumEntrp	2.0243752	0	0	0	0	0	0	0	0	0	0	0	0	0	0	0
S(3,0)Entropy	3.6043233	0	0	0	0	0	0	0	0	0	0	0	0	0	0	0
S(3,0)DifVarnc	226.66513	0	0	0	0	0	0	0	0	0	0	0	0	0	0	0
S(3,0)DifEntrp	1.7265764	0	0	0	0	0	0	0	0	0	0	0	0	0	0	0
_Area_S(0,3)	129536	0	0	0	0	0	0	0	0	0	0	0	0	0	0	0
S(0,3)AngScMom	0.00025333597	0	0	0	0	0	0	0	0	0	0	0	0	0	0	0
S(0,3)Contrast	681.28897	0	0	0	0	0	0	0	0	0	0	0	0	0	0	0
S(0,3)Correlat	0.0034446465	0	0	0	0	0	0	0	0	0	0	0	0	0	0	0
S(0,3)SumOfSqs	341.82194	0	0	0	0	0	0	0	0	0	0	0	0	0	0	0
S(0,3)InvDfMom	0.046859289	0	0	0	0	0	0	0	0	0	0	0	0	0	0	0
S(0,3)SumAverg	65.494195	0	0	0	0	0	0	0	0	0	0	0	0	0	0	0
S(0,3)SumVarnc	685.99879	0	0	0	0	0	0	0	0	0	0	0	0	0	0	0
S(0,3)SumEntrp	2.0239945	0	0	0	0	0	0	0	0	0	0	0	0	0	0	0
S(0,3)Entropy	3.6041708	0	0	0	0	0	0	0	0	0	0	0	0	0	0	0
S(0,3)DifVarnc	227.67027	0	0	0	0	0	0	0	0	0	0	0	0	0	0	0
S(0,3)DifEntrp	1.7265264	0	0	0	0	0	0	0	0	0	0	0	0	0	0	0
_Area_S(3,3)	128018	0	0	0	0	0	0	0	0	0	0	0	0	0	0	0
S(3,3)AngScMom	0.00025294716	0	0	0	0	0	0	0	0	0	0	0	0	0	0	0
S(3,3)Contrast	685.14365	0	0	0	0	0	0	0	0	0	0	0	0	0	0	0
S(3,3)Correlat	-0.0026946489	0	0	0	0	0	0	0	0	0	0	0	0	0	0	0
S(3,3)SumOfSqs	341.6512	0	0	0	0	0	0	0	0	0	0	0	0	0	0	0
S(3,3)InvDfMom	0.046057568	0	0	0	0	0	0	0	0	0	0	0	0	0	0	0
S(3,3)SumAverg	65.482916	0	0	0	0	0	0	0	0	0	0	0	0	0	0	0
S(3,3)SumVarnc	681.46113	0	0	0	0	0	0	0	0	0	0	0	0	0	0	0
S(3,3)SumEntrp	2.0227652	0	0	0	0	0	0	0	0	0	0	0	0	0	0	0
S(3,3)Entropy	3.6045308	0	0	0	0	0	0	0	0	0	0	0	0	0	0	0
S(3,3)DifVarnc	228.34544	0	0	0	0	0	0	0	0	0	0	0	0	0	0	0
S(3,3)DifEntrp	1.7277523	0	0	0	0	0	0	0	0	0	0	0	0	0	0	0
_Area_S(3,-3)	128018	0	0	0	0	0	0	0	0	0	0	0	0	0	0	0
S(3,-3)AngScMom	0.00025308641	0	0	0	0	0	0	0	0	0	0	0	0	0	0	0
S(3,-3)Contrast	681.18433	0	0	0	0	0	0	0	0	0	0	0	0	0	0	0
S(3,-3)Correlat	0.0031146538	0	0	0	0	0	0	0	0	0	0	0	0	0	0	0
S(3,-3)SumOfSqs	341.65631	0	0	0	0	0	0	0	0	0	0	0	0	0	0	0
S(3,-3)InvDfMom	0.046720995	0	0	0	0	0	0	0	0	0	0	0	0	0	0	0
S(3,-3)SumAverg	65.479917	0	0	0	0	0	0	0	0	0	0	0	0	0	0	0
S(3,-3)SumVarnc	685.4409	0	0	0	0	0	0	0	0	0	0	0	0	0	0	0
S(3,-3)SumEntrp	2.0236792	0	0	0	0	0	0	0	0	0	0	0	0	0	0	0
S(3,-3)Entropy	3.6044518	0	0	0	0	0	0	0	0	0	0	0	0	0	0	0
S(3,-3)DifVarnc	227.29845	0	0	0	0	0	0	0	0	0	0	0	0	0	0	0
S(3,-3)DifEntrp	1.7264086	0	0	0	0	0	0	0	0	0	0	0	0	0	0	0
_Area_S(4,0)	129024	0	0	0	0	0	0	0	0	0	0	0	0	0	0	0
S(4,0)AngScMom	0.00025314431	0	0	0	0	0	0	0	0	0	0	0	0	0	0	0
S(4,0)Contrast	682.41439	0	0	0	0	0	0	0	0	0	0	0	0	0	0	0
S(4,0)Correlat	0.0019910872	0	0	0	0	0	0	0	0	0	0	0	0	0	0	0
S(4,0)SumOfSqs	341.88792	0	0	0	0	0	0	0	0	0	0	0	0	0	0	0
S(4,0)InvDfMom	0.047334153	0	0	0	0	0	0	0	0	0	0	0	0	0	0	0
S(4,0)SumAverg	65.473788	0	0	0	0	0	0	0	0	0	0	0	0	0	0	0
S(4,0)SumVarnc	685.1373	0	0	0	0	0	0	0	0	0	0	0	0	0	0	0
S(4,0)SumEntrp	2.0239869	0	0	0	0	0	0	0	0	0	0	0	0	0	0	0
S(4,0)Entropy	3.6043555	0	0	0	0	0	0	0	0	0	0	0	0	0	0	0
S(4,0)DifVarnc	228.01926	0	0	0	0	0	0	0	0	0	0	0	0	0	0	0
S(4,0)DifEntrp	1.7270197	0	0	0	0	0	0	0	0	0	0	0	0	0	0	0
_Area_S(0,4)	129024	0	0	0	0	0	0	0	0	0	0	0	0	0	0	0
S(0,4)AngScMom	0.000253019	0	0	0	0	0	0	0	0	0	0	0	0	0	0	0
S(0,4)Contrast	686.9444	0	0	0	0	0	0	0	0	0	0	0	0	0	0	0
S(0,4)Correlat	-0.0048199345	0	0	0	0	0	0	0	0	0	0	0	0	0	0	0
S(0,4)SumOfSqs	341.82463	0	0	0	0	0	0	0	0	0	0	0	0	0	0	0
S(0,4)InvDfMom	0.045420625	0	0	0	0	0	0	0	0	0	0	0	0	0	0	0
S(0,4)SumAverg	65.494807	0	0	0	0	0	0	0	0	0	0	0	0	0	0	0
S(0,4)SumVarnc	680.35411	0	0	0	0	0	0	0	0	0	0	0	0	0	0	0
S(0,4)SumEntrp	2.0224435	0	0	0	0	0	0	0	0	0	0	0	0	0	0	0
S(0,4)Entropy	3.604396	0	0	0	0	0	0	0	0	0	0	0	0	0	0	0
S(0,4)DifVarnc	228.52372	0	0	0	0	0	0	0	0	0	0	0	0	0	0	0
S(0,4)DifEntrp	1.7280568	0	0	0	0	0	0	0	0	0	0	0	0	0	0	0
_Area_S(4,4)	127008	0	0	0	0	0	0	0	0	0	0	0	0	0	0	0
S(4,4)AngScMom	0.00025344169	0	0	0	0	0	0	0	0	0	0	0	0	0	0	0
S(4,4)Contrast	680.03293	0	0	0	0	0	0	0	0	0	0	0	0	0	0	0
S(4,4)Correlat	0.0049935011	0	0	0	0	0	0	0	0	0	0	0	0	0	0	0
S(4,4)SumOfSqs	341.72286	0	0	0	0	0	0	0	0	0	0	0	0	0	0	0
S(4,4)InvDfMom	0.046606543	0	0	0	0	0	0	0	0	0	0	0	0	0	0	0
S(4,4)SumAverg	65.47986	0	0	0	0	0	0	0	0	0	0	0	0	0	0	0
S(4,4)SumVarnc	686.8585	0	0	0	0	0	0	0	0	0	0	0	0	0	0	0
S(4,4)SumEntrp	2.0241209	0	0	0	0	0	0	0	0	0	0	0	0	0	0	0
S(4,4)Entropy	3.6040493	0	0	0	0	0	0	0	0	0	0	0	0	0	0	0
S(4,4)DifVarnc	226.65561	0	0	0	0	0	0	0	0	0	0	0	0	0	0	0
S(4,4)DifEntrp	1.7264505	0	0	0	0	0	0	0	0	0	0	0	0	0	0	0
_Area_S(4,-4)	127008	0	0	0	0	0	0	0	0	0	0	0	0	0	0	0
S(4,-4)AngScMom	0.00025305039	0	0	0	0	0	0	0	0	0	0	0	0	0	0	0
S(4,-4)Contrast	685.22216	0	0	0	0	0	0	0	0	0	0	0	0	0	0	0
S(4,-4)Correlat	-0.0025959755	0	0	0	0	0	0	0	0	0	0	0	0	0	0	0
S(4,-4)SumOfSqs	341.72397	0	0	0	0	0	0	0	0	0	0	0	0	0	0	0
S(4,-4)InvDfMom	0.046577702	0	0	0	0	0	0	0	0	0	0	0	0	0	0	0
S(4,-4)SumAverg	65.47849	0	0	0	0	0	0	0	0	0	0	0	0	0	0	0
S(4,-4)SumVarnc	681.67373	0	0	0	0	0	0	0	0	0	0	0	0	0	0	0
S(4,-4)SumEntrp	2.0229013	0	0	0	0	0	0	0	0	0	0	0	0	0	0	0
S(4,-4)Entropy	3.6044335	0	0	0	0	0	0	0	0	0	0	0	0	0	0	0
S(4,-4)DifVarnc	227.7093	0	0	0	0	0	0	0	0	0	0	0	0	0	0	0
S(4,-4)DifEntrp	1.7276867	0	0	0	0	0	0	0	0	0	0	0	0	0	0	0
_Area_S(5,0)	128512	0	0	0	0	0	0	0	0	0	0	0	0	0	0	0
S(5,0)AngScMom	0.00025306663	0	0	0	0	0	0	0	0	0	0	0	0	0	0	0
S(5,0)Contrast	687.45219	0	0	0	0	0	0	0	0	0	0	0	0	0	0	0
S(5,0)Correlat	-0.0050563704	0	0	0	0	0	0	0	0	0	0	0	0	0	0	0
S(5,0)SumOfSqs	341.99683	0	0	0	0	0	0	0	0	0	0	0	0	0	0	0
S(5,0)InvDfMom	0.046973173	0	0	0	0	0	0	0	0	0	0	0	0	0	0	0
S(5,0)SumAverg	65.480671	0	0	0	0	0	0	0	0	0	0	0	0	0	0	0
S(5,0)SumVarnc	680.53514	0	0	0	0	0	0	0	0	0	0	0	0	0	0	0
S(5,0)SumEntrp	2.0227417	0	0	0	0	0	0	0	0	0	0	0	0	0	0	0
S(5,0)Entropy	3.6044055	0	0	0	0	0	0	0	0	0	0	0	0	0	0	0
S(5,0)DifVarnc	228.02857	0	0	0	0	0	0	0	0	0	0	0	0	0	0	0
S(5,0)DifEntrp	1.7283471	0	0	0	0	0	0	0	0	0	0	0	0	0	0	0
_Area_S(0,5)	128512	0	0	0	0	0	0	0	0	0	0	0	0	0	0	0
S(0,5)AngScMom	0.00025296963	0	0	0	0	0	0	0	0	0	0	0	0	0	0	0
S(0,5)Contrast	687.29434	0	0	0	0	0	0	0	0	0	0	0	0	0	0	0
S(0,5)Correlat	-0.0050450992	0	0	0	0	0	0	0	0	0	0	0	0	0	0	0
S(0,5)SumOfSqs	341.92214	0	0	0	0	0	0	0	0	0	0	0	0	0	0	0
S(0,5)InvDfMom	0.046397006	0	0	0	0	0	0	0	0	0	0	0	0	0	0	0
S(0,5)SumAverg	65.492732	0	0	0	0	0	0	0	0	0	0	0	0	0	0	0
S(0,5)SumVarnc	680.39421	0	0	0	0	0	0	0	0	0	0	0	0	0	0	0
S(0,5)SumEntrp	2.0225532	0	0	0	0	0	0	0	0	0	0	0	0	0	0	0
S(0,5)Entropy	3.6044526	0	0	0	0	0	0	0	0	0	0	0	0	0	0	0
S(0,5)DifVarnc	228.26225	0	0	0	0	0	0	0	0	0	0	0	0	0	0	0
S(0,5)DifEntrp	1.7281757	0	0	0	0	0	0	0	0	0	0	0	0	0	0	0
_Area_S(5,5)	126002	0	0	0	0	0	0	0	0	0	0	0	0	0	0	0
S(5,5)AngScMom	0.00025353642	0	0	0	0	0	0	0	0	0	0	0	0	0	0	0
S(5,5)Contrast	683.05682	0	0	0	0	0	0	0	0	0	0	0	0	0	0	0
S(5,5)Correlat	0.001141057	0	0	0	0	0	0	0	0	0	0	0	0	0	0	0
S(5,5)SumOfSqs	341.91856	0	0	0	0	0	0	0	0	0	0	0	0	0	0	0
S(5,5)InvDfMom	0.046618774	0	0	0	0	0	0	0	0	0	0	0	0	0	0	0
S(5,5)SumAverg	65.486056	0	0	0	0	0	0	0	0	0	0	0	0	0	0	0
S(5,5)SumVarnc	684.61742	0	0	0	0	0	0	0	0	0	0	0	0	0	0	0
S(5,5)SumEntrp	2.0236261	0	0	0	0	0	0	0	0	0	0	0	0	0	0	0
S(5,5)Entropy	3.6039439	0	0	0	0	0	0	0	0	0	0	0	0	0	0	0
S(5,5)DifVarnc	227.19389	0	0	0	0	0	0	0	0	0	0	0	0	0	0	0
S(5,5)DifEntrp	1.7269825	0	0	0	0	0	0	0	0	0	0	0	0	0	0	0
_Area_S(5,-5)	126002	0	0	0	0	0	0	0	0	0	0	0	0	0	0	0
S(5,-5)AngScMom	0.00025298202	0	0	0	0	0	0	0	0	0	0	0	0	0	0	0
S(5,-5)Contrast	684.4148	0	0	0	0	0	0	0	0	0	0	0	0	0	0	0
S(5,-5)Correlat	-0.00075648106	0	0	0	0	0	0	0	0	0	0	0	0	0	0	0
S(5,-5)SumOfSqs	341.94872	0	0	0	0	0	0	0	0	0	0	0	0	0	0	0
S(5,-5)InvDfMom	0.046718943	0	0	0	0	0	0	0	0	0	0	0	0	0	0	0
S(5,-5)SumAverg	65.484532	0	0	0	0	0	0	0	0	0	0	0	0	0	0	0
S(5,-5)SumVarnc	683.38009	0	0	0	0	0	0	0	0	0	0	0	0	0	0	0
S(5,-5)SumEntrp	2.0233146	0	0	0	0	0	0	0	0	0	0	0	0	0	0	0
S(5,-5)Entropy	3.6044419	0	0	0	0	0	0	0	0	0	0	0	0	0	0	0
S(5,-5)DifVarnc	227.95657	0	0	0	0	0	0	0	0	0	0	0	0	0	0	0
S(5,-5)DifEntrp	1.7273855	0	0	0	0	0	0	0	0	0	0	0	0	0	0	0
Horzl_RLNonUni	62100.051	0	0	0	0	0	0	0	0	0	0	0	0	0	0	0
Horzl_GLevNonU	1008.0217	0	0	0	0	0	0	0	0	0	0	0	0	0	0	0
Horzl_LngREmph	1.0558439	0	0	0	0	0	0	0	0	0	0	0	0	0	0	0
Horzl_ShrtREmp	0.98654888	0	0	0	0	0	0	0	0	0	0	0	0	0	0	0
Horzl_Fraction	0.98202515	0	0	0	0	0	0	0	0	0	0	0	0	0	0	0
Vertl_RLNonUni	62430.262	0	0	0	0	0	0	0	0	0	0	0	0	0	0	0
Vertl_GLevNonU	1010.1522	0	0	0	0	0	0	0	0	0	0	0	0	0	0	0
Vertl_LngREmph	1.0494874	0	0	0	0	0	0	0	0	0	0	0	0	0	0	0
Vertl_ShrtREmp	0.98785215	0	0	0	0	0	0	0	0	0	0	0	0	0	0	0
Vertl_Fraction	0.98390198	0	0	0	0	0	0	0	0	0	0	0	0	0	0	0
45dgr_RLNonUni	62654.583	0	0	0	0	0	0	0	0	0	0	0	0	0	0	0
45dgr_GLevNonU	1011.2894	0	0	0	0	0	0	0	0	0	0	0	0	0	0	0
45dgr_LngREmph	1.0458502	0	0	0	0	0	0	0	0	0	0	0	0	0	0	0
45dgr_ShrtREmp	0.98875312	0	0	0	0	0	0	0	0	0	0	0	0	0	0	0
45dgr_Fraction	0.9850769	0	0	0	0	0	0	0	0	0	0	0	0	0	0	0
135dr_RLNonUni	62532.732	0	0	0	0	0	0	0	0	0	0	0	0	0	0	0
135dr_GLevNonU	1010.6172	0	0	0	0	0	0	0	0	0	0	0	0	0	0	0
135dr_LngREmph	1.0482081	0	0	0	0	0	0	0	0	0	0	0	0	0	0	0
135dr_ShrtREmp	0.98827522	0	0	0	0	0	0	0	0	0	0	0	0	0	0	0
135dr_Fraction	0.984375	0	0	0	0	0	0	0	0	0	0	0	0	0	0	0
_AreaGr	64516	0	0	0	0	0	0	0	0	0	0	0	0	0	0	0
GrMean	8.3191073	0	0	0	0	0	0	0	0	0	0	0	0	0	0	0
GrVariance	15.765856	0	0	0	0	0	0	0	0	0	0	0	0	0	0	0
GrSkewness	0.18215864	0	0	0	0	0	0	0	0	0	0	0	0	0	0	0
GrKurtosis	-0.66423133	0	0	0	0	0	0	0	0	0	0	0	0	0	0	0
GrNonZeros	0.99606299	0	0	0	0	0	0	0	0	0	0	0	0	0	0	0
_AreaARM	64770	0	0	0	0	0	0	0	0	0	0	0	0	0	0	0
Teta1	0.019915341	0	0	0	0	0	0	0	0	0	0	0	0	0	0	0
Teta2	0.0051727577	0	0	0	0	0	0	0	0	0	0	0	0	0	0	0
Teta3	0.0015844933	0	0	0	0	0	0	0	0	0	0	0	0	0	0	0
Teta4	0.0081395017	0	0	0	0	0	0	0	0	0	0	0	0	0	0	0
Sigma	0.99928	0	0	0	0	0	0	0	0	0	0	0	0	0	0	0
WavEnLL_s-1	17930.024	0	0	0	0	0	0	0	0	0	0	0	0	0	0	0
WavEnLH_s-1	1364.0711	0	0	0	0	0	0	0	0	0	0	0	0	0	0	0
WavEnHL_s-1	1343.236	0	0	0	0	0	0	0	0	0	0	0	0	0	0	0
WavEnHH_s-1	1344.7263	0	0	0	0	0	0	0	0	0	0	0	0	0	0	0
WavEnLL_s-2	16867.06	0	0	0	0	0	0	0	0	0	0	0	0	0	0	0
WavEnLH_s-2	361.47486	0	0	0	0	0	0	0	0	0	0	0	0	0	0	0
WavEnHL_s-2	357.39626	0	0	0	0	0	0	0	0	0	0	0	0	0	0	0
WavEnHH_s-2	344.09295	0	0	0	0	0	0	0	0	0	0	0	0	0	0	0
WavEnLL_s-3	16600.554	0	0	0	0	0	0	0	0	0	0	0	0	0	0	0
WavEnLH_s-3	88.781829	0	0	0	0	0	0	0	0	0	0	0	0	0	0	0
WavEnHL_s-3	88.178623	0	0	0	0	0	0	0	0	0	0	0	0	0	0	0
WavEnHH_s-3	89.544796	0	0	0	0	0	0	0	0	0	0	0	0	0	0	0
WavEnLL_s-4	16529.315	0	0	0	0	0	0	0	0	0	0	0	0	0	0	0
WavEnLH_s-4	27.148306	0	0	0	0	0	0	0	0	0	0	0	0	0	0	0
WavEnHL_s-4	20.727291	0	0	0	0	0	0	0	0	0	0	0	0	0	0	0
WavEnHH_s-4	23.363283	0	0	0	0	0	0	0	0	0	0	0	0	0	0	0
