Image File: canvas1-a-p019.png 
ROI File: allred.roi 
Image size: 256 x 256
Min. lum.: 1
Max. lum.: 256
Bits/pixel: 8

Normalisation =  No
Histogram analysis = Yes
CO matrix analysis = Yes, Dimensions = 6 x 6, Distances = 1 2 3 4 5
RL matrix analysis = Yes, Dimension = 6
Gradient analysis = Yes, Max pixel value = 16
AR model analysis = Yes
Wavelet analysis = Yes

--------------- CLASS NAMES ----------------

----------------- FEATURES -----------------
_Area	65536	0	0	0	0	0	0	0	0	0	0	0	0	0	0	0
Mean	129.69719	0	0	0	0	0	0	0	0	0	0	0	0	0	0	0
Variance	5431.9083	0	0	0	0	0	0	0	0	0	0	0	0	0	0	0
Skewness	-0.015727	0	0	0	0	0	0	0	0	0	0	0	0	0	0	0
Kurtosis	-1.1912245	0	0	0	0	0	0	0	0	0	0	0	0	0	0	0
Perc.01%	3	0	0	0	0	0	0	0	0	0	0	0	0	0	0	0
Perc.10%	27	0	0	0	0	0	0	0	0	0	0	0	0	0	0	0
Perc.50%	130	0	0	0	0	0	0	0	0	0	0	0	0	0	0	0
Perc.90%	232	0	0	0	0	0	0	0	0	0	0	0	0	0	0	0
Perc.99%	254	0	0	0	0	0	0	0	0	0	0	0	0	0	0	0
_Area_S(1,0)	130560	0	0	0	0	0	0	0	0	0	0	0	0	0	0	0
S(1,0)AngScMom	0.00025430236	0	0	0	0	0	0	0	0	0	0	0	0	0	0	0
S(1,0)Contrast	658.16348	0	0	0	0	0	0	0	0	0	0	0	0	0	0	0
S(1,0)Correlat	0.030130805	0	0	0	0	0	0	0	0	0	0	0	0	0	0	0
S(1,0)SumOfSqs	339.30528	0	0	0	0	0	0	0	0	0	0	0	0	0	0	0
S(1,0)InvDfMom	0.049127303	0	0	0	0	0	0	0	0	0	0	0	0	0	0	0
S(1,0)SumAverg	65.59136	0	0	0	0	0	0	0	0	0	0	0	0	0	0	0
S(1,0)SumVarnc	699.05765	0	0	0	0	0	0	0	0	0	0	0	0	0	0	0
S(1,0)SumEntrp	2.0275451	0	0	0	0	0	0	0	0	0	0	0	0	0	0	0
S(1,0)Entropy	3.6033745	0	0	0	0	0	0	0	0	0	0	0	0	0	0	0
S(1,0)DifVarnc	220.90899	0	0	0	0	0	0	0	0	0	0	0	0	0	0	0
S(1,0)DifEntrp	1.7202734	0	0	0	0	0	0	0	0	0	0	0	0	0	0	0
_Area_S(0,1)	130560	0	0	0	0	0	0	0	0	0	0	0	0	0	0	0
S(0,1)AngScMom	0.00025315839	0	0	0	0	0	0	0	0	0	0	0	0	0	0	0
S(0,1)Contrast	678.00147	0	0	0	0	0	0	0	0	0	0	0	0	0	0	0
S(0,1)Correlat	0.00041932975	0	0	0	0	0	0	0	0	0	0	0	0	0	0	0
S(0,1)SumOfSqs	339.14295	0	0	0	0	0	0	0	0	0	0	0	0	0	0	0
S(0,1)InvDfMom	0.048315386	0	0	0	0	0	0	0	0	0	0	0	0	0	0	0
S(0,1)SumAverg	65.603064	0	0	0	0	0	0	0	0	0	0	0	0	0	0	0
S(0,1)SumVarnc	678.57032	0	0	0	0	0	0	0	0	0	0	0	0	0	0	0
S(0,1)SumEntrp	2.0216027	0	0	0	0	0	0	0	0	0	0	0	0	0	0	0
S(0,1)Entropy	3.6043299	0	0	0	0	0	0	0	0	0	0	0	0	0	0	0
S(0,1)DifVarnc	227.12881	0	0	0	0	0	0	0	0	0	0	0	0	0	0	0
S(0,1)DifEntrp	1.7258975	0	0	0	0	0	0	0	0	0	0	0	0	0	0	0
_Area_S(1,1)	130050	0	0	0	0	0	0	0	0	0	0	0	0	0	0	0
S(1,1)AngScMom	0.0002523656	0	0	0	0	0	0	0	0	0	0	0	0	0	0	0
S(1,1)Contrast	678.73033	0	0	0	0	0	0	0	0	0	0	0	0	0	0	0
S(1,1)Correlat	-0.00055357996	0	0	0	0	0	0	0	0	0	0	0	0	0	0	0
S(1,1)SumOfSqs	339.17741	0	0	0	0	0	0	0	0	0	0	0	0	0	0	0
S(1,1)InvDfMom	0.045559553	0	0	0	0	0	0	0	0	0	0	0	0	0	0	0
S(1,1)SumAverg	65.599139	0	0	0	0	0	0	0	0	0	0	0	0	0	0	0
S(1,1)SumVarnc	677.97929	0	0	0	0	0	0	0	0	0	0	0	0	0	0	0
S(1,1)SumEntrp	2.0216191	0	0	0	0	0	0	0	0	0	0	0	0	0	0	0
S(1,1)Entropy	3.6049949	0	0	0	0	0	0	0	0	0	0	0	0	0	0	0
S(1,1)DifVarnc	224.39185	0	0	0	0	0	0	0	0	0	0	0	0	0	0	0
S(1,1)DifEntrp	1.7257518	0	0	0	0	0	0	0	0	0	0	0	0	0	0	0
_Area_S(1,-1)	130050	0	0	0	0	0	0	0	0	0	0	0	0	0	0	0
S(1,-1)AngScMom	0.00025304023	0	0	0	0	0	0	0	0	0	0	0	0	0	0	0
S(1,-1)Contrast	680.21761	0	0	0	0	0	0	0	0	0	0	0	0	0	0	0
S(1,-1)Correlat	-0.0027428881	0	0	0	0	0	0	0	0	0	0	0	0	0	0	0
S(1,-1)SumOfSqs	339.17848	0	0	0	0	0	0	0	0	0	0	0	0	0	0	0
S(1,-1)InvDfMom	0.046360319	0	0	0	0	0	0	0	0	0	0	0	0	0	0	0
S(1,-1)SumAverg	65.598954	0	0	0	0	0	0	0	0	0	0	0	0	0	0	0
S(1,-1)SumVarnc	676.49629	0	0	0	0	0	0	0	0	0	0	0	0	0	0	0
S(1,-1)SumEntrp	2.0213089	0	0	0	0	0	0	0	0	0	0	0	0	0	0	0
S(1,-1)Entropy	3.604416	0	0	0	0	0	0	0	0	0	0	0	0	0	0	0
S(1,-1)DifVarnc	226.62489	0	0	0	0	0	0	0	0	0	0	0	0	0	0	0
S(1,-1)DifEntrp	1.7260503	0	0	0	0	0	0	0	0	0	0	0	0	0	0	0
_Area_S(2,0)	130048	0	0	0	0	0	0	0	0	0	0	0	0	0	0	0
S(2,0)AngScMom	0.00025344168	0	0	0	0	0	0	0	0	0	0	0	0	0	0	0
S(2,0)Contrast	670.53485	0	0	0	0	0	0	0	0	0	0	0	0	0	0	0
S(2,0)Correlat	0.011782398	0	0	0	0	0	0	0	0	0	0	0	0	0	0	0
S(2,0)SumOfSqs	339.26478	0	0	0	0	0	0	0	0	0	0	0	0	0	0	0
S(2,0)InvDfMom	0.048177217	0	0	0	0	0	0	0	0	0	0	0	0	0	0	0
S(2,0)SumAverg	65.595626	0	0	0	0	0	0	0	0	0	0	0	0	0	0	0
S(2,0)SumVarnc	686.52426	0	0	0	0	0	0	0	0	0	0	0	0	0	0	0
S(2,0)SumEntrp	2.0244355	0	0	0	0	0	0	0	0	0	0	0	0	0	0	0
S(2,0)Entropy	3.6041675	0	0	0	0	0	0	0	0	0	0	0	0	0	0	0
S(2,0)DifVarnc	224.20295	0	0	0	0	0	0	0	0	0	0	0	0	0	0	0
S(2,0)DifEntrp	1.7236557	0	0	0	0	0	0	0	0	0	0	0	0	0	0	0
_Area_S(0,2)	130048	0	0	0	0	0	0	0	0	0	0	0	0	0	0	0
S(0,2)AngScMom	0.00025278489	0	0	0	0	0	0	0	0	0	0	0	0	0	0	0
S(0,2)Contrast	685.29755	0	0	0	0	0	0	0	0	0	0	0	0	0	0	0
S(0,2)Correlat	-0.010792997	0	0	0	0	0	0	0	0	0	0	0	0	0	0	0
S(0,2)SumOfSqs	338.99006	0	0	0	0	0	0	0	0	0	0	0	0	0	0	0
S(0,2)InvDfMom	0.046137512	0	0	0	0	0	0	0	0	0	0	0	0	0	0	0
S(0,2)SumAverg	65.59781	0	0	0	0	0	0	0	0	0	0	0	0	0	0	0
S(0,2)SumVarnc	670.66268	0	0	0	0	0	0	0	0	0	0	0	0	0	0	0
S(0,2)SumEntrp	2.0198588	0	0	0	0	0	0	0	0	0	0	0	0	0	0	0
S(0,2)Entropy	3.6046406	0	0	0	0	0	0	0	0	0	0	0	0	0	0	0
S(0,2)DifVarnc	227.06738	0	0	0	0	0	0	0	0	0	0	0	0	0	0	0
S(0,2)DifEntrp	1.7273015	0	0	0	0	0	0	0	0	0	0	0	0	0	0	0
_Area_S(2,2)	129032	0	0	0	0	0	0	0	0	0	0	0	0	0	0	0
S(2,2)AngScMom	0.00025259193	0	0	0	0	0	0	0	0	0	0	0	0	0	0	0
S(2,2)Contrast	679.68295	0	0	0	0	0	0	0	0	0	0	0	0	0	0	0
S(2,2)Correlat	-0.002526904	0	0	0	0	0	0	0	0	0	0	0	0	0	0	0
S(2,2)SumOfSqs	338.98489	0	0	0	0	0	0	0	0	0	0	0	0	0	0	0
S(2,2)InvDfMom	0.046775658	0	0	0	0	0	0	0	0	0	0	0	0	0	0	0
S(2,2)SumAverg	65.59748	0	0	0	0	0	0	0	0	0	0	0	0	0	0	0
S(2,2)SumVarnc	676.25662	0	0	0	0	0	0	0	0	0	0	0	0	0	0	0
S(2,2)SumEntrp	2.0212137	0	0	0	0	0	0	0	0	0	0	0	0	0	0	0
S(2,2)Entropy	3.6048339	0	0	0	0	0	0	0	0	0	0	0	0	0	0	0
S(2,2)DifVarnc	226.95898	0	0	0	0	0	0	0	0	0	0	0	0	0	0	0
S(2,2)DifEntrp	1.72593	0	0	0	0	0	0	0	0	0	0	0	0	0	0	0
_Area_S(2,-2)	129032	0	0	0	0	0	0	0	0	0	0	0	0	0	0	0
S(2,-2)AngScMom	0.00025325839	0	0	0	0	0	0	0	0	0	0	0	0	0	0	0
S(2,-2)Contrast	676.51403	0	0	0	0	0	0	0	0	0	0	0	0	0	0	0
S(2,-2)Correlat	0.002124447	0	0	0	0	0	0	0	0	0	0	0	0	0	0	0
S(2,-2)SumOfSqs	338.97715	0	0	0	0	0	0	0	0	0	0	0	0	0	0	0
S(2,-2)InvDfMom	0.047804061	0	0	0	0	0	0	0	0	0	0	0	0	0	0	0
S(2,-2)SumAverg	65.596922	0	0	0	0	0	0	0	0	0	0	0	0	0	0	0
S(2,-2)SumVarnc	679.39458	0	0	0	0	0	0	0	0	0	0	0	0	0	0	0
S(2,-2)SumEntrp	2.0220841	0	0	0	0	0	0	0	0	0	0	0	0	0	0	0
S(2,-2)Entropy	3.6042303	0	0	0	0	0	0	0	0	0	0	0	0	0	0	0
S(2,-2)DifVarnc	225.33484	0	0	0	0	0	0	0	0	0	0	0	0	0	0	0
S(2,-2)DifEntrp	1.7252105	0	0	0	0	0	0	0	0	0	0	0	0	0	0	0
_Area_S(3,0)	129536	0	0	0	0	0	0	0	0	0	0	0	0	0	0	0
S(3,0)AngScMom	0.00025300855	0	0	0	0	0	0	0	0	0	0	0	0	0	0	0
S(3,0)Contrast	671.19258	0	0	0	0	0	0	0	0	0	0	0	0	0	0	0
S(3,0)Correlat	0.011106491	0	0	0	0	0	0	0	0	0	0	0	0	0	0	0
S(3,0)SumOfSqs	339.36545	0	0	0	0	0	0	0	0	0	0	0	0	0	0	0
S(3,0)InvDfMom	0.047721584	0	0	0	0	0	0	0	0	0	0	0	0	0	0	0
S(3,0)SumAverg	65.60059	0	0	0	0	0	0	0	0	0	0	0	0	0	0	0
S(3,0)SumVarnc	686.26922	0	0	0	0	0	0	0	0	0	0	0	0	0	0	0
S(3,0)SumEntrp	2.024148	0	0	0	0	0	0	0	0	0	0	0	0	0	0	0
S(3,0)Entropy	3.6044459	0	0	0	0	0	0	0	0	0	0	0	0	0	0	0
S(3,0)DifVarnc	224.27243	0	0	0	0	0	0	0	0	0	0	0	0	0	0	0
S(3,0)DifEntrp	1.7239182	0	0	0	0	0	0	0	0	0	0	0	0	0	0	0
_Area_S(0,3)	129536	0	0	0	0	0	0	0	0	0	0	0	0	0	0	0
S(0,3)AngScMom	0.00025289365	0	0	0	0	0	0	0	0	0	0	0	0	0	0	0
S(0,3)Contrast	678.34165	0	0	0	0	0	0	0	0	0	0	0	0	0	0	0
S(0,3)Correlat	-0.00072357395	0	0	0	0	0	0	0	0	0	0	0	0	0	0	0
S(0,3)SumOfSqs	338.92559	0	0	0	0	0	0	0	0	0	0	0	0	0	0	0
S(0,3)InvDfMom	0.046447999	0	0	0	0	0	0	0	0	0	0	0	0	0	0	0
S(0,3)SumAverg	65.60218	0	0	0	0	0	0	0	0	0	0	0	0	0	0	0
S(0,3)SumVarnc	677.3607	0	0	0	0	0	0	0	0	0	0	0	0	0	0	0
S(0,3)SumEntrp	2.0213334	0	0	0	0	0	0	0	0	0	0	0	0	0	0	0
S(0,3)Entropy	3.6045154	0	0	0	0	0	0	0	0	0	0	0	0	0	0	0
S(0,3)DifVarnc	225.80353	0	0	0	0	0	0	0	0	0	0	0	0	0	0	0
S(0,3)DifEntrp	1.7256448	0	0	0	0	0	0	0	0	0	0	0	0	0	0	0
_Area_S(3,3)	128018	0	0	0	0	0	0	0	0	0	0	0	0	0	0	0
S(3,3)AngScMom	0.00025277924	0	0	0	0	0	0	0	0	0	0	0	0	0	0	0
S(3,3)Contrast	675.83857	0	0	0	0	0	0	0	0	0	0	0	0	0	0	0
S(3,3)Correlat	0.0031964834	0	0	0	0	0	0	0	0	0	0	0	0	0	0	0
S(3,3)SumOfSqs	339.0029	0	0	0	0	0	0	0	0	0	0	0	0	0	0	0
S(3,3)InvDfMom	0.046844596	0	0	0	0	0	0	0	0	0	0	0	0	0	0	0
S(3,3)SumAverg	65.60754	0	0	0	0	0	0	0	0	0	0	0	0	0	0	0
S(3,3)SumVarnc	680.17304	0	0	0	0	0	0	0	0	0	0	0	0	0	0	0
S(3,3)SumEntrp	2.0222761	0	0	0	0	0	0	0	0	0	0	0	0	0	0	0
S(3,3)Entropy	3.6046283	0	0	0	0	0	0	0	0	0	0	0	0	0	0	0
S(3,3)DifVarnc	225.68673	0	0	0	0	0	0	0	0	0	0	0	0	0	0	0
S(3,3)DifEntrp	1.7249317	0	0	0	0	0	0	0	0	0	0	0	0	0	0	0
_Area_S(3,-3)	128018	0	0	0	0	0	0	0	0	0	0	0	0	0	0	0
S(3,-3)AngScMom	0.00025310447	0	0	0	0	0	0	0	0	0	0	0	0	0	0	0
S(3,-3)Contrast	676.41554	0	0	0	0	0	0	0	0	0	0	0	0	0	0	0
S(3,-3)Correlat	0.0023686792	0	0	0	0	0	0	0	0	0	0	0	0	0	0	0
S(3,-3)SumOfSqs	339.01078	0	0	0	0	0	0	0	0	0	0	0	0	0	0	0
S(3,-3)InvDfMom	0.047170593	0	0	0	0	0	0	0	0	0	0	0	0	0	0	0
S(3,-3)SumAverg	65.606305	0	0	0	0	0	0	0	0	0	0	0	0	0	0	0
S(3,-3)SumVarnc	679.62757	0	0	0	0	0	0	0	0	0	0	0	0	0	0	0
S(3,-3)SumEntrp	2.0220731	0	0	0	0	0	0	0	0	0	0	0	0	0	0	0
S(3,-3)Entropy	3.6043523	0	0	0	0	0	0	0	0	0	0	0	0	0	0	0
S(3,-3)DifVarnc	226.26038	0	0	0	0	0	0	0	0	0	0	0	0	0	0	0
S(3,-3)DifEntrp	1.7253011	0	0	0	0	0	0	0	0	0	0	0	0	0	0	0
_Area_S(4,0)	129024	0	0	0	0	0	0	0	0	0	0	0	0	0	0	0
S(4,0)AngScMom	0.0002528657	0	0	0	0	0	0	0	0	0	0	0	0	0	0	0
S(4,0)Contrast	677.24056	0	0	0	0	0	0	0	0	0	0	0	0	0	0	0
S(4,0)Correlat	0.0024368386	0	0	0	0	0	0	0	0	0	0	0	0	0	0	0
S(4,0)SumOfSqs	339.44746	0	0	0	0	0	0	0	0	0	0	0	0	0	0	0
S(4,0)InvDfMom	0.047389561	0	0	0	0	0	0	0	0	0	0	0	0	0	0	0
S(4,0)SumAverg	65.605732	0	0	0	0	0	0	0	0	0	0	0	0	0	0	0
S(4,0)SumVarnc	680.54927	0	0	0	0	0	0	0	0	0	0	0	0	0	0	0
S(4,0)SumEntrp	2.0226397	0	0	0	0	0	0	0	0	0	0	0	0	0	0	0
S(4,0)Entropy	3.6045627	0	0	0	0	0	0	0	0	0	0	0	0	0	0	0
S(4,0)DifVarnc	225.68926	0	0	0	0	0	0	0	0	0	0	0	0	0	0	0
S(4,0)DifEntrp	1.7250889	0	0	0	0	0	0	0	0	0	0	0	0	0	0	0
_Area_S(0,4)	129024	0	0	0	0	0	0	0	0	0	0	0	0	0	0	0
S(0,4)AngScMom	0.00025271072	0	0	0	0	0	0	0	0	0	0	0	0	0	0	0
S(0,4)Contrast	673.68837	0	0	0	0	0	0	0	0	0	0	0	0	0	0	0
S(0,4)Correlat	0.006121096	0	0	0	0	0	0	0	0	0	0	0	0	0	0	0
S(0,4)SumOfSqs	338.91874	0	0	0	0	0	0	0	0	0	0	0	0	0	0	0
S(0,4)InvDfMom	0.046814682	0	0	0	0	0	0	0	0	0	0	0	0	0	0	0
S(0,4)SumAverg	65.591952	0	0	0	0	0	0	0	0	0	0	0	0	0	0	0
S(0,4)SumVarnc	681.98658	0	0	0	0	0	0	0	0	0	0	0	0	0	0	0
S(0,4)SumEntrp	2.0227715	0	0	0	0	0	0	0	0	0	0	0	0	0	0	0
S(0,4)Entropy	3.6047451	0	0	0	0	0	0	0	0	0	0	0	0	0	0	0
S(0,4)DifVarnc	225.07769	0	0	0	0	0	0	0	0	0	0	0	0	0	0	0
S(0,4)DifEntrp	1.7244854	0	0	0	0	0	0	0	0	0	0	0	0	0	0	0
_Area_S(4,4)	127008	0	0	0	0	0	0	0	0	0	0	0	0	0	0	0
S(4,4)AngScMom	0.00025328547	0	0	0	0	0	0	0	0	0	0	0	0	0	0	0
S(4,4)Contrast	679.09623	0	0	0	0	0	0	0	0	0	0	0	0	0	0	0
S(4,4)Correlat	-0.0013967061	0	0	0	0	0	0	0	0	0	0	0	0	0	0	0
S(4,4)SumOfSqs	339.07453	0	0	0	0	0	0	0	0	0	0	0	0	0	0	0
S(4,4)InvDfMom	0.047432863	0	0	0	0	0	0	0	0	0	0	0	0	0	0	0
S(4,4)SumAverg	65.601931	0	0	0	0	0	0	0	0	0	0	0	0	0	0	0
S(4,4)SumVarnc	677.20188	0	0	0	0	0	0	0	0	0	0	0	0	0	0	0
S(4,4)SumEntrp	2.0213061	0	0	0	0	0	0	0	0	0	0	0	0	0	0	0
S(4,4)Entropy	3.6041909	0	0	0	0	0	0	0	0	0	0	0	0	0	0	0
S(4,4)DifVarnc	226.4107	0	0	0	0	0	0	0	0	0	0	0	0	0	0	0
S(4,4)DifEntrp	1.7259167	0	0	0	0	0	0	0	0	0	0	0	0	0	0	0
_Area_S(4,-4)	127008	0	0	0	0	0	0	0	0	0	0	0	0	0	0	0
S(4,-4)AngScMom	0.00025339147	0	0	0	0	0	0	0	0	0	0	0	0	0	0	0
S(4,-4)Contrast	675.87864	0	0	0	0	0	0	0	0	0	0	0	0	0	0	0
S(4,-4)Correlat	0.0033652927	0	0	0	0	0	0	0	0	0	0	0	0	0	0	0
S(4,-4)SumOfSqs	339.08042	0	0	0	0	0	0	0	0	0	0	0	0	0	0	0
S(4,-4)InvDfMom	0.047330001	0	0	0	0	0	0	0	0	0	0	0	0	0	0	0
S(4,-4)SumAverg	65.60149	0	0	0	0	0	0	0	0	0	0	0	0	0	0	0
S(4,-4)SumVarnc	680.44306	0	0	0	0	0	0	0	0	0	0	0	0	0	0	0
S(4,-4)SumEntrp	2.0223494	0	0	0	0	0	0	0	0	0	0	0	0	0	0	0
S(4,-4)Entropy	3.6041151	0	0	0	0	0	0	0	0	0	0	0	0	0	0	0
S(4,-4)DifVarnc	226.77228	0	0	0	0	0	0	0	0	0	0	0	0	0	0	0
S(4,-4)DifEntrp	1.7252205	0	0	0	0	0	0	0	0	0	0	0	0	0	0	0
_Area_S(5,0)	128512	0	0	0	0	0	0	0	0	0	0	0	0	0	0	0
S(5,0)AngScMom	0.00025331816	0	0	0	0	0	0	0	0	0	0	0	0	0	0	0
S(5,0)Contrast	684.17742	0	0	0	0	0	0	0	0	0	0	0	0	0	0	0
S(5,0)Correlat	-0.0077921574	0	0	0	0	0	0	0	0	0	0	0	0	0	0	0
S(5,0)SumOfSqs	339.44371	0	0	0	0	0	0	0	0	0	0	0	0	0	0	0
S(5,0)InvDfMom	0.046678878	0	0	0	0	0	0	0	0	0	0	0	0	0	0	0
S(5,0)SumAverg	65.602278	0	0	0	0	0	0	0	0	0	0	0	0	0	0	0
S(5,0)SumVarnc	673.59742	0	0	0	0	0	0	0	0	0	0	0	0	0	0	0
S(5,0)SumEntrp	2.0205719	0	0	0	0	0	0	0	0	0	0	0	0	0	0	0
S(5,0)Entropy	3.6042007	0	0	0	0	0	0	0	0	0	0	0	0	0	0	0
S(5,0)DifVarnc	227.04725	0	0	0	0	0	0	0	0	0	0	0	0	0	0	0
S(5,0)DifEntrp	1.7267791	0	0	0	0	0	0	0	0	0	0	0	0	0	0	0
_Area_S(0,5)	128512	0	0	0	0	0	0	0	0	0	0	0	0	0	0	0
S(0,5)AngScMom	0.0002531049	0	0	0	0	0	0	0	0	0	0	0	0	0	0	0
S(0,5)Contrast	673.75601	0	0	0	0	0	0	0	0	0	0	0	0	0	0	0
S(0,5)Correlat	0.0060042955	0	0	0	0	0	0	0	0	0	0	0	0	0	0	0
S(0,5)SumOfSqs	338.91294	0	0	0	0	0	0	0	0	0	0	0	0	0	0	0
S(0,5)InvDfMom	0.04670156	0	0	0	0	0	0	0	0	0	0	0	0	0	0	0
S(0,5)SumAverg	65.595275	0	0	0	0	0	0	0	0	0	0	0	0	0	0	0
S(0,5)SumVarnc	681.89574	0	0	0	0	0	0	0	0	0	0	0	0	0	0	0
S(0,5)SumEntrp	2.0226915	0	0	0	0	0	0	0	0	0	0	0	0	0	0	0
S(0,5)Entropy	3.6043222	0	0	0	0	0	0	0	0	0	0	0	0	0	0	0
S(0,5)DifVarnc	225.074	0	0	0	0	0	0	0	0	0	0	0	0	0	0	0
S(0,5)DifEntrp	1.7243088	0	0	0	0	0	0	0	0	0	0	0	0	0	0	0
_Area_S(5,5)	126002	0	0	0	0	0	0	0	0	0	0	0	0	0	0	0
S(5,5)AngScMom	0.00025288288	0	0	0	0	0	0	0	0	0	0	0	0	0	0	0
S(5,5)Contrast	679.18555	0	0	0	0	0	0	0	0	0	0	0	0	0	0	0
S(5,5)Correlat	-0.0014936711	0	0	0	0	0	0	0	0	0	0	0	0	0	0	0
S(5,5)SumOfSqs	339.08629	0	0	0	0	0	0	0	0	0	0	0	0	0	0	0
S(5,5)InvDfMom	0.046001874	0	0	0	0	0	0	0	0	0	0	0	0	0	0	0
S(5,5)SumAverg	65.599927	0	0	0	0	0	0	0	0	0	0	0	0	0	0	0
S(5,5)SumVarnc	677.15962	0	0	0	0	0	0	0	0	0	0	0	0	0	0	0
S(5,5)SumEntrp	2.0212845	0	0	0	0	0	0	0	0	0	0	0	0	0	0	0
S(5,5)Entropy	3.604555	0	0	0	0	0	0	0	0	0	0	0	0	0	0	0
S(5,5)DifVarnc	225.24012	0	0	0	0	0	0	0	0	0	0	0	0	0	0	0
S(5,5)DifEntrp	1.7256613	0	0	0	0	0	0	0	0	0	0	0	0	0	0	0
_Area_S(5,-5)	126002	0	0	0	0	0	0	0	0	0	0	0	0	0	0	0
S(5,-5)AngScMom	0.00025338752	0	0	0	0	0	0	0	0	0	0	0	0	0	0	0
S(5,-5)Contrast	680.81815	0	0	0	0	0	0	0	0	0	0	0	0	0	0	0
S(5,-5)Correlat	-0.0039707699	0	0	0	0	0	0	0	0	0	0	0	0	0	0	0
S(5,-5)SumOfSqs	339.06273	0	0	0	0	0	0	0	0	0	0	0	0	0	0	0
S(5,-5)InvDfMom	0.046284349	0	0	0	0	0	0	0	0	0	0	0	0	0	0	0
S(5,-5)SumAverg	65.600895	0	0	0	0	0	0	0	0	0	0	0	0	0	0	0
S(5,-5)SumVarnc	675.43279	0	0	0	0	0	0	0	0	0	0	0	0	0	0	0
S(5,-5)SumEntrp	2.0208405	0	0	0	0	0	0	0	0	0	0	0	0	0	0	0
S(5,-5)Entropy	3.6041413	0	0	0	0	0	0	0	0	0	0	0	0	0	0	0
S(5,-5)DifVarnc	228.0995	0	0	0	0	0	0	0	0	0	0	0	0	0	0	0
S(5,-5)DifEntrp	1.7263726	0	0	0	0	0	0	0	0	0	0	0	0	0	0	0
Horzl_RLNonUni	62266.226	0	0	0	0	0	0	0	0	0	0	0	0	0	0	0
Horzl_GLevNonU	1008.8714	0	0	0	0	0	0	0	0	0	0	0	0	0	0	0
Horzl_LngREmph	1.0534045	0	0	0	0	0	0	0	0	0	0	0	0	0	0	0
Horzl_ShrtREmp	0.9872295	0	0	0	0	0	0	0	0	0	0	0	0	0	0	0
Horzl_Fraction	0.98287964	0	0	0	0	0	0	0	0	0	0	0	0	0	0	0
Vertl_RLNonUni	62282.218	0	0	0	0	0	0	0	0	0	0	0	0	0	0	0
Vertl_GLevNonU	1009.0541	0	0	0	0	0	0	0	0	0	0	0	0	0	0	0
Vertl_LngREmph	1.0523081	0	0	0	0	0	0	0	0	0	0	0	0	0	0	0
Vertl_ShrtREmp	0.98726791	0	0	0	0	0	0	0	0	0	0	0	0	0	0	0
Vertl_Fraction	0.98306274	0	0	0	0	0	0	0	0	0	0	0	0	0	0	0
45dgr_RLNonUni	62606.197	0	0	0	0	0	0	0	0	0	0	0	0	0	0	0
45dgr_GLevNonU	1010.8652	0	0	0	0	0	0	0	0	0	0	0	0	0	0	0
45dgr_LngREmph	1.0470273	0	0	0	0	0	0	0	0	0	0	0	0	0	0	0
45dgr_ShrtREmp	0.98857029	0	0	0	0	0	0	0	0	0	0	0	0	0	0	0
45dgr_Fraction	0.98475647	0	0	0	0	0	0	0	0	0	0	0	0	0	0	0
135dr_RLNonUni	62644.56	0	0	0	0	0	0	0	0	0	0	0	0	0	0	0
135dr_GLevNonU	1011.0826	0	0	0	0	0	0	0	0	0	0	0	0	0	0	0
135dr_LngREmph	1.0462263	0	0	0	0	0	0	0	0	0	0	0	0	0	0	0
135dr_ShrtREmp	0.98871883	0	0	0	0	0	0	0	0	0	0	0	0	0	0	0
135dr_Fraction	0.98498535	0	0	0	0	0	0	0	0	0	0	0	0	0	0	0
_AreaGr	64516	0	0	0	0	0	0	0	0	0	0	0	0	0	0	0
GrMean	8.3036427	0	0	0	0	0	0	0	0	0	0	0	0	0	0	0
GrVariance	15.565034	0	0	0	0	0	0	0	0	0	0	0	0	0	0	0
GrSkewness	0.17853372	0	0	0	0	0	0	0	0	0	0	0	0	0	0	0
GrKurtosis	-0.67225613	0	0	0	0	0	0	0	0	0	0	0	0	0	0	0
GrNonZeros	0.99652799	0	0	0	0	0	0	0	0	0	0	0	0	0	0	0
_AreaARM	64770	0	0	0	0	0	0	0	0	0	0	0	0	0	0	0
Teta1	0.028533865	0	0	0	0	0	0	0	0	0	0	0	0	0	0	0
Teta2	-0.0022291856	0	0	0	0	0	0	0	0	0	0	0	0	0	0	0
Teta3	0.00039201831	0	0	0	0	0	0	0	0	0	0	0	0	0	0	0
Teta4	-0.00037563891	0	0	0	0	0	0	0	0	0	0	0	0	0	0	0
Sigma	0.99914751	0	0	0	0	0	0	0	0	0	0	0	0	0	0	0
WavEnLL_s-1	17949.575	0	0	0	0	0	0	0	0	0	0	0	0	0	0	0
WavEnLH_s-1	1402.6622	0	0	0	0	0	0	0	0	0	0	0	0	0	0	0
WavEnHL_s-1	1320.1449	0	0	0	0	0	0	0	0	0	0	0	0	0	0	0
WavEnHH_s-1	1322.493	0	0	0	0	0	0	0	0	0	0	0	0	0	0	0
WavEnLL_s-2	16924.081	0	0	0	0	0	0	0	0	0	0	0	0	0	0	0
WavEnLH_s-2	355.85948	0	0	0	0	0	0	0	0	0	0	0	0	0	0	0
WavEnHL_s-2	333.24332	0	0	0	0	0	0	0	0	0	0	0	0	0	0	0
WavEnHH_s-2	336.39128	0	0	0	0	0	0	0	0	0	0	0	0	0	0	0
WavEnLL_s-3	16656.685	0	0	0	0	0	0	0	0	0	0	0	0	0	0	0
WavEnLH_s-3	87.850111	0	0	0	0	0	0	0	0	0	0	0	0	0	0	0
WavEnHL_s-3	85.805877	0	0	0	0	0	0	0	0	0	0	0	0	0	0	0
WavEnHH_s-3	93.739683	0	0	0	0	0	0	0	0	0	0	0	0	0	0	0
WavEnLL_s-4	16586.777	0	0	0	0	0	0	0	0	0	0	0	0	0	0	0
WavEnLH_s-4	25.810739	0	0	0	0	0	0	0	0	0	0	0	0	0	0	0
WavEnHL_s-4	21.939511	0	0	0	0	0	0	0	0	0	0	0	0	0	0	0
WavEnHH_s-4	22.157531	0	0	0	0	0	0	0	0	0	0	0	0	0	0	0
