Image File: canvas1-a-p022.png 
ROI File: allred.roi 
Image size: 256 x 256
Min. lum.: 1
Max. lum.: 256
Bits/pixel: 8

Normalisation =  No
Histogram analysis = Yes
CO matrix analysis = Yes, Dimensions = 6 x 6, Distances = 1 2 3 4 5
RL matrix analysis = Yes, Dimension = 6
Gradient analysis = Yes, Max pixel value = 16
AR model analysis = Yes
Wavelet analysis = Yes

--------------- CLASS NAMES ----------------

----------------- FEATURES -----------------
_Area	65536	0	0	0	0	0	0	0	0	0	0	0	0	0	0	0
Mean	128.41795	0	0	0	0	0	0	0	0	0	0	0	0	0	0	0
Variance	5492.573	0	0	0	0	0	0	0	0	0	0	0	0	0	0	0
Skewness	0.0054308932	0	0	0	0	0	0	0	0	0	0	0	0	0	0	0
Kurtosis	-1.2082577	0	0	0	0	0	0	0	0	0	0	0	0	0	0	0
Perc.01%	3	0	0	0	0	0	0	0	0	0	0	0	0	0	0	0
Perc.10%	26	0	0	0	0	0	0	0	0	0	0	0	0	0	0	0
Perc.50%	128	0	0	0	0	0	0	0	0	0	0	0	0	0	0	0
Perc.90%	231	0	0	0	0	0	0	0	0	0	0	0	0	0	0	0
Perc.99%	254	0	0	0	0	0	0	0	0	0	0	0	0	0	0	0
_Area_S(1,0)	130560	0	0	0	0	0	0	0	0	0	0	0	0	0	0	0
S(1,0)AngScMom	0.00025529274	0	0	0	0	0	0	0	0	0	0	0	0	0	0	0
S(1,0)Contrast	665.07514	0	0	0	0	0	0	0	0	0	0	0	0	0	0	0
S(1,0)Correlat	0.030505829	0	0	0	0	0	0	0	0	0	0	0	0	0	0	0
S(1,0)SumOfSqs	343.0011	0	0	0	0	0	0	0	0	0	0	0	0	0	0	0
S(1,0)InvDfMom	0.050057957	0	0	0	0	0	0	0	0	0	0	0	0	0	0	0
S(1,0)SumAverg	64.957797	0	0	0	0	0	0	0	0	0	0	0	0	0	0	0
S(1,0)SumVarnc	706.92927	0	0	0	0	0	0	0	0	0	0	0	0	0	0	0
S(1,0)SumEntrp	2.0292254	0	0	0	0	0	0	0	0	0	0	0	0	0	0	0
S(1,0)Entropy	3.6024717	0	0	0	0	0	0	0	0	0	0	0	0	0	0	0
S(1,0)DifVarnc	224.33567	0	0	0	0	0	0	0	0	0	0	0	0	0	0	0
S(1,0)DifEntrp	1.7218029	0	0	0	0	0	0	0	0	0	0	0	0	0	0	0
_Area_S(0,1)	130560	0	0	0	0	0	0	0	0	0	0	0	0	0	0	0
S(0,1)AngScMom	0.00025294215	0	0	0	0	0	0	0	0	0	0	0	0	0	0	0
S(0,1)Contrast	680.45622	0	0	0	0	0	0	0	0	0	0	0	0	0	0	0
S(0,1)Correlat	0.0074549106	0	0	0	0	0	0	0	0	0	0	0	0	0	0	0
S(0,1)SumOfSqs	342.78353	0	0	0	0	0	0	0	0	0	0	0	0	0	0	0
S(0,1)InvDfMom	0.04674865	0	0	0	0	0	0	0	0	0	0	0	0	0	0	0
S(0,1)SumAverg	64.973866	0	0	0	0	0	0	0	0	0	0	0	0	0	0	0
S(0,1)SumVarnc	690.6779	0	0	0	0	0	0	0	0	0	0	0	0	0	0	0
S(0,1)SumEntrp	2.0248706	0	0	0	0	0	0	0	0	0	0	0	0	0	0	0
S(0,1)Entropy	3.6044614	0	0	0	0	0	0	0	0	0	0	0	0	0	0	0
S(0,1)DifVarnc	226.73751	0	0	0	0	0	0	0	0	0	0	0	0	0	0	0
S(0,1)DifEntrp	1.7260244	0	0	0	0	0	0	0	0	0	0	0	0	0	0	0
_Area_S(1,1)	130050	0	0	0	0	0	0	0	0	0	0	0	0	0	0	0
S(1,1)AngScMom	0.00025286439	0	0	0	0	0	0	0	0	0	0	0	0	0	0	0
S(1,1)Contrast	689.70573	0	0	0	0	0	0	0	0	0	0	0	0	0	0	0
S(1,1)Correlat	-0.0059660499	0	0	0	0	0	0	0	0	0	0	0	0	0	0	0
S(1,1)SumOfSqs	342.80766	0	0	0	0	0	0	0	0	0	0	0	0	0	0	0
S(1,1)InvDfMom	0.045694794	0	0	0	0	0	0	0	0	0	0	0	0	0	0	0
S(1,1)SumAverg	64.972411	0	0	0	0	0	0	0	0	0	0	0	0	0	0	0
S(1,1)SumVarnc	681.5249	0	0	0	0	0	0	0	0	0	0	0	0	0	0	0
S(1,1)SumEntrp	2.0224563	0	0	0	0	0	0	0	0	0	0	0	0	0	0	0
S(1,1)Entropy	3.6045481	0	0	0	0	0	0	0	0	0	0	0	0	0	0	0
S(1,1)DifVarnc	228.25587	0	0	0	0	0	0	0	0	0	0	0	0	0	0	0
S(1,1)DifEntrp	1.7283414	0	0	0	0	0	0	0	0	0	0	0	0	0	0	0
_Area_S(1,-1)	130050	0	0	0	0	0	0	0	0	0	0	0	0	0	0	0
S(1,-1)AngScMom	0.00025300144	0	0	0	0	0	0	0	0	0	0	0	0	0	0	0
S(1,-1)Contrast	683.14124	0	0	0	0	0	0	0	0	0	0	0	0	0	0	0
S(1,-1)Correlat	0.0036034008	0	0	0	0	0	0	0	0	0	0	0	0	0	0	0
S(1,-1)SumOfSqs	342.80589	0	0	0	0	0	0	0	0	0	0	0	0	0	0	0
S(1,-1)InvDfMom	0.04632214	0	0	0	0	0	0	0	0	0	0	0	0	0	0	0
S(1,-1)SumAverg	64.972257	0	0	0	0	0	0	0	0	0	0	0	0	0	0	0
S(1,-1)SumVarnc	688.08231	0	0	0	0	0	0	0	0	0	0	0	0	0	0	0
S(1,-1)SumEntrp	2.0243333	0	0	0	0	0	0	0	0	0	0	0	0	0	0	0
S(1,-1)Entropy	3.6044238	0	0	0	0	0	0	0	0	0	0	0	0	0	0	0
S(1,-1)DifVarnc	226.54403	0	0	0	0	0	0	0	0	0	0	0	0	0	0	0
S(1,-1)DifEntrp	1.7268902	0	0	0	0	0	0	0	0	0	0	0	0	0	0	0
_Area_S(2,0)	130048	0	0	0	0	0	0	0	0	0	0	0	0	0	0	0
S(2,0)AngScMom	0.00025459078	0	0	0	0	0	0	0	0	0	0	0	0	0	0	0
S(2,0)Contrast	669.0283	0	0	0	0	0	0	0	0	0	0	0	0	0	0	0
S(2,0)Correlat	0.024738858	0	0	0	0	0	0	0	0	0	0	0	0	0	0	0
S(2,0)SumOfSqs	342.99957	0	0	0	0	0	0	0	0	0	0	0	0	0	0	0
S(2,0)InvDfMom	0.048769756	0	0	0	0	0	0	0	0	0	0	0	0	0	0	0
S(2,0)SumAverg	64.957616	0	0	0	0	0	0	0	0	0	0	0	0	0	0	0
S(2,0)SumVarnc	702.96997	0	0	0	0	0	0	0	0	0	0	0	0	0	0	0
S(2,0)SumEntrp	2.0283818	0	0	0	0	0	0	0	0	0	0	0	0	0	0	0
S(2,0)Entropy	3.6030889	0	0	0	0	0	0	0	0	0	0	0	0	0	0	0
S(2,0)DifVarnc	225.32553	0	0	0	0	0	0	0	0	0	0	0	0	0	0	0
S(2,0)DifEntrp	1.722907	0	0	0	0	0	0	0	0	0	0	0	0	0	0	0
_Area_S(0,2)	130048	0	0	0	0	0	0	0	0	0	0	0	0	0	0	0
S(0,2)AngScMom	0.00025323592	0	0	0	0	0	0	0	0	0	0	0	0	0	0	0
S(0,2)Contrast	686.33111	0	0	0	0	0	0	0	0	0	0	0	0	0	0	0
S(0,2)Correlat	-0.0013347684	0	0	0	0	0	0	0	0	0	0	0	0	0	0	0
S(0,2)SumOfSqs	342.70812	0	0	0	0	0	0	0	0	0	0	0	0	0	0	0
S(0,2)InvDfMom	0.046413669	0	0	0	0	0	0	0	0	0	0	0	0	0	0	0
S(0,2)SumAverg	64.968319	0	0	0	0	0	0	0	0	0	0	0	0	0	0	0
S(0,2)SumVarnc	684.50136	0	0	0	0	0	0	0	0	0	0	0	0	0	0	0
S(0,2)SumEntrp	2.0232093	0	0	0	0	0	0	0	0	0	0	0	0	0	0	0
S(0,2)Entropy	3.6042384	0	0	0	0	0	0	0	0	0	0	0	0	0	0	0
S(0,2)DifVarnc	228.27211	0	0	0	0	0	0	0	0	0	0	0	0	0	0	0
S(0,2)DifEntrp	1.7275557	0	0	0	0	0	0	0	0	0	0	0	0	0	0	0
_Area_S(2,2)	129032	0	0	0	0	0	0	0	0	0	0	0	0	0	0	0
S(2,2)AngScMom	0.00025288204	0	0	0	0	0	0	0	0	0	0	0	0	0	0	0
S(2,2)Contrast	686.72472	0	0	0	0	0	0	0	0	0	0	0	0	0	0	0
S(2,2)Correlat	-0.0018535379	0	0	0	0	0	0	0	0	0	0	0	0	0	0	0
S(2,2)SumOfSqs	342.7271	0	0	0	0	0	0	0	0	0	0	0	0	0	0	0
S(2,2)InvDfMom	0.046720078	0	0	0	0	0	0	0	0	0	0	0	0	0	0	0
S(2,2)SumAverg	64.967264	0	0	0	0	0	0	0	0	0	0	0	0	0	0	0
S(2,2)SumVarnc	684.18369	0	0	0	0	0	0	0	0	0	0	0	0	0	0	0
S(2,2)SumEntrp	2.0232047	0	0	0	0	0	0	0	0	0	0	0	0	0	0	0
S(2,2)Entropy	3.6045089	0	0	0	0	0	0	0	0	0	0	0	0	0	0	0
S(2,2)DifVarnc	229.39765	0	0	0	0	0	0	0	0	0	0	0	0	0	0	0
S(2,2)DifEntrp	1.7275429	0	0	0	0	0	0	0	0	0	0	0	0	0	0	0
_Area_S(2,-2)	129032	0	0	0	0	0	0	0	0	0	0	0	0	0	0	0
S(2,-2)AngScMom	0.00025324397	0	0	0	0	0	0	0	0	0	0	0	0	0	0	0
S(2,-2)Contrast	686.12372	0	0	0	0	0	0	0	0	0	0	0	0	0	0	0
S(2,-2)Correlat	-0.00095477444	0	0	0	0	0	0	0	0	0	0	0	0	0	0	0
S(2,-2)SumOfSqs	342.73463	0	0	0	0	0	0	0	0	0	0	0	0	0	0	0
S(2,-2)InvDfMom	0.047468512	0	0	0	0	0	0	0	0	0	0	0	0	0	0	0
S(2,-2)SumAverg	64.966737	0	0	0	0	0	0	0	0	0	0	0	0	0	0	0
S(2,-2)SumVarnc	684.81478	0	0	0	0	0	0	0	0	0	0	0	0	0	0	0
S(2,-2)SumEntrp	2.0231938	0	0	0	0	0	0	0	0	0	0	0	0	0	0	0
S(2,-2)Entropy	3.6042753	0	0	0	0	0	0	0	0	0	0	0	0	0	0	0
S(2,-2)DifVarnc	229.26722	0	0	0	0	0	0	0	0	0	0	0	0	0	0	0
S(2,-2)DifEntrp	1.728108	0	0	0	0	0	0	0	0	0	0	0	0	0	0	0
_Area_S(3,0)	129536	0	0	0	0	0	0	0	0	0	0	0	0	0	0	0
S(3,0)AngScMom	0.00025389022	0	0	0	0	0	0	0	0	0	0	0	0	0	0	0
S(3,0)Contrast	673.41666	0	0	0	0	0	0	0	0	0	0	0	0	0	0	0
S(3,0)Correlat	0.018250299	0	0	0	0	0	0	0	0	0	0	0	0	0	0	0
S(3,0)SumOfSqs	342.96759	0	0	0	0	0	0	0	0	0	0	0	0	0	0	0
S(3,0)InvDfMom	0.048307342	0	0	0	0	0	0	0	0	0	0	0	0	0	0	0
S(3,0)SumAverg	64.957541	0	0	0	0	0	0	0	0	0	0	0	0	0	0	0
S(3,0)SumVarnc	698.4537	0	0	0	0	0	0	0	0	0	0	0	0	0	0	0
S(3,0)SumEntrp	2.0270968	0	0	0	0	0	0	0	0	0	0	0	0	0	0	0
S(3,0)Entropy	3.6036405	0	0	0	0	0	0	0	0	0	0	0	0	0	0	0
S(3,0)DifVarnc	227.13407	0	0	0	0	0	0	0	0	0	0	0	0	0	0	0
S(3,0)DifEntrp	1.7243979	0	0	0	0	0	0	0	0	0	0	0	0	0	0	0
_Area_S(0,3)	129536	0	0	0	0	0	0	0	0	0	0	0	0	0	0	0
S(0,3)AngScMom	0.00025301391	0	0	0	0	0	0	0	0	0	0	0	0	0	0	0
S(0,3)Contrast	680.85369	0	0	0	0	0	0	0	0	0	0	0	0	0	0	0
S(0,3)Correlat	0.0067185073	0	0	0	0	0	0	0	0	0	0	0	0	0	0	0
S(0,3)SumOfSqs	342.72948	0	0	0	0	0	0	0	0	0	0	0	0	0	0	0
S(0,3)InvDfMom	0.046592353	0	0	0	0	0	0	0	0	0	0	0	0	0	0	0
S(0,3)SumAverg	64.958992	0	0	0	0	0	0	0	0	0	0	0	0	0	0	0
S(0,3)SumVarnc	690.06422	0	0	0	0	0	0	0	0	0	0	0	0	0	0	0
S(0,3)SumEntrp	2.0248193	0	0	0	0	0	0	0	0	0	0	0	0	0	0	0
S(0,3)Entropy	3.6044383	0	0	0	0	0	0	0	0	0	0	0	0	0	0	0
S(0,3)DifVarnc	226.33615	0	0	0	0	0	0	0	0	0	0	0	0	0	0	0
S(0,3)DifEntrp	1.725874	0	0	0	0	0	0	0	0	0	0	0	0	0	0	0
_Area_S(3,3)	128018	0	0	0	0	0	0	0	0	0	0	0	0	0	0	0
S(3,3)AngScMom	0.0002529014	0	0	0	0	0	0	0	0	0	0	0	0	0	0	0
S(3,3)Contrast	683.33258	0	0	0	0	0	0	0	0	0	0	0	0	0	0	0
S(3,3)Correlat	0.0030826531	0	0	0	0	0	0	0	0	0	0	0	0	0	0	0
S(3,3)SumOfSqs	342.72278	0	0	0	0	0	0	0	0	0	0	0	0	0	0	0
S(3,3)InvDfMom	0.047033645	0	0	0	0	0	0	0	0	0	0	0	0	0	0	0
S(3,3)SumAverg	64.956319	0	0	0	0	0	0	0	0	0	0	0	0	0	0	0
S(3,3)SumVarnc	687.55856	0	0	0	0	0	0	0	0	0	0	0	0	0	0	0
S(3,3)SumEntrp	2.0240079	0	0	0	0	0	0	0	0	0	0	0	0	0	0	0
S(3,3)Entropy	3.6044914	0	0	0	0	0	0	0	0	0	0	0	0	0	0	0
S(3,3)DifVarnc	228.54292	0	0	0	0	0	0	0	0	0	0	0	0	0	0	0
S(3,3)DifEntrp	1.7265591	0	0	0	0	0	0	0	0	0	0	0	0	0	0	0
_Area_S(3,-3)	128018	0	0	0	0	0	0	0	0	0	0	0	0	0	0	0
S(3,-3)AngScMom	0.00025303259	0	0	0	0	0	0	0	0	0	0	0	0	0	0	0
S(3,-3)Contrast	685.39932	0	0	0	0	0	0	0	0	0	0	0	0	0	0	0
S(3,-3)Correlat	5.6731675e-05	0	0	0	0	0	0	0	0	0	0	0	0	0	0	0
S(3,-3)SumOfSqs	342.7191	0	0	0	0	0	0	0	0	0	0	0	0	0	0	0
S(3,-3)InvDfMom	0.046519779	0	0	0	0	0	0	0	0	0	0	0	0	0	0	0
S(3,-3)SumAverg	64.958756	0	0	0	0	0	0	0	0	0	0	0	0	0	0	0
S(3,-3)SumVarnc	685.47709	0	0	0	0	0	0	0	0	0	0	0	0	0	0	0
S(3,-3)SumEntrp	2.0234008	0	0	0	0	0	0	0	0	0	0	0	0	0	0	0
S(3,-3)Entropy	3.6044056	0	0	0	0	0	0	0	0	0	0	0	0	0	0	0
S(3,-3)DifVarnc	228.19699	0	0	0	0	0	0	0	0	0	0	0	0	0	0	0
S(3,-3)DifEntrp	1.7273231	0	0	0	0	0	0	0	0	0	0	0	0	0	0	0
_Area_S(4,0)	129024	0	0	0	0	0	0	0	0	0	0	0	0	0	0	0
S(4,0)AngScMom	0.00025340393	0	0	0	0	0	0	0	0	0	0	0	0	0	0	0
S(4,0)Contrast	672.8415	0	0	0	0	0	0	0	0	0	0	0	0	0	0	0
S(4,0)Correlat	0.019177139	0	0	0	0	0	0	0	0	0	0	0	0	0	0	0
S(4,0)SumOfSqs	342.99848	0	0	0	0	0	0	0	0	0	0	0	0	0	0	0
S(4,0)InvDfMom	0.048322938	0	0	0	0	0	0	0	0	0	0	0	0	0	0	0
S(4,0)SumAverg	64.965665	0	0	0	0	0	0	0	0	0	0	0	0	0	0	0
S(4,0)SumVarnc	699.15242	0	0	0	0	0	0	0	0	0	0	0	0	0	0	0
S(4,0)SumEntrp	2.0274105	0	0	0	0	0	0	0	0	0	0	0	0	0	0	0
S(4,0)Entropy	3.6041241	0	0	0	0	0	0	0	0	0	0	0	0	0	0	0
S(4,0)DifVarnc	226.0472	0	0	0	0	0	0	0	0	0	0	0	0	0	0	0
S(4,0)DifEntrp	1.7241557	0	0	0	0	0	0	0	0	0	0	0	0	0	0	0
_Area_S(0,4)	129024	0	0	0	0	0	0	0	0	0	0	0	0	0	0	0
S(0,4)AngScMom	0.00025282942	0	0	0	0	0	0	0	0	0	0	0	0	0	0	0
S(0,4)Contrast	688.4565	0	0	0	0	0	0	0	0	0	0	0	0	0	0	0
S(0,4)Correlat	-0.0043517346	0	0	0	0	0	0	0	0	0	0	0	0	0	0	0
S(0,4)SumOfSqs	342.73675	0	0	0	0	0	0	0	0	0	0	0	0	0	0	0
S(0,4)InvDfMom	0.046240303	0	0	0	0	0	0	0	0	0	0	0	0	0	0	0
S(0,4)SumAverg	64.955729	0	0	0	0	0	0	0	0	0	0	0	0	0	0	0
S(0,4)SumVarnc	682.49051	0	0	0	0	0	0	0	0	0	0	0	0	0	0	0
S(0,4)SumEntrp	2.0226551	0	0	0	0	0	0	0	0	0	0	0	0	0	0	0
S(0,4)Entropy	3.6045607	0	0	0	0	0	0	0	0	0	0	0	0	0	0	0
S(0,4)DifVarnc	228.55242	0	0	0	0	0	0	0	0	0	0	0	0	0	0	0
S(0,4)DifEntrp	1.7279893	0	0	0	0	0	0	0	0	0	0	0	0	0	0	0
_Area_S(4,4)	127008	0	0	0	0	0	0	0	0	0	0	0	0	0	0	0
S(4,4)AngScMom	0.00025339085	0	0	0	0	0	0	0	0	0	0	0	0	0	0	0
S(4,4)Contrast	688.15678	0	0	0	0	0	0	0	0	0	0	0	0	0	0	0
S(4,4)Correlat	-0.0038369329	0	0	0	0	0	0	0	0	0	0	0	0	0	0	0
S(4,4)SumOfSqs	342.76323	0	0	0	0	0	0	0	0	0	0	0	0	0	0	0
S(4,4)InvDfMom	0.046290947	0	0	0	0	0	0	0	0	0	0	0	0	0	0	0
S(4,4)SumAverg	64.962868	0	0	0	0	0	0	0	0	0	0	0	0	0	0	0
S(4,4)SumVarnc	682.89614	0	0	0	0	0	0	0	0	0	0	0	0	0	0	0
S(4,4)SumEntrp	2.022733	0	0	0	0	0	0	0	0	0	0	0	0	0	0	0
S(4,4)Entropy	3.6041446	0	0	0	0	0	0	0	0	0	0	0	0	0	0	0
S(4,4)DifVarnc	228.73822	0	0	0	0	0	0	0	0	0	0	0	0	0	0	0
S(4,4)DifEntrp	1.7280457	0	0	0	0	0	0	0	0	0	0	0	0	0	0	0
_Area_S(4,-4)	127008	0	0	0	0	0	0	0	0	0	0	0	0	0	0	0
S(4,-4)AngScMom	0.00025355327	0	0	0	0	0	0	0	0	0	0	0	0	0	0	0
S(4,-4)Contrast	685.12612	0	0	0	0	0	0	0	0	0	0	0	0	0	0	0
S(4,-4)Correlat	0.00058283765	0	0	0	0	0	0	0	0	0	0	0	0	0	0	0
S(4,-4)SumOfSqs	342.76283	0	0	0	0	0	0	0	0	0	0	0	0	0	0	0
S(4,-4)InvDfMom	0.046384406	0	0	0	0	0	0	0	0	0	0	0	0	0	0	0
S(4,-4)SumAverg	64.964522	0	0	0	0	0	0	0	0	0	0	0	0	0	0	0
S(4,-4)SumVarnc	685.92522	0	0	0	0	0	0	0	0	0	0	0	0	0	0	0
S(4,-4)SumEntrp	2.0235905	0	0	0	0	0	0	0	0	0	0	0	0	0	0	0
S(4,-4)Entropy	3.603944	0	0	0	0	0	0	0	0	0	0	0	0	0	0	0
S(4,-4)DifVarnc	229.04498	0	0	0	0	0	0	0	0	0	0	0	0	0	0	0
S(4,-4)DifEntrp	1.7274502	0	0	0	0	0	0	0	0	0	0	0	0	0	0	0
_Area_S(5,0)	128512	0	0	0	0	0	0	0	0	0	0	0	0	0	0	0
S(5,0)AngScMom	0.00025341952	0	0	0	0	0	0	0	0	0	0	0	0	0	0	0
S(5,0)Contrast	677.92013	0	0	0	0	0	0	0	0	0	0	0	0	0	0	0
S(5,0)Correlat	0.01143191	0	0	0	0	0	0	0	0	0	0	0	0	0	0	0
S(5,0)SumOfSqs	342.87984	0	0	0	0	0	0	0	0	0	0	0	0	0	0	0
S(5,0)InvDfMom	0.048243526	0	0	0	0	0	0	0	0	0	0	0	0	0	0	0
S(5,0)SumAverg	64.971365	0	0	0	0	0	0	0	0	0	0	0	0	0	0	0
S(5,0)SumVarnc	693.59922	0	0	0	0	0	0	0	0	0	0	0	0	0	0	0
S(5,0)SumEntrp	2.0256966	0	0	0	0	0	0	0	0	0	0	0	0	0	0	0
S(5,0)Entropy	3.6040982	0	0	0	0	0	0	0	0	0	0	0	0	0	0	0
S(5,0)DifVarnc	227.51965	0	0	0	0	0	0	0	0	0	0	0	0	0	0	0
S(5,0)DifEntrp	1.7255394	0	0	0	0	0	0	0	0	0	0	0	0	0	0	0
_Area_S(0,5)	128512	0	0	0	0	0	0	0	0	0	0	0	0	0	0	0
S(0,5)AngScMom	0.00025346626	0	0	0	0	0	0	0	0	0	0	0	0	0	0	0
S(0,5)Contrast	690.08124	0	0	0	0	0	0	0	0	0	0	0	0	0	0	0
S(0,5)Correlat	-0.0066585339	0	0	0	0	0	0	0	0	0	0	0	0	0	0	0
S(0,5)SumOfSqs	342.75835	0	0	0	0	0	0	0	0	0	0	0	0	0	0	0
S(0,5)InvDfMom	0.046650524	0	0	0	0	0	0	0	0	0	0	0	0	0	0	0
S(0,5)SumAverg	64.944534	0	0	0	0	0	0	0	0	0	0	0	0	0	0	0
S(0,5)SumVarnc	680.95217	0	0	0	0	0	0	0	0	0	0	0	0	0	0	0
S(0,5)SumEntrp	2.0225272	0	0	0	0	0	0	0	0	0	0	0	0	0	0	0
S(0,5)Entropy	3.6040935	0	0	0	0	0	0	0	0	0	0	0	0	0	0	0
S(0,5)DifVarnc	229.71779	0	0	0	0	0	0	0	0	0	0	0	0	0	0	0
S(0,5)DifEntrp	1.7280999	0	0	0	0	0	0	0	0	0	0	0	0	0	0	0
_Area_S(5,5)	126002	0	0	0	0	0	0	0	0	0	0	0	0	0	0	0
S(5,5)AngScMom	0.00025320348	0	0	0	0	0	0	0	0	0	0	0	0	0	0	0
S(5,5)Contrast	687.29785	0	0	0	0	0	0	0	0	0	0	0	0	0	0	0
S(5,5)Correlat	-0.002878398	0	0	0	0	0	0	0	0	0	0	0	0	0	0	0
S(5,5)SumOfSqs	342.66261	0	0	0	0	0	0	0	0	0	0	0	0	0	0	0
S(5,5)InvDfMom	0.046641924	0	0	0	0	0	0	0	0	0	0	0	0	0	0	0
S(5,5)SumAverg	64.955382	0	0	0	0	0	0	0	0	0	0	0	0	0	0	0
S(5,5)SumVarnc	683.35258	0	0	0	0	0	0	0	0	0	0	0	0	0	0	0
S(5,5)SumEntrp	2.0227808	0	0	0	0	0	0	0	0	0	0	0	0	0	0	0
S(5,5)Entropy	3.6042119	0	0	0	0	0	0	0	0	0	0	0	0	0	0	0
S(5,5)DifVarnc	229.21515	0	0	0	0	0	0	0	0	0	0	0	0	0	0	0
S(5,5)DifEntrp	1.7276686	0	0	0	0	0	0	0	0	0	0	0	0	0	0	0
_Area_S(5,-5)	126002	0	0	0	0	0	0	0	0	0	0	0	0	0	0	0
S(5,-5)AngScMom	0.00025356817	0	0	0	0	0	0	0	0	0	0	0	0	0	0	0
S(5,-5)Contrast	682.23479	0	0	0	0	0	0	0	0	0	0	0	0	0	0	0
S(5,-5)Correlat	0.0045274773	0	0	0	0	0	0	0	0	0	0	0	0	0	0	0
S(5,-5)SumOfSqs	342.66882	0	0	0	0	0	0	0	0	0	0	0	0	0	0	0
S(5,-5)InvDfMom	0.047599785	0	0	0	0	0	0	0	0	0	0	0	0	0	0	0
S(5,-5)SumAverg	64.959445	0	0	0	0	0	0	0	0	0	0	0	0	0	0	0
S(5,-5)SumVarnc	688.44049	0	0	0	0	0	0	0	0	0	0	0	0	0	0	0
S(5,-5)SumEntrp	2.0244238	0	0	0	0	0	0	0	0	0	0	0	0	0	0	0
S(5,-5)Entropy	3.6039603	0	0	0	0	0	0	0	0	0	0	0	0	0	0	0
S(5,-5)DifVarnc	227.45772	0	0	0	0	0	0	0	0	0	0	0	0	0	0	0
S(5,-5)DifEntrp	1.7265594	0	0	0	0	0	0	0	0	0	0	0	0	0	0	0
Horzl_RLNonUni	62194.21	0	0	0	0	0	0	0	0	0	0	0	0	0	0	0
Horzl_GLevNonU	1008.6018	0	0	0	0	0	0	0	0	0	0	0	0	0	0	0
Horzl_LngREmph	1.0550301	0	0	0	0	0	0	0	0	0	0	0	0	0	0	0
Horzl_ShrtREmp	0.98695114	0	0	0	0	0	0	0	0	0	0	0	0	0	0	0
Horzl_Fraction	0.98240662	0	0	0	0	0	0	0	0	0	0	0	0	0	0	0
Vertl_RLNonUni	62545.513	0	0	0	0	0	0	0	0	0	0	0	0	0	0	0
Vertl_GLevNonU	1010.6513	0	0	0	0	0	0	0	0	0	0	0	0	0	0	0
Vertl_LngREmph	1.0479409	0	0	0	0	0	0	0	0	0	0	0	0	0	0	0
Vertl_ShrtREmp	0.98832478	0	0	0	0	0	0	0	0	0	0	0	0	0	0	0
Vertl_Fraction	0.98445129	0	0	0	0	0	0	0	0	0	0	0	0	0	0	0
45dgr_RLNonUni	62698.547	0	0	0	0	0	0	0	0	0	0	0	0	0	0	0
45dgr_GLevNonU	1011.5986	0	0	0	0	0	0	0	0	0	0	0	0	0	0	0
45dgr_LngREmph	1.0453299	0	0	0	0	0	0	0	0	0	0	0	0	0	0	0
45dgr_ShrtREmp	0.98893477	0	0	0	0	0	0	0	0	0	0	0	0	0	0	0
45dgr_Fraction	0.98527527	0	0	0	0	0	0	0	0	0	0	0	0	0	0	0
135dr_RLNonUni	62561.964	0	0	0	0	0	0	0	0	0	0	0	0	0	0	0
135dr_GLevNonU	1010.7561	0	0	0	0	0	0	0	0	0	0	0	0	0	0	0
135dr_LngREmph	1.0479231	0	0	0	0	0	0	0	0	0	0	0	0	0	0	0
135dr_ShrtREmp	0.98839809	0	0	0	0	0	0	0	0	0	0	0	0	0	0	0
135dr_Fraction	0.98449707	0	0	0	0	0	0	0	0	0	0	0	0	0	0	0
_AreaGr	64516	0	0	0	0	0	0	0	0	0	0	0	0	0	0	0
GrMean	8.2923053	0	0	0	0	0	0	0	0	0	0	0	0	0	0	0
GrVariance	15.65574	0	0	0	0	0	0	0	0	0	0	0	0	0	0	0
GrSkewness	0.17212374	0	0	0	0	0	0	0	0	0	0	0	0	0	0	0
GrKurtosis	-0.65843843	0	0	0	0	0	0	0	0	0	0	0	0	0	0	0
GrNonZeros	0.99538099	0	0	0	0	0	0	0	0	0	0	0	0	0	0	0
_AreaARM	64770	0	0	0	0	0	0	0	0	0	0	0	0	0	0	0
Teta1	0.029789394	0	0	0	0	0	0	0	0	0	0	0	0	0	0	0
Teta2	0.003816514	0	0	0	0	0	0	0	0	0	0	0	0	0	0	0
Teta3	0.0079796761	0	0	0	0	0	0	0	0	0	0	0	0	0	0	0
Teta4	-0.0062078402	0	0	0	0	0	0	0	0	0	0	0	0	0	0	0
Sigma	0.99918687	0	0	0	0	0	0	0	0	0	0	0	0	0	0	0
WavEnLL_s-1	17639.278	0	0	0	0	0	0	0	0	0	0	0	0	0	0	0
WavEnLH_s-1	1412.3043	0	0	0	0	0	0	0	0	0	0	0	0	0	0	0
WavEnHL_s-1	1337.0088	0	0	0	0	0	0	0	0	0	0	0	0	0	0	0
WavEnHH_s-1	1339.317	0	0	0	0	0	0	0	0	0	0	0	0	0	0	0
WavEnLL_s-2	16610.851	0	0	0	0	0	0	0	0	0	0	0	0	0	0	0
WavEnLH_s-2	372.97671	0	0	0	0	0	0	0	0	0	0	0	0	0	0	0
WavEnHL_s-2	334.44285	0	0	0	0	0	0	0	0	0	0	0	0	0	0	0
WavEnHH_s-2	321.00765	0	0	0	0	0	0	0	0	0	0	0	0	0	0	0
WavEnLL_s-3	16342.264	0	0	0	0	0	0	0	0	0	0	0	0	0	0	0
WavEnLH_s-3	102.79182	0	0	0	0	0	0	0	0	0	0	0	0	0	0	0
WavEnHL_s-3	80.36138	0	0	0	0	0	0	0	0	0	0	0	0	0	0	0
WavEnHH_s-3	85.432992	0	0	0	0	0	0	0	0	0	0	0	0	0	0	0
WavEnLL_s-4	16265.431	0	0	0	0	0	0	0	0	0	0	0	0	0	0	0
WavEnLH_s-4	30.977541	0	0	0	0	0	0	0	0	0	0	0	0	0	0	0
WavEnHL_s-4	23.774227	0	0	0	0	0	0	0	0	0	0	0	0	0	0	0
WavEnHH_s-4	22.0813	0	0	0	0	0	0	0	0	0	0	0	0	0	0	0
