Image File: canvas1-a-p005.png 
ROI File: allred.roi 
Image size: 256 x 256
Min. lum.: 1
Max. lum.: 256
Bits/pixel: 8

Normalisation =  No
Histogram analysis = Yes
CO matrix analysis = Yes, Dimensions = 6 x 6, Distances = 1 2 3 4 5
RL matrix analysis = Yes, Dimension = 6
Gradient analysis = Yes, Max pixel value = 16
AR model analysis = Yes
Wavelet analysis = Yes

--------------- CLASS NAMES ----------------

----------------- FEATURES -----------------
_Area	65536	0	0	0	0	0	0	0	0	0	0	0	0	0	0	0
Mean	131.2554	0	0	0	0	0	0	0	0	0	0	0	0	0	0	0
Variance	5330.844	0	0	0	0	0	0	0	0	0	0	0	0	0	0	0
Skewness	-0.037963157	0	0	0	0	0	0	0	0	0	0	0	0	0	0	0
Kurtosis	-1.183967	0	0	0	0	0	0	0	0	0	0	0	0	0	0	0
Perc.01%	3	0	0	0	0	0	0	0	0	0	0	0	0	0	0	0
Perc.10%	29	0	0	0	0	0	0	0	0	0	0	0	0	0	0	0
Perc.50%	132	0	0	0	0	0	0	0	0	0	0	0	0	0	0	0
Perc.90%	231	0	0	0	0	0	0	0	0	0	0	0	0	0	0	0
Perc.99%	254	0	0	0	0	0	0	0	0	0	0	0	0	0	0	0
_Area_S(1,0)	130560	0	0	0	0	0	0	0	0	0	0	0	0	0	0	0
S(1,0)AngScMom	0.00025747098	0	0	0	0	0	0	0	0	0	0	0	0	0	0	0
S(1,0)Contrast	654.37829	0	0	0	0	0	0	0	0	0	0	0	0	0	0	0
S(1,0)Correlat	0.017597399	0	0	0	0	0	0	0	0	0	0	0	0	0	0	0
S(1,0)SumOfSqs	333.04996	0	0	0	0	0	0	0	0	0	0	0	0	0	0	0
S(1,0)InvDfMom	0.049347917	0	0	0	0	0	0	0	0	0	0	0	0	0	0	0
S(1,0)SumAverg	66.357184	0	0	0	0	0	0	0	0	0	0	0	0	0	0	0
S(1,0)SumVarnc	677.82155	0	0	0	0	0	0	0	0	0	0	0	0	0	0	0
S(1,0)SumEntrp	2.0217004	0	0	0	0	0	0	0	0	0	0	0	0	0	0	0
S(1,0)Entropy	3.600542	0	0	0	0	0	0	0	0	0	0	0	0	0	0	0
S(1,0)DifVarnc	219.36254	0	0	0	0	0	0	0	0	0	0	0	0	0	0	0
S(1,0)DifEntrp	1.7188676	0	0	0	0	0	0	0	0	0	0	0	0	0	0	0
_Area_S(0,1)	130560	0	0	0	0	0	0	0	0	0	0	0	0	0	0	0
S(0,1)AngScMom	0.00025613634	0	0	0	0	0	0	0	0	0	0	0	0	0	0	0
S(0,1)Contrast	664.97217	0	0	0	0	0	0	0	0	0	0	0	0	0	0	0
S(0,1)Correlat	0.0012001245	0	0	0	0	0	0	0	0	0	0	0	0	0	0	0
S(0,1)SumOfSqs	332.88559	0	0	0	0	0	0	0	0	0	0	0	0	0	0	0
S(0,1)InvDfMom	0.048092626	0	0	0	0	0	0	0	0	0	0	0	0	0	0	0
S(0,1)SumAverg	66.382552	0	0	0	0	0	0	0	0	0	0	0	0	0	0	0
S(0,1)SumVarnc	666.57018	0	0	0	0	0	0	0	0	0	0	0	0	0	0	0
S(0,1)SumEntrp	2.0181611	0	0	0	0	0	0	0	0	0	0	0	0	0	0	0
S(0,1)Entropy	3.6016033	0	0	0	0	0	0	0	0	0	0	0	0	0	0	0
S(0,1)DifVarnc	222.63485	0	0	0	0	0	0	0	0	0	0	0	0	0	0	0
S(0,1)DifEntrp	1.7222277	0	0	0	0	0	0	0	0	0	0	0	0	0	0	0
_Area_S(1,1)	130050	0	0	0	0	0	0	0	0	0	0	0	0	0	0	0
S(1,1)AngScMom	0.00025571687	0	0	0	0	0	0	0	0	0	0	0	0	0	0	0
S(1,1)Contrast	662.79998	0	0	0	0	0	0	0	0	0	0	0	0	0	0	0
S(1,1)Correlat	0.0045054134	0	0	0	0	0	0	0	0	0	0	0	0	0	0	0
S(1,1)SumOfSqs	332.89984	0	0	0	0	0	0	0	0	0	0	0	0	0	0	0
S(1,1)InvDfMom	0.048634076	0	0	0	0	0	0	0	0	0	0	0	0	0	0	0
S(1,1)SumAverg	66.375748	0	0	0	0	0	0	0	0	0	0	0	0	0	0	0
S(1,1)SumVarnc	668.79939	0	0	0	0	0	0	0	0	0	0	0	0	0	0	0
S(1,1)SumEntrp	2.0189342	0	0	0	0	0	0	0	0	0	0	0	0	0	0	0
S(1,1)Entropy	3.6019628	0	0	0	0	0	0	0	0	0	0	0	0	0	0	0
S(1,1)DifVarnc	222.01311	0	0	0	0	0	0	0	0	0	0	0	0	0	0	0
S(1,1)DifEntrp	1.7214656	0	0	0	0	0	0	0	0	0	0	0	0	0	0	0
_Area_S(1,-1)	130050	0	0	0	0	0	0	0	0	0	0	0	0	0	0	0
S(1,-1)AngScMom	0.00025592404	0	0	0	0	0	0	0	0	0	0	0	0	0	0	0
S(1,-1)Contrast	665.39433	0	0	0	0	0	0	0	0	0	0	0	0	0	0	0
S(1,-1)Correlat	0.0006038752	0	0	0	0	0	0	0	0	0	0	0	0	0	0	0
S(1,-1)SumOfSqs	332.89819	0	0	0	0	0	0	0	0	0	0	0	0	0	0	0
S(1,-1)InvDfMom	0.047488012	0	0	0	0	0	0	0	0	0	0	0	0	0	0	0
S(1,-1)SumAverg	66.375333	0	0	0	0	0	0	0	0	0	0	0	0	0	0	0
S(1,-1)SumVarnc	666.19844	0	0	0	0	0	0	0	0	0	0	0	0	0	0	0
S(1,-1)SumEntrp	2.0179941	0	0	0	0	0	0	0	0	0	0	0	0	0	0	0
S(1,-1)Entropy	3.6017608	0	0	0	0	0	0	0	0	0	0	0	0	0	0	0
S(1,-1)DifVarnc	221.86328	0	0	0	0	0	0	0	0	0	0	0	0	0	0	0
S(1,-1)DifEntrp	1.7221361	0	0	0	0	0	0	0	0	0	0	0	0	0	0	0
_Area_S(2,0)	130048	0	0	0	0	0	0	0	0	0	0	0	0	0	0	0
S(2,0)AngScMom	0.00025628964	0	0	0	0	0	0	0	0	0	0	0	0	0	0	0
S(2,0)Contrast	662.93402	0	0	0	0	0	0	0	0	0	0	0	0	0	0	0
S(2,0)Correlat	0.0051088898	0	0	0	0	0	0	0	0	0	0	0	0	0	0	0
S(2,0)SumOfSqs	333.16914	0	0	0	0	0	0	0	0	0	0	0	0	0	0	0
S(2,0)InvDfMom	0.047332253	0	0	0	0	0	0	0	0	0	0	0	0	0	0	0
S(2,0)SumAverg	66.361559	0	0	0	0	0	0	0	0	0	0	0	0	0	0	0
S(2,0)SumVarnc	669.74252	0	0	0	0	0	0	0	0	0	0	0	0	0	0	0
S(2,0)SumEntrp	2.0195171	0	0	0	0	0	0	0	0	0	0	0	0	0	0	0
S(2,0)Entropy	3.6015561	0	0	0	0	0	0	0	0	0	0	0	0	0	0	0
S(2,0)DifVarnc	221.62522	0	0	0	0	0	0	0	0	0	0	0	0	0	0	0
S(2,0)DifEntrp	1.7212661	0	0	0	0	0	0	0	0	0	0	0	0	0	0	0
_Area_S(0,2)	130048	0	0	0	0	0	0	0	0	0	0	0	0	0	0	0
S(0,2)AngScMom	0.00025603243	0	0	0	0	0	0	0	0	0	0	0	0	0	0	0
S(0,2)Contrast	667.25278	0	0	0	0	0	0	0	0	0	0	0	0	0	0	0
S(0,2)Correlat	-0.0023711434	0	0	0	0	0	0	0	0	0	0	0	0	0	0	0
S(0,2)SumOfSqs	332.83719	0	0	0	0	0	0	0	0	0	0	0	0	0	0	0
S(0,2)InvDfMom	0.047054365	0	0	0	0	0	0	0	0	0	0	0	0	0	0	0
S(0,2)SumAverg	66.383535	0	0	0	0	0	0	0	0	0	0	0	0	0	0	0
S(0,2)SumVarnc	664.09596	0	0	0	0	0	0	0	0	0	0	0	0	0	0	0
S(0,2)SumEntrp	2.017292	0	0	0	0	0	0	0	0	0	0	0	0	0	0	0
S(0,2)Entropy	3.6017365	0	0	0	0	0	0	0	0	0	0	0	0	0	0	0
S(0,2)DifVarnc	223.15018	0	0	0	0	0	0	0	0	0	0	0	0	0	0	0
S(0,2)DifEntrp	1.7221811	0	0	0	0	0	0	0	0	0	0	0	0	0	0	0
_Area_S(2,2)	129032	0	0	0	0	0	0	0	0	0	0	0	0	0	0	0
S(2,2)AngScMom	0.0002558352	0	0	0	0	0	0	0	0	0	0	0	0	0	0	0
S(2,2)Contrast	665.24431	0	0	0	0	0	0	0	0	0	0	0	0	0	0	0
S(2,2)Correlat	0.0010634227	0	0	0	0	0	0	0	0	0	0	0	0	0	0	0
S(2,2)SumOfSqs	332.97625	0	0	0	0	0	0	0	0	0	0	0	0	0	0	0
S(2,2)InvDfMom	0.047468381	0	0	0	0	0	0	0	0	0	0	0	0	0	0	0
S(2,2)SumAverg	66.380588	0	0	0	0	0	0	0	0	0	0	0	0	0	0	0
S(2,2)SumVarnc	666.66069	0	0	0	0	0	0	0	0	0	0	0	0	0	0	0
S(2,2)SumEntrp	2.0183191	0	0	0	0	0	0	0	0	0	0	0	0	0	0	0
S(2,2)Entropy	3.6019167	0	0	0	0	0	0	0	0	0	0	0	0	0	0	0
S(2,2)DifVarnc	221.46538	0	0	0	0	0	0	0	0	0	0	0	0	0	0	0
S(2,2)DifEntrp	1.721878	0	0	0	0	0	0	0	0	0	0	0	0	0	0	0
_Area_S(2,-2)	129032	0	0	0	0	0	0	0	0	0	0	0	0	0	0	0
S(2,-2)AngScMom	0.00025621432	0	0	0	0	0	0	0	0	0	0	0	0	0	0	0
S(2,-2)Contrast	664.03765	0	0	0	0	0	0	0	0	0	0	0	0	0	0	0
S(2,-2)Correlat	0.002852781	0	0	0	0	0	0	0	0	0	0	0	0	0	0	0
S(2,-2)SumOfSqs	332.96871	0	0	0	0	0	0	0	0	0	0	0	0	0	0	0
S(2,-2)InvDfMom	0.048596632	0	0	0	0	0	0	0	0	0	0	0	0	0	0	0
S(2,-2)SumAverg	66.380169	0	0	0	0	0	0	0	0	0	0	0	0	0	0	0
S(2,-2)SumVarnc	667.8372	0	0	0	0	0	0	0	0	0	0	0	0	0	0	0
S(2,-2)SumEntrp	2.0185578	0	0	0	0	0	0	0	0	0	0	0	0	0	0	0
S(2,-2)Entropy	3.6015919	0	0	0	0	0	0	0	0	0	0	0	0	0	0	0
S(2,-2)DifVarnc	222.40269	0	0	0	0	0	0	0	0	0	0	0	0	0	0	0
S(2,-2)DifEntrp	1.7214723	0	0	0	0	0	0	0	0	0	0	0	0	0	0	0
_Area_S(3,0)	129536	0	0	0	0	0	0	0	0	0	0	0	0	0	0	0
S(3,0)AngScMom	0.00025645381	0	0	0	0	0	0	0	0	0	0	0	0	0	0	0
S(3,0)Contrast	662.11353	0	0	0	0	0	0	0	0	0	0	0	0	0	0	0
S(3,0)Correlat	0.0064826545	0	0	0	0	0	0	0	0	0	0	0	0	0	0	0
S(3,0)SumOfSqs	333.21689	0	0	0	0	0	0	0	0	0	0	0	0	0	0	0
S(3,0)InvDfMom	0.048037305	0	0	0	0	0	0	0	0	0	0	0	0	0	0	0
S(3,0)SumAverg	66.348336	0	0	0	0	0	0	0	0	0	0	0	0	0	0	0
S(3,0)SumVarnc	670.75405	0	0	0	0	0	0	0	0	0	0	0	0	0	0	0
S(3,0)SumEntrp	2.0197161	0	0	0	0	0	0	0	0	0	0	0	0	0	0	0
S(3,0)Entropy	3.6012629	0	0	0	0	0	0	0	0	0	0	0	0	0	0	0
S(3,0)DifVarnc	221.69372	0	0	0	0	0	0	0	0	0	0	0	0	0	0	0
S(3,0)DifEntrp	1.7211147	0	0	0	0	0	0	0	0	0	0	0	0	0	0	0
_Area_S(0,3)	129536	0	0	0	0	0	0	0	0	0	0	0	0	0	0	0
S(0,3)AngScMom	0.00025641185	0	0	0	0	0	0	0	0	0	0	0	0	0	0	0
S(0,3)Contrast	660.90761	0	0	0	0	0	0	0	0	0	0	0	0	0	0	0
S(0,3)Correlat	0.0072755838	0	0	0	0	0	0	0	0	0	0	0	0	0	0	0
S(0,3)SumOfSqs	332.87567	0	0	0	0	0	0	0	0	0	0	0	0	0	0	0
S(0,3)InvDfMom	0.047475943	0	0	0	0	0	0	0	0	0	0	0	0	0	0	0
S(0,3)SumAverg	66.388402	0	0	0	0	0	0	0	0	0	0	0	0	0	0	0
S(0,3)SumVarnc	670.59507	0	0	0	0	0	0	0	0	0	0	0	0	0	0	0
S(0,3)SumEntrp	2.0194879	0	0	0	0	0	0	0	0	0	0	0	0	0	0	0
S(0,3)Entropy	3.6014	0	0	0	0	0	0	0	0	0	0	0	0	0	0	0
S(0,3)DifVarnc	221.66968	0	0	0	0	0	0	0	0	0	0	0	0	0	0	0
S(0,3)DifEntrp	1.720615	0	0	0	0	0	0	0	0	0	0	0	0	0	0	0
_Area_S(3,3)	128018	0	0	0	0	0	0	0	0	0	0	0	0	0	0	0
S(3,3)AngScMom	0.00025599452	0	0	0	0	0	0	0	0	0	0	0	0	0	0	0
S(3,3)Contrast	664.90948	0	0	0	0	0	0	0	0	0	0	0	0	0	0	0
S(3,3)Correlat	0.0018135473	0	0	0	0	0	0	0	0	0	0	0	0	0	0	0
S(3,3)SumOfSqs	333.05876	0	0	0	0	0	0	0	0	0	0	0	0	0	0	0
S(3,3)InvDfMom	0.047536893	0	0	0	0	0	0	0	0	0	0	0	0	0	0	0
S(3,3)SumAverg	66.370651	0	0	0	0	0	0	0	0	0	0	0	0	0	0	0
S(3,3)SumVarnc	667.32555	0	0	0	0	0	0	0	0	0	0	0	0	0	0	0
S(3,3)SumEntrp	2.0184052	0	0	0	0	0	0	0	0	0	0	0	0	0	0	0
S(3,3)Entropy	3.6017614	0	0	0	0	0	0	0	0	0	0	0	0	0	0	0
S(3,3)DifVarnc	222.69738	0	0	0	0	0	0	0	0	0	0	0	0	0	0	0
S(3,3)DifEntrp	1.7216806	0	0	0	0	0	0	0	0	0	0	0	0	0	0	0
_Area_S(3,-3)	128018	0	0	0	0	0	0	0	0	0	0	0	0	0	0	0
S(3,-3)AngScMom	0.00025636136	0	0	0	0	0	0	0	0	0	0	0	0	0	0	0
S(3,-3)Contrast	664.16843	0	0	0	0	0	0	0	0	0	0	0	0	0	0	0
S(3,-3)Correlat	0.0029114407	0	0	0	0	0	0	0	0	0	0	0	0	0	0	0
S(3,-3)SumOfSqs	333.05388	0	0	0	0	0	0	0	0	0	0	0	0	0	0	0
S(3,-3)InvDfMom	0.048244413	0	0	0	0	0	0	0	0	0	0	0	0	0	0	0
S(3,-3)SumAverg	66.370245	0	0	0	0	0	0	0	0	0	0	0	0	0	0	0
S(3,-3)SumVarnc	668.0471	0	0	0	0	0	0	0	0	0	0	0	0	0	0	0
S(3,-3)SumEntrp	2.0182588	0	0	0	0	0	0	0	0	0	0	0	0	0	0	0
S(3,-3)Entropy	3.6014468	0	0	0	0	0	0	0	0	0	0	0	0	0	0	0
S(3,-3)DifVarnc	222.86523	0	0	0	0	0	0	0	0	0	0	0	0	0	0	0
S(3,-3)DifEntrp	1.7217979	0	0	0	0	0	0	0	0	0	0	0	0	0	0	0
_Area_S(4,0)	129024	0	0	0	0	0	0	0	0	0	0	0	0	0	0	0
S(4,0)AngScMom	0.00025569885	0	0	0	0	0	0	0	0	0	0	0	0	0	0	0
S(4,0)Contrast	661.12016	0	0	0	0	0	0	0	0	0	0	0	0	0	0	0
S(4,0)Correlat	0.0075674636	0	0	0	0	0	0	0	0	0	0	0	0	0	0	0
S(4,0)SumOfSqs	333.08066	0	0	0	0	0	0	0	0	0	0	0	0	0	0	0
S(4,0)InvDfMom	0.047472418	0	0	0	0	0	0	0	0	0	0	0	0	0	0	0
S(4,0)SumAverg	66.361669	0	0	0	0	0	0	0	0	0	0	0	0	0	0	0
S(4,0)SumVarnc	671.20247	0	0	0	0	0	0	0	0	0	0	0	0	0	0	0
S(4,0)SumEntrp	2.0194463	0	0	0	0	0	0	0	0	0	0	0	0	0	0	0
S(4,0)Entropy	3.6020645	0	0	0	0	0	0	0	0	0	0	0	0	0	0	0
S(4,0)DifVarnc	222.30755	0	0	0	0	0	0	0	0	0	0	0	0	0	0	0
S(4,0)DifEntrp	1.7207239	0	0	0	0	0	0	0	0	0	0	0	0	0	0	0
_Area_S(0,4)	129024	0	0	0	0	0	0	0	0	0	0	0	0	0	0	0
S(0,4)AngScMom	0.0002560702	0	0	0	0	0	0	0	0	0	0	0	0	0	0	0
S(0,4)Contrast	662.87773	0	0	0	0	0	0	0	0	0	0	0	0	0	0	0
S(0,4)Correlat	0.0040788191	0	0	0	0	0	0	0	0	0	0	0	0	0	0	0
S(0,4)SumOfSqs	332.79628	0	0	0	0	0	0	0	0	0	0	0	0	0	0	0
S(0,4)InvDfMom	0.047655596	0	0	0	0	0	0	0	0	0	0	0	0	0	0	0
S(0,4)SumAverg	66.38923	0	0	0	0	0	0	0	0	0	0	0	0	0	0	0
S(0,4)SumVarnc	668.30739	0	0	0	0	0	0	0	0	0	0	0	0	0	0	0
S(0,4)SumEntrp	2.0186998	0	0	0	0	0	0	0	0	0	0	0	0	0	0	0
S(0,4)Entropy	3.6017932	0	0	0	0	0	0	0	0	0	0	0	0	0	0	0
S(0,4)DifVarnc	221.82434	0	0	0	0	0	0	0	0	0	0	0	0	0	0	0
S(0,4)DifEntrp	1.7214015	0	0	0	0	0	0	0	0	0	0	0	0	0	0	0
_Area_S(4,4)	127008	0	0	0	0	0	0	0	0	0	0	0	0	0	0	0
S(4,4)AngScMom	0.00025591233	0	0	0	0	0	0	0	0	0	0	0	0	0	0	0
S(4,4)Contrast	665.13791	0	0	0	0	0	0	0	0	0	0	0	0	0	0	0
S(4,4)Correlat	0.00086294506	0	0	0	0	0	0	0	0	0	0	0	0	0	0	0
S(4,4)SumOfSqs	332.85619	0	0	0	0	0	0	0	0	0	0	0	0	0	0	0
S(4,4)InvDfMom	0.046240743	0	0	0	0	0	0	0	0	0	0	0	0	0	0	0
S(4,4)SumAverg	66.384354	0	0	0	0	0	0	0	0	0	0	0	0	0	0	0
S(4,4)SumVarnc	666.28686	0	0	0	0	0	0	0	0	0	0	0	0	0	0	0
S(4,4)SumEntrp	2.0183404	0	0	0	0	0	0	0	0	0	0	0	0	0	0	0
S(4,4)Entropy	3.6018443	0	0	0	0	0	0	0	0	0	0	0	0	0	0	0
S(4,4)DifVarnc	221.54284	0	0	0	0	0	0	0	0	0	0	0	0	0	0	0
S(4,4)DifEntrp	1.7217197	0	0	0	0	0	0	0	0	0	0	0	0	0	0	0
_Area_S(4,-4)	127008	0	0	0	0	0	0	0	0	0	0	0	0	0	0	0
S(4,-4)AngScMom	0.00025612484	0	0	0	0	0	0	0	0	0	0	0	0	0	0	0
S(4,-4)Contrast	661.28927	0	0	0	0	0	0	0	0	0	0	0	0	0	0	0
S(4,-4)Correlat	0.0065759697	0	0	0	0	0	0	0	0	0	0	0	0	0	0	0
S(4,-4)SumOfSqs	332.83334	0	0	0	0	0	0	0	0	0	0	0	0	0	0	0
S(4,-4)InvDfMom	0.048125669	0	0	0	0	0	0	0	0	0	0	0	0	0	0	0
S(4,-4)SumAverg	66.38618	0	0	0	0	0	0	0	0	0	0	0	0	0	0	0
S(4,-4)SumVarnc	670.04408	0	0	0	0	0	0	0	0	0	0	0	0	0	0	0
S(4,-4)SumEntrp	2.0190335	0	0	0	0	0	0	0	0	0	0	0	0	0	0	0
S(4,-4)Entropy	3.6017588	0	0	0	0	0	0	0	0	0	0	0	0	0	0	0
S(4,-4)DifVarnc	221.67311	0	0	0	0	0	0	0	0	0	0	0	0	0	0	0
S(4,-4)DifEntrp	1.7212139	0	0	0	0	0	0	0	0	0	0	0	0	0	0	0
_Area_S(5,0)	128512	0	0	0	0	0	0	0	0	0	0	0	0	0	0	0
S(5,0)AngScMom	0.0002564062	0	0	0	0	0	0	0	0	0	0	0	0	0	0	0
S(5,0)Contrast	665.38123	0	0	0	0	0	0	0	0	0	0	0	0	0	0	0
S(5,0)Correlat	0.0012385323	0	0	0	0	0	0	0	0	0	0	0	0	0	0	0
S(5,0)SumOfSqs	333.10317	0	0	0	0	0	0	0	0	0	0	0	0	0	0	0
S(5,0)InvDfMom	0.047906751	0	0	0	0	0	0	0	0	0	0	0	0	0	0	0
S(5,0)SumAverg	66.361958	0	0	0	0	0	0	0	0	0	0	0	0	0	0	0
S(5,0)SumVarnc	667.03146	0	0	0	0	0	0	0	0	0	0	0	0	0	0	0
S(5,0)SumEntrp	2.018346	0	0	0	0	0	0	0	0	0	0	0	0	0	0	0
S(5,0)Entropy	3.6013658	0	0	0	0	0	0	0	0	0	0	0	0	0	0	0
S(5,0)DifVarnc	222.60809	0	0	0	0	0	0	0	0	0	0	0	0	0	0	0
S(5,0)DifEntrp	1.7220829	0	0	0	0	0	0	0	0	0	0	0	0	0	0	0
_Area_S(0,5)	128512	0	0	0	0	0	0	0	0	0	0	0	0	0	0	0
S(0,5)AngScMom	0.00025613687	0	0	0	0	0	0	0	0	0	0	0	0	0	0	0
S(0,5)Contrast	669.57209	0	0	0	0	0	0	0	0	0	0	0	0	0	0	0
S(0,5)Correlat	-0.0058641122	0	0	0	0	0	0	0	0	0	0	0	0	0	0	0
S(0,5)SumOfSqs	332.83427	0	0	0	0	0	0	0	0	0	0	0	0	0	0	0
S(0,5)InvDfMom	0.046646113	0	0	0	0	0	0	0	0	0	0	0	0	0	0	0
S(0,5)SumAverg	66.39271	0	0	0	0	0	0	0	0	0	0	0	0	0	0	0
S(0,5)SumVarnc	661.76498	0	0	0	0	0	0	0	0	0	0	0	0	0	0	0
S(0,5)SumEntrp	2.0169353	0	0	0	0	0	0	0	0	0	0	0	0	0	0	0
S(0,5)Entropy	3.6015627	0	0	0	0	0	0	0	0	0	0	0	0	0	0	0
S(0,5)DifVarnc	222.75265	0	0	0	0	0	0	0	0	0	0	0	0	0	0	0
S(0,5)DifEntrp	1.7230392	0	0	0	0	0	0	0	0	0	0	0	0	0	0	0
_Area_S(5,5)	126002	0	0	0	0	0	0	0	0	0	0	0	0	0	0	0
S(5,5)AngScMom	0.00025597247	0	0	0	0	0	0	0	0	0	0	0	0	0	0	0
S(5,5)Contrast	664.96305	0	0	0	0	0	0	0	0	0	0	0	0	0	0	0
S(5,5)Correlat	0.0012825695	0	0	0	0	0	0	0	0	0	0	0	0	0	0	0
S(5,5)SumOfSqs	332.9085	0	0	0	0	0	0	0	0	0	0	0	0	0	0	0
S(5,5)InvDfMom	0.04724412	0	0	0	0	0	0	0	0	0	0	0	0	0	0	0
S(5,5)SumAverg	66.388232	0	0	0	0	0	0	0	0	0	0	0	0	0	0	0
S(5,5)SumVarnc	666.67096	0	0	0	0	0	0	0	0	0	0	0	0	0	0	0
S(5,5)SumEntrp	2.018464	0	0	0	0	0	0	0	0	0	0	0	0	0	0	0
S(5,5)Entropy	3.6018035	0	0	0	0	0	0	0	0	0	0	0	0	0	0	0
S(5,5)DifVarnc	221.86726	0	0	0	0	0	0	0	0	0	0	0	0	0	0	0
S(5,5)DifEntrp	1.721746	0	0	0	0	0	0	0	0	0	0	0	0	0	0	0
_Area_S(5,-5)	126002	0	0	0	0	0	0	0	0	0	0	0	0	0	0	0
S(5,-5)AngScMom	0.00025602715	0	0	0	0	0	0	0	0	0	0	0	0	0	0	0
S(5,-5)Contrast	667.9949	0	0	0	0	0	0	0	0	0	0	0	0	0	0	0
S(5,-5)Correlat	-0.0033345745	0	0	0	0	0	0	0	0	0	0	0	0	0	0	0
S(5,-5)SumOfSqs	332.88741	0	0	0	0	0	0	0	0	0	0	0	0	0	0	0
S(5,-5)InvDfMom	0.047856468	0	0	0	0	0	0	0	0	0	0	0	0	0	0	0
S(5,-5)SumAverg	66.389502	0	0	0	0	0	0	0	0	0	0	0	0	0	0	0
S(5,-5)SumVarnc	663.55475	0	0	0	0	0	0	0	0	0	0	0	0	0	0	0
S(5,-5)SumEntrp	2.0170907	0	0	0	0	0	0	0	0	0	0	0	0	0	0	0
S(5,-5)Entropy	3.6017855	0	0	0	0	0	0	0	0	0	0	0	0	0	0	0
S(5,-5)DifVarnc	223.47061	0	0	0	0	0	0	0	0	0	0	0	0	0	0	0
S(5,-5)DifEntrp	1.7228519	0	0	0	0	0	0	0	0	0	0	0	0	0	0	0
Horzl_RLNonUni	62270.031	0	0	0	0	0	0	0	0	0	0	0	0	0	0	0
Horzl_GLevNonU	1015.1719	0	0	0	0	0	0	0	0	0	0	0	0	0	0	0
Horzl_LngREmph	1.0530924	0	0	0	0	0	0	0	0	0	0	0	0	0	0	0
Horzl_ShrtREmp	0.98723628	0	0	0	0	0	0	0	0	0	0	0	0	0	0	0
Horzl_Fraction	0.98291016	0	0	0	0	0	0	0	0	0	0	0	0	0	0	0
Vertl_RLNonUni	62406.309	0	0	0	0	0	0	0	0	0	0	0	0	0	0	0
Vertl_GLevNonU	1015.7181	0	0	0	0	0	0	0	0	0	0	0	0	0	0	0
Vertl_LngREmph	1.0504289	0	0	0	0	0	0	0	0	0	0	0	0	0	0	0
Vertl_ShrtREmp	0.98777195	0	0	0	0	0	0	0	0	0	0	0	0	0	0	0
Vertl_Fraction	0.98368835	0	0	0	0	0	0	0	0	0	0	0	0	0	0	0
45dgr_RLNonUni	62359.835	0	0	0	0	0	0	0	0	0	0	0	0	0	0	0
45dgr_GLevNonU	1015.7241	0	0	0	0	0	0	0	0	0	0	0	0	0	0	0
45dgr_LngREmph	1.0506229	0	0	0	0	0	0	0	0	0	0	0	0	0	0	0
45dgr_ShrtREmp	0.98756837	0	0	0	0	0	0	0	0	0	0	0	0	0	0	0
45dgr_Fraction	0.98353577	0	0	0	0	0	0	0	0	0	0	0	0	0	0	0
135dr_RLNonUni	62412.493	0	0	0	0	0	0	0	0	0	0	0	0	0	0	0
135dr_GLevNonU	1015.8517	0	0	0	0	0	0	0	0	0	0	0	0	0	0	0
135dr_LngREmph	1.0499589	0	0	0	0	0	0	0	0	0	0	0	0	0	0	0
135dr_ShrtREmp	0.98778602	0	0	0	0	0	0	0	0	0	0	0	0	0	0	0
135dr_Fraction	0.98377991	0	0	0	0	0	0	0	0	0	0	0	0	0	0	0
_AreaGr	64516	0	0	0	0	0	0	0	0	0	0	0	0	0	0	0
GrMean	8.2242745	0	0	0	0	0	0	0	0	0	0	0	0	0	0	0
GrVariance	15.283484	0	0	0	0	0	0	0	0	0	0	0	0	0	0	0
GrSkewness	0.18660742	0	0	0	0	0	0	0	0	0	0	0	0	0	0	0
GrKurtosis	-0.63914797	0	0	0	0	0	0	0	0	0	0	0	0	0	0	0
GrNonZeros	0.99610949	0	0	0	0	0	0	0	0	0	0	0	0	0	0	0
_AreaARM	64770	0	0	0	0	0	0	0	0	0	0	0	0	0	0	0
Teta1	0.01663402	0	0	0	0	0	0	0	0	0	0	0	0	0	0	0
Teta2	0.00078267058	0	0	0	0	0	0	0	0	0	0	0	0	0	0	0
Teta3	0.00071213626	0	0	0	0	0	0	0	0	0	0	0	0	0	0	0
Teta4	0.0042694754	0	0	0	0	0	0	0	0	0	0	0	0	0	0	0
Sigma	0.99945791	0	0	0	0	0	0	0	0	0	0	0	0	0	0	0
WavEnLL_s-1	18317.911	0	0	0	0	0	0	0	0	0	0	0	0	0	0	0
WavEnLH_s-1	1358.4059	0	0	0	0	0	0	0	0	0	0	0	0	0	0	0
WavEnHL_s-1	1317.2939	0	0	0	0	0	0	0	0	0	0	0	0	0	0	0
WavEnHH_s-1	1303.7028	0	0	0	0	0	0	0	0	0	0	0	0	0	0	0
WavEnLL_s-2	17312.702	0	0	0	0	0	0	0	0	0	0	0	0	0	0	0
WavEnLH_s-2	335.01475	0	0	0	0	0	0	0	0	0	0	0	0	0	0	0
WavEnHL_s-2	338.68351	0	0	0	0	0	0	0	0	0	0	0	0	0	0	0
WavEnHH_s-2	331.51101	0	0	0	0	0	0	0	0	0	0	0	0	0	0	0
WavEnLL_s-3	17060.032	0	0	0	0	0	0	0	0	0	0	0	0	0	0	0
WavEnLH_s-3	82.619172	0	0	0	0	0	0	0	0	0	0	0	0	0	0	0
WavEnHL_s-3	79.563115	0	0	0	0	0	0	0	0	0	0	0	0	0	0	0
WavEnHH_s-3	90.487861	0	0	0	0	0	0	0	0	0	0	0	0	0	0	0
WavEnLL_s-4	16990.859	0	0	0	0	0	0	0	0	0	0	0	0	0	0	0
WavEnLH_s-4	19.792958	0	0	0	0	0	0	0	0	0	0	0	0	0	0	0
WavEnHL_s-4	22.530463	0	0	0	0	0	0	0	0	0	0	0	0	0	0	0
WavEnHH_s-4	26.849415	0	0	0	0	0	0	0	0	0	0	0	0	0	0	0
