Image File: stone1-a-p028.png 
ROI File: allred.roi 
Image size: 256 x 256
Min. lum.: 1
Max. lum.: 256
Bits/pixel: 8

Normalisation =  No
Histogram analysis = Yes
CO matrix analysis = Yes, Dimensions = 6 x 6, Distances = 1 2 3 4 5
RL matrix analysis = Yes, Dimension = 6
Gradient analysis = Yes, Max pixel value = 16
AR model analysis = Yes
Wavelet analysis = Yes

--------------- CLASS NAMES ----------------

----------------- FEATURES -----------------
_Area	65536	0	0	0	0	0	0	0	0	0	0	0	0	0	0	0
Mean	131.18732	0	0	0	0	0	0	0	0	0	0	0	0	0	0	0
Variance	5369.4665	0	0	0	0	0	0	0	0	0	0	0	0	0	0	0
Skewness	-0.039164934	0	0	0	0	0	0	0	0	0	0	0	0	0	0	0
Kurtosis	-1.1801063	0	0	0	0	0	0	0	0	0	0	0	0	0	0	0
Perc.01%	3	0	0	0	0	0	0	0	0	0	0	0	0	0	0	0
Perc.10%	29	0	0	0	0	0	0	0	0	0	0	0	0	0	0	0
Perc.50%	131	0	0	0	0	0	0	0	0	0	0	0	0	0	0	0
Perc.90%	232	0	0	0	0	0	0	0	0	0	0	0	0	0	0	0
Perc.99%	254	0	0	0	0	0	0	0	0	0	0	0	0	0	0	0
_Area_S(1,0)	130560	0	0	0	0	0	0	0	0	0	0	0	0	0	0	0
S(1,0)AngScMom	0.00026265462	0	0	0	0	0	0	0	0	0	0	0	0	0	0	0
S(1,0)Contrast	641.50224	0	0	0	0	0	0	0	0	0	0	0	0	0	0	0
S(1,0)Correlat	0.042915765	0	0	0	0	0	0	0	0	0	0	0	0	0	0	0
S(1,0)SumOfSqs	335.13363	0	0	0	0	0	0	0	0	0	0	0	0	0	0	0
S(1,0)InvDfMom	0.052393514	0	0	0	0	0	0	0	0	0	0	0	0	0	0	0
S(1,0)SumAverg	66.33269	0	0	0	0	0	0	0	0	0	0	0	0	0	0	0
S(1,0)SumVarnc	699.0323	0	0	0	0	0	0	0	0	0	0	0	0	0	0	0
S(1,0)SumEntrp	2.0277201	0	0	0	0	0	0	0	0	0	0	0	0	0	0	0
S(1,0)Entropy	3.5963921	0	0	0	0	0	0	0	0	0	0	0	0	0	0	0
S(1,0)DifVarnc	218.86976	0	0	0	0	0	0	0	0	0	0	0	0	0	0	0
S(1,0)DifEntrp	1.7151786	0	0	0	0	0	0	0	0	0	0	0	0	0	0	0
_Area_S(0,1)	130560	0	0	0	0	0	0	0	0	0	0	0	0	0	0	0
S(0,1)AngScMom	0.00025734438	0	0	0	0	0	0	0	0	0	0	0	0	0	0	0
S(0,1)Contrast	671.32806	0	0	0	0	0	0	0	0	0	0	0	0	0	0	0
S(0,1)Correlat	-0.001785238	0	0	0	0	0	0	0	0	0	0	0	0	0	0	0
S(0,1)SumOfSqs	335.06586	0	0	0	0	0	0	0	0	0	0	0	0	0	0	0
S(0,1)InvDfMom	0.04719098	0	0	0	0	0	0	0	0	0	0	0	0	0	0	0
S(0,1)SumAverg	66.332169	0	0	0	0	0	0	0	0	0	0	0	0	0	0	0
S(0,1)SumVarnc	668.93537	0	0	0	0	0	0	0	0	0	0	0	0	0	0	0
S(0,1)SumEntrp	2.0190917	0	0	0	0	0	0	0	0	0	0	0	0	0	0	0
S(0,1)Entropy	3.6006801	0	0	0	0	0	0	0	0	0	0	0	0	0	0	0
S(0,1)DifVarnc	224.6818	0	0	0	0	0	0	0	0	0	0	0	0	0	0	0
S(0,1)DifEntrp	1.7238481	0	0	0	0	0	0	0	0	0	0	0	0	0	0	0
_Area_S(1,1)	130050	0	0	0	0	0	0	0	0	0	0	0	0	0	0	0
S(1,1)AngScMom	0.00025722245	0	0	0	0	0	0	0	0	0	0	0	0	0	0	0
S(1,1)Contrast	672.85023	0	0	0	0	0	0	0	0	0	0	0	0	0	0	0
S(1,1)Correlat	-0.0043204429	0	0	0	0	0	0	0	0	0	0	0	0	0	0	0
S(1,1)SumOfSqs	334.97786	0	0	0	0	0	0	0	0	0	0	0	0	0	0	0
S(1,1)InvDfMom	0.04711201	0	0	0	0	0	0	0	0	0	0	0	0	0	0	0
S(1,1)SumAverg	66.336763	0	0	0	0	0	0	0	0	0	0	0	0	0	0	0
S(1,1)SumVarnc	667.06122	0	0	0	0	0	0	0	0	0	0	0	0	0	0	0
S(1,1)SumEntrp	2.0185745	0	0	0	0	0	0	0	0	0	0	0	0	0	0	0
S(1,1)Entropy	3.6006704	0	0	0	0	0	0	0	0	0	0	0	0	0	0	0
S(1,1)DifVarnc	223.48456	0	0	0	0	0	0	0	0	0	0	0	0	0	0	0
S(1,1)DifEntrp	1.7241728	0	0	0	0	0	0	0	0	0	0	0	0	0	0	0
_Area_S(1,-1)	130050	0	0	0	0	0	0	0	0	0	0	0	0	0	0	0
S(1,-1)AngScMom	0.00025691523	0	0	0	0	0	0	0	0	0	0	0	0	0	0	0
S(1,-1)Contrast	667.33278	0	0	0	0	0	0	0	0	0	0	0	0	0	0	0
S(1,-1)Correlat	0.0038968618	0	0	0	0	0	0	0	0	0	0	0	0	0	0	0
S(1,-1)SumOfSqs	334.97173	0	0	0	0	0	0	0	0	0	0	0	0	0	0	0
S(1,-1)InvDfMom	0.046819479	0	0	0	0	0	0	0	0	0	0	0	0	0	0	0
S(1,-1)SumAverg	66.33747	0	0	0	0	0	0	0	0	0	0	0	0	0	0	0
S(1,-1)SumVarnc	672.55413	0	0	0	0	0	0	0	0	0	0	0	0	0	0	0
S(1,-1)SumEntrp	2.0199032	0	0	0	0	0	0	0	0	0	0	0	0	0	0	0
S(1,-1)Entropy	3.6009747	0	0	0	0	0	0	0	0	0	0	0	0	0	0	0
S(1,-1)DifVarnc	223.06557	0	0	0	0	0	0	0	0	0	0	0	0	0	0	0
S(1,-1)DifEntrp	1.7224982	0	0	0	0	0	0	0	0	0	0	0	0	0	0	0
_Area_S(2,0)	130048	0	0	0	0	0	0	0	0	0	0	0	0	0	0	0
S(2,0)AngScMom	0.00025776737	0	0	0	0	0	0	0	0	0	0	0	0	0	0	0
S(2,0)Contrast	661.2827	0	0	0	0	0	0	0	0	0	0	0	0	0	0	0
S(2,0)Correlat	0.013356267	0	0	0	0	0	0	0	0	0	0	0	0	0	0	0
S(2,0)SumOfSqs	335.11726	0	0	0	0	0	0	0	0	0	0	0	0	0	0	0
S(2,0)InvDfMom	0.049120681	0	0	0	0	0	0	0	0	0	0	0	0	0	0	0
S(2,0)SumAverg	66.345196	0	0	0	0	0	0	0	0	0	0	0	0	0	0	0
S(2,0)SumVarnc	679.18636	0	0	0	0	0	0	0	0	0	0	0	0	0	0	0
S(2,0)SumEntrp	2.0223484	0	0	0	0	0	0	0	0	0	0	0	0	0	0	0
S(2,0)Entropy	3.6003546	0	0	0	0	0	0	0	0	0	0	0	0	0	0	0
S(2,0)DifVarnc	221.73739	0	0	0	0	0	0	0	0	0	0	0	0	0	0	0
S(2,0)DifEntrp	1.7210748	0	0	0	0	0	0	0	0	0	0	0	0	0	0	0
_Area_S(0,2)	130048	0	0	0	0	0	0	0	0	0	0	0	0	0	0	0
S(0,2)AngScMom	0.00025715208	0	0	0	0	0	0	0	0	0	0	0	0	0	0	0
S(0,2)Contrast	670.92847	0	0	0	0	0	0	0	0	0	0	0	0	0	0	0
S(0,2)Correlat	-0.0016715837	0	0	0	0	0	0	0	0	0	0	0	0	0	0	0
S(0,2)SumOfSqs	334.90442	0	0	0	0	0	0	0	0	0	0	0	0	0	0	0
S(0,2)InvDfMom	0.046489252	0	0	0	0	0	0	0	0	0	0	0	0	0	0	0
S(0,2)SumAverg	66.320113	0	0	0	0	0	0	0	0	0	0	0	0	0	0	0
S(0,2)SumVarnc	668.68919	0	0	0	0	0	0	0	0	0	0	0	0	0	0	0
S(0,2)SumEntrp	2.019038	0	0	0	0	0	0	0	0	0	0	0	0	0	0	0
S(0,2)Entropy	3.6007607	0	0	0	0	0	0	0	0	0	0	0	0	0	0	0
S(0,2)DifVarnc	222.41641	0	0	0	0	0	0	0	0	0	0	0	0	0	0	0
S(0,2)DifEntrp	1.7234602	0	0	0	0	0	0	0	0	0	0	0	0	0	0	0
_Area_S(2,2)	129032	0	0	0	0	0	0	0	0	0	0	0	0	0	0	0
S(2,2)AngScMom	0.00025760609	0	0	0	0	0	0	0	0	0	0	0	0	0	0	0
S(2,2)Contrast	666.47039	0	0	0	0	0	0	0	0	0	0	0	0	0	0	0
S(2,2)Correlat	0.0046578282	0	0	0	0	0	0	0	0	0	0	0	0	0	0	0
S(2,2)SumOfSqs	334.79461	0	0	0	0	0	0	0	0	0	0	0	0	0	0	0
S(2,2)InvDfMom	0.047945092	0	0	0	0	0	0	0	0	0	0	0	0	0	0	0
S(2,2)SumAverg	66.33663	0	0	0	0	0	0	0	0	0	0	0	0	0	0	0
S(2,2)SumVarnc	672.70806	0	0	0	0	0	0	0	0	0	0	0	0	0	0	0
S(2,2)SumEntrp	2.0198129	0	0	0	0	0	0	0	0	0	0	0	0	0	0	0
S(2,2)Entropy	3.6004847	0	0	0	0	0	0	0	0	0	0	0	0	0	0	0
S(2,2)DifVarnc	223.07015	0	0	0	0	0	0	0	0	0	0	0	0	0	0	0
S(2,2)DifEntrp	1.7225539	0	0	0	0	0	0	0	0	0	0	0	0	0	0	0
_Area_S(2,-2)	129032	0	0	0	0	0	0	0	0	0	0	0	0	0	0	0
S(2,-2)AngScMom	0.00025739647	0	0	0	0	0	0	0	0	0	0	0	0	0	0	0
S(2,-2)Contrast	667.47229	0	0	0	0	0	0	0	0	0	0	0	0	0	0	0
S(2,-2)Correlat	0.0031540844	0	0	0	0	0	0	0	0	0	0	0	0	0	0	0
S(2,-2)SumOfSqs	334.79211	0	0	0	0	0	0	0	0	0	0	0	0	0	0	0
S(2,-2)InvDfMom	0.048027303	0	0	0	0	0	0	0	0	0	0	0	0	0	0	0
S(2,-2)SumAverg	66.337622	0	0	0	0	0	0	0	0	0	0	0	0	0	0	0
S(2,-2)SumVarnc	671.69614	0	0	0	0	0	0	0	0	0	0	0	0	0	0	0
S(2,-2)SumEntrp	2.019759	0	0	0	0	0	0	0	0	0	0	0	0	0	0	0
S(2,-2)Entropy	3.6006042	0	0	0	0	0	0	0	0	0	0	0	0	0	0	0
S(2,-2)DifVarnc	222.79561	0	0	0	0	0	0	0	0	0	0	0	0	0	0	0
S(2,-2)DifEntrp	1.7228412	0	0	0	0	0	0	0	0	0	0	0	0	0	0	0
_Area_S(3,0)	129536	0	0	0	0	0	0	0	0	0	0	0	0	0	0	0
S(3,0)AngScMom	0.00025740973	0	0	0	0	0	0	0	0	0	0	0	0	0	0	0
S(3,0)Contrast	662.93653	0	0	0	0	0	0	0	0	0	0	0	0	0	0	0
S(3,0)Correlat	0.010875383	0	0	0	0	0	0	0	0	0	0	0	0	0	0	0
S(3,0)SumOfSqs	335.11274	0	0	0	0	0	0	0	0	0	0	0	0	0	0	0
S(3,0)InvDfMom	0.048168581	0	0	0	0	0	0	0	0	0	0	0	0	0	0	0
S(3,0)SumAverg	66.345279	0	0	0	0	0	0	0	0	0	0	0	0	0	0	0
S(3,0)SumVarnc	677.51444	0	0	0	0	0	0	0	0	0	0	0	0	0	0	0
S(3,0)SumEntrp	2.0220111	0	0	0	0	0	0	0	0	0	0	0	0	0	0	0
S(3,0)Entropy	3.6006742	0	0	0	0	0	0	0	0	0	0	0	0	0	0	0
S(3,0)DifVarnc	222.27561	0	0	0	0	0	0	0	0	0	0	0	0	0	0	0
S(3,0)DifEntrp	1.7215727	0	0	0	0	0	0	0	0	0	0	0	0	0	0	0
_Area_S(0,3)	129536	0	0	0	0	0	0	0	0	0	0	0	0	0	0	0
S(0,3)AngScMom	0.00025683821	0	0	0	0	0	0	0	0	0	0	0	0	0	0	0
S(0,3)Contrast	674.00973	0	0	0	0	0	0	0	0	0	0	0	0	0	0	0
S(0,3)Correlat	-0.0063948073	0	0	0	0	0	0	0	0	0	0	0	0	0	0	0
S(0,3)SumOfSqs	334.86348	0	0	0	0	0	0	0	0	0	0	0	0	0	0	0
S(0,3)InvDfMom	0.046913905	0	0	0	0	0	0	0	0	0	0	0	0	0	0	0
S(0,3)SumAverg	66.322721	0	0	0	0	0	0	0	0	0	0	0	0	0	0	0
S(0,3)SumVarnc	665.44418	0	0	0	0	0	0	0	0	0	0	0	0	0	0	0
S(0,3)SumEntrp	2.0182194	0	0	0	0	0	0	0	0	0	0	0	0	0	0	0
S(0,3)Entropy	3.6011562	0	0	0	0	0	0	0	0	0	0	0	0	0	0	0
S(0,3)DifVarnc	224.2303	0	0	0	0	0	0	0	0	0	0	0	0	0	0	0
S(0,3)DifEntrp	1.7245187	0	0	0	0	0	0	0	0	0	0	0	0	0	0	0
_Area_S(3,3)	128018	0	0	0	0	0	0	0	0	0	0	0	0	0	0	0
S(3,3)AngScMom	0.00025736426	0	0	0	0	0	0	0	0	0	0	0	0	0	0	0
S(3,3)Contrast	667.41683	0	0	0	0	0	0	0	0	0	0	0	0	0	0	0
S(3,3)Correlat	0.0031167513	0	0	0	0	0	0	0	0	0	0	0	0	0	0	0
S(3,3)SumOfSqs	334.75175	0	0	0	0	0	0	0	0	0	0	0	0	0	0	0
S(3,3)InvDfMom	0.046893637	0	0	0	0	0	0	0	0	0	0	0	0	0	0	0
S(3,3)SumAverg	66.339827	0	0	0	0	0	0	0	0	0	0	0	0	0	0	0
S(3,3)SumVarnc	671.59018	0	0	0	0	0	0	0	0	0	0	0	0	0	0	0
S(3,3)SumEntrp	2.0195616	0	0	0	0	0	0	0	0	0	0	0	0	0	0	0
S(3,3)Entropy	3.6006158	0	0	0	0	0	0	0	0	0	0	0	0	0	0	0
S(3,3)DifVarnc	222.19754	0	0	0	0	0	0	0	0	0	0	0	0	0	0	0
S(3,3)DifEntrp	1.7225431	0	0	0	0	0	0	0	0	0	0	0	0	0	0	0
_Area_S(3,-3)	128018	0	0	0	0	0	0	0	0	0	0	0	0	0	0	0
S(3,-3)AngScMom	0.00025715972	0	0	0	0	0	0	0	0	0	0	0	0	0	0	0
S(3,-3)Contrast	671.73294	0	0	0	0	0	0	0	0	0	0	0	0	0	0	0
S(3,-3)Correlat	-0.0033381493	0	0	0	0	0	0	0	0	0	0	0	0	0	0	0
S(3,-3)SumOfSqs	334.74903	0	0	0	0	0	0	0	0	0	0	0	0	0	0	0
S(3,-3)InvDfMom	0.047184304	0	0	0	0	0	0	0	0	0	0	0	0	0	0	0
S(3,-3)SumAverg	66.340046	0	0	0	0	0	0	0	0	0	0	0	0	0	0	0
S(3,-3)SumVarnc	667.26317	0	0	0	0	0	0	0	0	0	0	0	0	0	0	0
S(3,-3)SumEntrp	2.018563	0	0	0	0	0	0	0	0	0	0	0	0	0	0	0
S(3,-3)Entropy	3.6008212	0	0	0	0	0	0	0	0	0	0	0	0	0	0	0
S(3,-3)DifVarnc	224.23091	0	0	0	0	0	0	0	0	0	0	0	0	0	0	0
S(3,-3)DifEntrp	1.7238825	0	0	0	0	0	0	0	0	0	0	0	0	0	0	0
_Area_S(4,0)	129024	0	0	0	0	0	0	0	0	0	0	0	0	0	0	0
S(4,0)AngScMom	0.00025734117	0	0	0	0	0	0	0	0	0	0	0	0	0	0	0
S(4,0)Contrast	664.03818	0	0	0	0	0	0	0	0	0	0	0	0	0	0	0
S(4,0)Correlat	0.0091797737	0	0	0	0	0	0	0	0	0	0	0	0	0	0	0
S(4,0)SumOfSqs	335.09519	0	0	0	0	0	0	0	0	0	0	0	0	0	0	0
S(4,0)InvDfMom	0.046500109	0	0	0	0	0	0	0	0	0	0	0	0	0	0	0
S(4,0)SumAverg	66.340944	0	0	0	0	0	0	0	0	0	0	0	0	0	0	0
S(4,0)SumVarnc	676.34257	0	0	0	0	0	0	0	0	0	0	0	0	0	0	0
S(4,0)SumEntrp	2.0211669	0	0	0	0	0	0	0	0	0	0	0	0	0	0	0
S(4,0)Entropy	3.6006127	0	0	0	0	0	0	0	0	0	0	0	0	0	0	0
S(4,0)DifVarnc	221.5519	0	0	0	0	0	0	0	0	0	0	0	0	0	0	0
S(4,0)DifEntrp	1.7214553	0	0	0	0	0	0	0	0	0	0	0	0	0	0	0
_Area_S(0,4)	129024	0	0	0	0	0	0	0	0	0	0	0	0	0	0	0
S(0,4)AngScMom	0.00025734826	0	0	0	0	0	0	0	0	0	0	0	0	0	0	0
S(0,4)Contrast	670.99898	0	0	0	0	0	0	0	0	0	0	0	0	0	0	0
S(0,4)Correlat	-0.0018860486	0	0	0	0	0	0	0	0	0	0	0	0	0	0	0
S(0,4)SumOfSqs	334.86791	0	0	0	0	0	0	0	0	0	0	0	0	0	0	0
S(0,4)InvDfMom	0.047642382	0	0	0	0	0	0	0	0	0	0	0	0	0	0	0
S(0,4)SumAverg	66.31064	0	0	0	0	0	0	0	0	0	0	0	0	0	0	0
S(0,4)SumVarnc	668.47267	0	0	0	0	0	0	0	0	0	0	0	0	0	0	0
S(0,4)SumEntrp	2.0188316	0	0	0	0	0	0	0	0	0	0	0	0	0	0	0
S(0,4)Entropy	3.6006378	0	0	0	0	0	0	0	0	0	0	0	0	0	0	0
S(0,4)DifVarnc	224.47397	0	0	0	0	0	0	0	0	0	0	0	0	0	0	0
S(0,4)DifEntrp	1.7238313	0	0	0	0	0	0	0	0	0	0	0	0	0	0	0
_Area_S(4,4)	127008	0	0	0	0	0	0	0	0	0	0	0	0	0	0	0
S(4,4)AngScMom	0.00025720847	0	0	0	0	0	0	0	0	0	0	0	0	0	0	0
S(4,4)Contrast	672.55178	0	0	0	0	0	0	0	0	0	0	0	0	0	0	0
S(4,4)Correlat	-0.0045327033	0	0	0	0	0	0	0	0	0	0	0	0	0	0	0
S(4,4)SumOfSqs	334.75853	0	0	0	0	0	0	0	0	0	0	0	0	0	0	0
S(4,4)InvDfMom	0.047102743	0	0	0	0	0	0	0	0	0	0	0	0	0	0	0
S(4,4)SumAverg	66.324767	0	0	0	0	0	0	0	0	0	0	0	0	0	0	0
S(4,4)SumVarnc	666.48233	0	0	0	0	0	0	0	0	0	0	0	0	0	0	0
S(4,4)SumEntrp	2.0184566	0	0	0	0	0	0	0	0	0	0	0	0	0	0	0
S(4,4)Entropy	3.6007335	0	0	0	0	0	0	0	0	0	0	0	0	0	0	0
S(4,4)DifVarnc	223.94518	0	0	0	0	0	0	0	0	0	0	0	0	0	0	0
S(4,4)DifEntrp	1.7239705	0	0	0	0	0	0	0	0	0	0	0	0	0	0	0
_Area_S(4,-4)	127008	0	0	0	0	0	0	0	0	0	0	0	0	0	0	0
S(4,-4)AngScMom	0.00025709861	0	0	0	0	0	0	0	0	0	0	0	0	0	0	0
S(4,-4)Contrast	668.49896	0	0	0	0	0	0	0	0	0	0	0	0	0	0	0
S(4,-4)Correlat	0.0014470143	0	0	0	0	0	0	0	0	0	0	0	0	0	0	0
S(4,-4)SumOfSqs	334.73385	0	0	0	0	0	0	0	0	0	0	0	0	0	0	0
S(4,-4)InvDfMom	0.047109418	0	0	0	0	0	0	0	0	0	0	0	0	0	0	0
S(4,-4)SumAverg	66.322373	0	0	0	0	0	0	0	0	0	0	0	0	0	0	0
S(4,-4)SumVarnc	670.43642	0	0	0	0	0	0	0	0	0	0	0	0	0	0	0
S(4,-4)SumEntrp	2.0193773	0	0	0	0	0	0	0	0	0	0	0	0	0	0	0
S(4,-4)Entropy	3.6008211	0	0	0	0	0	0	0	0	0	0	0	0	0	0	0
S(4,-4)DifVarnc	222.6045	0	0	0	0	0	0	0	0	0	0	0	0	0	0	0
S(4,-4)DifEntrp	1.7230836	0	0	0	0	0	0	0	0	0	0	0	0	0	0	0
_Area_S(5,0)	128512	0	0	0	0	0	0	0	0	0	0	0	0	0	0	0
S(5,0)AngScMom	0.0002573647	0	0	0	0	0	0	0	0	0	0	0	0	0	0	0
S(5,0)Contrast	663.13301	0	0	0	0	0	0	0	0	0	0	0	0	0	0	0
S(5,0)Correlat	0.010337942	0	0	0	0	0	0	0	0	0	0	0	0	0	0	0
S(5,0)SumOfSqs	335.03003	0	0	0	0	0	0	0	0	0	0	0	0	0	0	0
S(5,0)InvDfMom	0.047585445	0	0	0	0	0	0	0	0	0	0	0	0	0	0	0
S(5,0)SumAverg	66.335019	0	0	0	0	0	0	0	0	0	0	0	0	0	0	0
S(5,0)SumVarnc	676.9871	0	0	0	0	0	0	0	0	0	0	0	0	0	0	0
S(5,0)SumEntrp	2.0213859	0	0	0	0	0	0	0	0	0	0	0	0	0	0	0
S(5,0)Entropy	3.6006125	0	0	0	0	0	0	0	0	0	0	0	0	0	0	0
S(5,0)DifVarnc	220.80186	0	0	0	0	0	0	0	0	0	0	0	0	0	0	0
S(5,0)DifEntrp	1.7214745	0	0	0	0	0	0	0	0	0	0	0	0	0	0	0
_Area_S(0,5)	128512	0	0	0	0	0	0	0	0	0	0	0	0	0	0	0
S(0,5)AngScMom	0.00025751862	0	0	0	0	0	0	0	0	0	0	0	0	0	0	0
S(0,5)Contrast	670.54879	0	0	0	0	0	0	0	0	0	0	0	0	0	0	0
S(0,5)Correlat	-0.00094403482	0	0	0	0	0	0	0	0	0	0	0	0	0	0	0
S(0,5)SumOfSqs	334.95818	0	0	0	0	0	0	0	0	0	0	0	0	0	0	0
S(0,5)InvDfMom	0.047241063	0	0	0	0	0	0	0	0	0	0	0	0	0	0	0
S(0,5)SumAverg	66.317714	0	0	0	0	0	0	0	0	0	0	0	0	0	0	0
S(0,5)SumVarnc	669.28394	0	0	0	0	0	0	0	0	0	0	0	0	0	0	0
S(0,5)SumEntrp	2.0191437	0	0	0	0	0	0	0	0	0	0	0	0	0	0	0
S(0,5)Entropy	3.6004893	0	0	0	0	0	0	0	0	0	0	0	0	0	0	0
S(0,5)DifVarnc	224.57572	0	0	0	0	0	0	0	0	0	0	0	0	0	0	0
S(0,5)DifEntrp	1.7235285	0	0	0	0	0	0	0	0	0	0	0	0	0	0	0
_Area_S(5,5)	126002	0	0	0	0	0	0	0	0	0	0	0	0	0	0	0
S(5,5)AngScMom	0.00025703228	0	0	0	0	0	0	0	0	0	0	0	0	0	0	0
S(5,5)Contrast	668.3358	0	0	0	0	0	0	0	0	0	0	0	0	0	0	0
S(5,5)Correlat	0.0018586922	0	0	0	0	0	0	0	0	0	0	0	0	0	0	0
S(5,5)SumOfSqs	334.79017	0	0	0	0	0	0	0	0	0	0	0	0	0	0	0
S(5,5)InvDfMom	0.047665337	0	0	0	0	0	0	0	0	0	0	0	0	0	0	0
S(5,5)SumAverg	66.327106	0	0	0	0	0	0	0	0	0	0	0	0	0	0	0
S(5,5)SumVarnc	670.82489	0	0	0	0	0	0	0	0	0	0	0	0	0	0	0
S(5,5)SumEntrp	2.0195735	0	0	0	0	0	0	0	0	0	0	0	0	0	0	0
S(5,5)Entropy	3.6009611	0	0	0	0	0	0	0	0	0	0	0	0	0	0	0
S(5,5)DifVarnc	223.37167	0	0	0	0	0	0	0	0	0	0	0	0	0	0	0
S(5,5)DifEntrp	1.7230605	0	0	0	0	0	0	0	0	0	0	0	0	0	0	0
_Area_S(5,-5)	126002	0	0	0	0	0	0	0	0	0	0	0	0	0	0	0
S(5,-5)AngScMom	0.00025737014	0	0	0	0	0	0	0	0	0	0	0	0	0	0	0
S(5,-5)Contrast	669.35612	0	0	0	0	0	0	0	0	0	0	0	0	0	0	0
S(5,-5)Correlat	0.00023340169	0	0	0	0	0	0	0	0	0	0	0	0	0	0	0
S(5,-5)SumOfSqs	334.75619	0	0	0	0	0	0	0	0	0	0	0	0	0	0	0
S(5,-5)InvDfMom	0.047769848	0	0	0	0	0	0	0	0	0	0	0	0	0	0	0
S(5,-5)SumAverg	66.32382	0	0	0	0	0	0	0	0	0	0	0	0	0	0	0
S(5,-5)SumVarnc	669.66865	0	0	0	0	0	0	0	0	0	0	0	0	0	0	0
S(5,-5)SumEntrp	2.0192431	0	0	0	0	0	0	0	0	0	0	0	0	0	0	0
S(5,-5)Entropy	3.6005881	0	0	0	0	0	0	0	0	0	0	0	0	0	0	0
S(5,-5)DifVarnc	223.28303	0	0	0	0	0	0	0	0	0	0	0	0	0	0	0
S(5,-5)DifEntrp	1.7232846	0	0	0	0	0	0	0	0	0	0	0	0	0	0	0
Horzl_RLNonUni	61835.982	0	0	0	0	0	0	0	0	0	0	0	0	0	0	0
Horzl_GLevNonU	1014.7772	0	0	0	0	0	0	0	0	0	0	0	0	0	0	0
Horzl_LngREmph	1.0608777	0	0	0	0	0	0	0	0	0	0	0	0	0	0	0
Horzl_ShrtREmp	0.98549869	0	0	0	0	0	0	0	0	0	0	0	0	0	0	0
Horzl_Fraction	0.98052979	0	0	0	0	0	0	0	0	0	0	0	0	0	0	0
Vertl_RLNonUni	62451.529	0	0	0	0	0	0	0	0	0	0	0	0	0	0	0
Vertl_GLevNonU	1018.188	0	0	0	0	0	0	0	0	0	0	0	0	0	0	0
Vertl_LngREmph	1.0494534	0	0	0	0	0	0	0	0	0	0	0	0	0	0	0
Vertl_ShrtREmp	0.98794681	0	0	0	0	0	0	0	0	0	0	0	0	0	0	0
Vertl_Fraction	0.98396301	0	0	0	0	0	0	0	0	0	0	0	0	0	0	0
45dgr_RLNonUni	62470.899	0	0	0	0	0	0	0	0	0	0	0	0	0	0	0
45dgr_GLevNonU	1018.2928	0	0	0	0	0	0	0	0	0	0	0	0	0	0	0
45dgr_LngREmph	1.0493883	0	0	0	0	0	0	0	0	0	0	0	0	0	0	0
45dgr_ShrtREmp	0.98803198	0	0	0	0	0	0	0	0	0	0	0	0	0	0	0
45dgr_Fraction	0.98402405	0	0	0	0	0	0	0	0	0	0	0	0	0	0	0
135dr_RLNonUni	62598.289	0	0	0	0	0	0	0	0	0	0	0	0	0	0	0
135dr_GLevNonU	1019.108	0	0	0	0	0	0	0	0	0	0	0	0	0	0	0
135dr_LngREmph	1.0473091	0	0	0	0	0	0	0	0	0	0	0	0	0	0	0
135dr_ShrtREmp	0.98854344	0	0	0	0	0	0	0	0	0	0	0	0	0	0	0
135dr_Fraction	0.98469543	0	0	0	0	0	0	0	0	0	0	0	0	0	0	0
_AreaGr	64516	0	0	0	0	0	0	0	0	0	0	0	0	0	0	0
GrMean	8.2297813	0	0	0	0	0	0	0	0	0	0	0	0	0	0	0
GrVariance	15.299111	0	0	0	0	0	0	0	0	0	0	0	0	0	0	0
GrSkewness	0.17934518	0	0	0	0	0	0	0	0	0	0	0	0	0	0	0
GrKurtosis	-0.64156301	0	0	0	0	0	0	0	0	0	0	0	0	0	0	0
GrNonZeros	0.99561349	0	0	0	0	0	0	0	0	0	0	0	0	0	0	0
_AreaARM	64770	0	0	0	0	0	0	0	0	0	0	0	0	0	0	0
Teta1	0.040950225	0	0	0	0	0	0	0	0	0	0	0	0	0	0	0
Teta2	0.0042889958	0	0	0	0	0	0	0	0	0	0	0	0	0	0	0
Teta3	-0.0010580359	0	0	0	0	0	0	0	0	0	0	0	0	0	0	0
Teta4	-0.0041908304	0	0	0	0	0	0	0	0	0	0	0	0	0	0	0
Sigma	0.99836606	0	0	0	0	0	0	0	0	0	0	0	0	0	0	0
WavEnLL_s-1	18348.344	0	0	0	0	0	0	0	0	0	0	0	0	0	0	0
WavEnLH_s-1	1405.9775	0	0	0	0	0	0	0	0	0	0	0	0	0	0	0
WavEnHL_s-1	1273.3796	0	0	0	0	0	0	0	0	0	0	0	0	0	0	0
WavEnHH_s-1	1290.5026	0	0	0	0	0	0	0	0	0	0	0	0	0	0	0
WavEnLL_s-2	17312.894	0	0	0	0	0	0	0	0	0	0	0	0	0	0	0
WavEnLH_s-2	352.41639	0	0	0	0	0	0	0	0	0	0	0	0	0	0	0
WavEnHL_s-2	338.02559	0	0	0	0	0	0	0	0	0	0	0	0	0	0	0
WavEnHH_s-2	345.0082	0	0	0	0	0	0	0	0	0	0	0	0	0	0	0
WavEnLL_s-3	17046.182	0	0	0	0	0	0	0	0	0	0	0	0	0	0	0
WavEnLH_s-3	95.477334	0	0	0	0	0	0	0	0	0	0	0	0	0	0	0
WavEnHL_s-3	84.31966	0	0	0	0	0	0	0	0	0	0	0	0	0	0	0
WavEnHH_s-3	86.915481	0	0	0	0	0	0	0	0	0	0	0	0	0	0	0
WavEnLL_s-4	16975.263	0	0	0	0	0	0	0	0	0	0	0	0	0	0	0
WavEnLH_s-4	24.37405	0	0	0	0	0	0	0	0	0	0	0	0	0	0	0
WavEnHL_s-4	20.090266	0	0	0	0	0	0	0	0	0	0	0	0	0	0	0
WavEnHH_s-4	26.454745	0	0	0	0	0	0	0	0	0	0	0	0	0	0	0
