Image File: stone1-a-p001.png 
ROI File: allred.roi 
Image size: 256 x 256
Min. lum.: 1
Max. lum.: 256
Bits/pixel: 8

Normalisation =  No
Histogram analysis = Yes
CO matrix analysis = Yes, Dimensions = 6 x 6, Distances = 1 2 3 4 5
RL matrix analysis = Yes, Dimension = 6
Gradient analysis = Yes, Max pixel value = 16
AR model analysis = Yes
Wavelet analysis = Yes

--------------- CLASS NAMES ----------------

----------------- FEATURES -----------------
_Area	65536	0	0	0	0	0	0	0	0	0	0	0	0	0	0	0
Mean	132.94099	0	0	0	0	0	0	0	0	0	0	0	0	0	0	0
Variance	5417.2276	0	0	0	0	0	0	0	0	0	0	0	0	0	0	0
Skewness	-0.056440914	0	0	0	0	0	0	0	0	0	0	0	0	0	0	0
Kurtosis	-1.1895737	0	0	0	0	0	0	0	0	0	0	0	0	0	0	0
Perc.01%	3	0	0	0	0	0	0	0	0	0	0	0	0	0	0	0
Perc.10%	30	0	0	0	0	0	0	0	0	0	0	0	0	0	0	0
Perc.50%	134	0	0	0	0	0	0	0	0	0	0	0	0	0	0	0
Perc.90%	233	0	0	0	0	0	0	0	0	0	0	0	0	0	0	0
Perc.99%	254	0	0	0	0	0	0	0	0	0	0	0	0	0	0	0
_Area_S(1,0)	130560	0	0	0	0	0	0	0	0	0	0	0	0	0	0	0
S(1,0)AngScMom	0.0002654269	0	0	0	0	0	0	0	0	0	0	0	0	0	0	0
S(1,0)Contrast	634.42757	0	0	0	0	0	0	0	0	0	0	0	0	0	0	0
S(1,0)Correlat	0.061515284	0	0	0	0	0	0	0	0	0	0	0	0	0	0	0
S(1,0)SumOfSqs	338.00634	0	0	0	0	0	0	0	0	0	0	0	0	0	0	0
S(1,0)InvDfMom	0.053614941	0	0	0	0	0	0	0	0	0	0	0	0	0	0	0
S(1,0)SumAverg	67.202757	0	0	0	0	0	0	0	0	0	0	0	0	0	0	0
S(1,0)SumVarnc	717.5978	0	0	0	0	0	0	0	0	0	0	0	0	0	0	0
S(1,0)SumEntrp	2.0323889	0	0	0	0	0	0	0	0	0	0	0	0	0	0	0
S(1,0)Entropy	3.5946819	0	0	0	0	0	0	0	0	0	0	0	0	0	0	0
S(1,0)DifVarnc	217.08048	0	0	0	0	0	0	0	0	0	0	0	0	0	0	0
S(1,0)DifEntrp	1.7129672	0	0	0	0	0	0	0	0	0	0	0	0	0	0	0
_Area_S(0,1)	130560	0	0	0	0	0	0	0	0	0	0	0	0	0	0	0
S(0,1)AngScMom	0.00025872418	0	0	0	0	0	0	0	0	0	0	0	0	0	0	0
S(0,1)Contrast	674.7335	0	0	0	0	0	0	0	0	0	0	0	0	0	0	0
S(0,1)Correlat	0.0013283671	0	0	0	0	0	0	0	0	0	0	0	0	0	0	0
S(0,1)SumOfSqs	337.81549	0	0	0	0	0	0	0	0	0	0	0	0	0	0	0
S(0,1)InvDfMom	0.047615972	0	0	0	0	0	0	0	0	0	0	0	0	0	0	0
S(0,1)SumAverg	67.198116	0	0	0	0	0	0	0	0	0	0	0	0	0	0	0
S(0,1)SumVarnc	676.52847	0	0	0	0	0	0	0	0	0	0	0	0	0	0	0
S(0,1)SumEntrp	2.0209944	0	0	0	0	0	0	0	0	0	0	0	0	0	0	0
S(0,1)Entropy	3.5993758	0	0	0	0	0	0	0	0	0	0	0	0	0	0	0
S(0,1)DifVarnc	226.42229	0	0	0	0	0	0	0	0	0	0	0	0	0	0	0
S(0,1)DifEntrp	1.7243452	0	0	0	0	0	0	0	0	0	0	0	0	0	0	0
_Area_S(1,1)	130050	0	0	0	0	0	0	0	0	0	0	0	0	0	0	0
S(1,1)AngScMom	0.0002581194	0	0	0	0	0	0	0	0	0	0	0	0	0	0	0
S(1,1)Contrast	674.58991	0	0	0	0	0	0	0	0	0	0	0	0	0	0	0
S(1,1)Correlat	0.0015850021	0	0	0	0	0	0	0	0	0	0	0	0	0	0	0
S(1,1)SumOfSqs	337.83042	0	0	0	0	0	0	0	0	0	0	0	0	0	0	0
S(1,1)InvDfMom	0.048360418	0	0	0	0	0	0	0	0	0	0	0	0	0	0	0
S(1,1)SumAverg	67.206967	0	0	0	0	0	0	0	0	0	0	0	0	0	0	0
S(1,1)SumVarnc	676.73176	0	0	0	0	0	0	0	0	0	0	0	0	0	0	0
S(1,1)SumEntrp	2.0209787	0	0	0	0	0	0	0	0	0	0	0	0	0	0	0
S(1,1)Entropy	3.5997681	0	0	0	0	0	0	0	0	0	0	0	0	0	0	0
S(1,1)DifVarnc	226.66206	0	0	0	0	0	0	0	0	0	0	0	0	0	0	0
S(1,1)DifEntrp	1.7247823	0	0	0	0	0	0	0	0	0	0	0	0	0	0	0
_Area_S(1,-1)	130050	0	0	0	0	0	0	0	0	0	0	0	0	0	0	0
S(1,-1)AngScMom	0.00025829571	0	0	0	0	0	0	0	0	0	0	0	0	0	0	0
S(1,-1)Contrast	675.7443	0	0	0	0	0	0	0	0	0	0	0	0	0	0	0
S(1,-1)Correlat	-0.0001522582	0	0	0	0	0	0	0	0	0	0	0	0	0	0	0
S(1,-1)SumOfSqs	337.82071	0	0	0	0	0	0	0	0	0	0	0	0	0	0	0
S(1,-1)InvDfMom	0.047274983	0	0	0	0	0	0	0	0	0	0	0	0	0	0	0
S(1,-1)SumAverg	67.20712	0	0	0	0	0	0	0	0	0	0	0	0	0	0	0
S(1,-1)SumVarnc	675.53855	0	0	0	0	0	0	0	0	0	0	0	0	0	0	0
S(1,-1)SumEntrp	2.0208332	0	0	0	0	0	0	0	0	0	0	0	0	0	0	0
S(1,-1)Entropy	3.5996724	0	0	0	0	0	0	0	0	0	0	0	0	0	0	0
S(1,-1)DifVarnc	225.30544	0	0	0	0	0	0	0	0	0	0	0	0	0	0	0
S(1,-1)DifEntrp	1.7249619	0	0	0	0	0	0	0	0	0	0	0	0	0	0	0
_Area_S(2,0)	130048	0	0	0	0	0	0	0	0	0	0	0	0	0	0	0
S(2,0)AngScMom	0.00025932763	0	0	0	0	0	0	0	0	0	0	0	0	0	0	0
S(2,0)Contrast	654.90676	0	0	0	0	0	0	0	0	0	0	0	0	0	0	0
S(2,0)Correlat	0.031293127	0	0	0	0	0	0	0	0	0	0	0	0	0	0	0
S(2,0)SumOfSqs	338.03144	0	0	0	0	0	0	0	0	0	0	0	0	0	0	0
S(2,0)InvDfMom	0.049928933	0	0	0	0	0	0	0	0	0	0	0	0	0	0	0
S(2,0)SumAverg	67.211137	0	0	0	0	0	0	0	0	0	0	0	0	0	0	0
S(2,0)SumVarnc	697.219	0	0	0	0	0	0	0	0	0	0	0	0	0	0	0
S(2,0)SumEntrp	2.0269464	0	0	0	0	0	0	0	0	0	0	0	0	0	0	0
S(2,0)Entropy	3.5990087	0	0	0	0	0	0	0	0	0	0	0	0	0	0	0
S(2,0)DifVarnc	220.91593	0	0	0	0	0	0	0	0	0	0	0	0	0	0	0
S(2,0)DifEntrp	1.7191404	0	0	0	0	0	0	0	0	0	0	0	0	0	0	0
_Area_S(0,2)	130048	0	0	0	0	0	0	0	0	0	0	0	0	0	0	0
S(0,2)AngScMom	0.00025849854	0	0	0	0	0	0	0	0	0	0	0	0	0	0	0
S(0,2)Contrast	671.07593	0	0	0	0	0	0	0	0	0	0	0	0	0	0	0
S(0,2)Correlat	0.0063286054	0	0	0	0	0	0	0	0	0	0	0	0	0	0	0
S(0,2)SumOfSqs	337.67497	0	0	0	0	0	0	0	0	0	0	0	0	0	0	0
S(0,2)InvDfMom	0.04875968	0	0	0	0	0	0	0	0	0	0	0	0	0	0	0
S(0,2)SumAverg	67.17066	0	0	0	0	0	0	0	0	0	0	0	0	0	0	0
S(0,2)SumVarnc	679.62397	0	0	0	0	0	0	0	0	0	0	0	0	0	0	0
S(0,2)SumEntrp	2.0217003	0	0	0	0	0	0	0	0	0	0	0	0	0	0	0
S(0,2)Entropy	3.5995628	0	0	0	0	0	0	0	0	0	0	0	0	0	0	0
S(0,2)DifVarnc	225.86424	0	0	0	0	0	0	0	0	0	0	0	0	0	0	0
S(0,2)DifEntrp	1.7237426	0	0	0	0	0	0	0	0	0	0	0	0	0	0	0
_Area_S(2,2)	129032	0	0	0	0	0	0	0	0	0	0	0	0	0	0	0
S(2,2)AngScMom	0.00025862295	0	0	0	0	0	0	0	0	0	0	0	0	0	0	0
S(2,2)Contrast	671.47615	0	0	0	0	0	0	0	0	0	0	0	0	0	0	0
S(2,2)Correlat	0.0058378934	0	0	0	0	0	0	0	0	0	0	0	0	0	0	0
S(2,2)SumOfSqs	337.70959	0	0	0	0	0	0	0	0	0	0	0	0	0	0	0
S(2,2)InvDfMom	0.046405493	0	0	0	0	0	0	0	0	0	0	0	0	0	0	0
S(2,2)SumAverg	67.188713	0	0	0	0	0	0	0	0	0	0	0	0	0	0	0
S(2,2)SumVarnc	679.3622	0	0	0	0	0	0	0	0	0	0	0	0	0	0	0
S(2,2)SumEntrp	2.0217484	0	0	0	0	0	0	0	0	0	0	0	0	0	0	0
S(2,2)Entropy	3.5994451	0	0	0	0	0	0	0	0	0	0	0	0	0	0	0
S(2,2)DifVarnc	224.46856	0	0	0	0	0	0	0	0	0	0	0	0	0	0	0
S(2,2)DifEntrp	1.7236395	0	0	0	0	0	0	0	0	0	0	0	0	0	0	0
_Area_S(2,-2)	129032	0	0	0	0	0	0	0	0	0	0	0	0	0	0	0
S(2,-2)AngScMom	0.00025835531	0	0	0	0	0	0	0	0	0	0	0	0	0	0	0
S(2,-2)Contrast	674.44671	0	0	0	0	0	0	0	0	0	0	0	0	0	0	0
S(2,-2)Correlat	0.001435381	0	0	0	0	0	0	0	0	0	0	0	0	0	0	0
S(2,-2)SumOfSqs	337.7081	0	0	0	0	0	0	0	0	0	0	0	0	0	0	0
S(2,-2)InvDfMom	0.047211961	0	0	0	0	0	0	0	0	0	0	0	0	0	0	0
S(2,-2)SumAverg	67.187581	0	0	0	0	0	0	0	0	0	0	0	0	0	0	0
S(2,-2)SumVarnc	676.38567	0	0	0	0	0	0	0	0	0	0	0	0	0	0	0
S(2,-2)SumEntrp	2.0209661	0	0	0	0	0	0	0	0	0	0	0	0	0	0	0
S(2,-2)Entropy	3.5996345	0	0	0	0	0	0	0	0	0	0	0	0	0	0	0
S(2,-2)DifVarnc	225.1455	0	0	0	0	0	0	0	0	0	0	0	0	0	0	0
S(2,-2)DifEntrp	1.724698	0	0	0	0	0	0	0	0	0	0	0	0	0	0	0
_Area_S(3,0)	129536	0	0	0	0	0	0	0	0	0	0	0	0	0	0	0
S(3,0)AngScMom	0.00025861298	0	0	0	0	0	0	0	0	0	0	0	0	0	0	0
S(3,0)Contrast	665.54603	0	0	0	0	0	0	0	0	0	0	0	0	0	0	0
S(3,0)Correlat	0.015793863	0	0	0	0	0	0	0	0	0	0	0	0	0	0	0
S(3,0)SumOfSqs	338.11313	0	0	0	0	0	0	0	0	0	0	0	0	0	0	0
S(3,0)InvDfMom	0.048682363	0	0	0	0	0	0	0	0	0	0	0	0	0	0	0
S(3,0)SumAverg	67.209563	0	0	0	0	0	0	0	0	0	0	0	0	0	0	0
S(3,0)SumVarnc	686.90648	0	0	0	0	0	0	0	0	0	0	0	0	0	0	0
S(3,0)SumEntrp	2.0242571	0	0	0	0	0	0	0	0	0	0	0	0	0	0	0
S(3,0)Entropy	3.5995503	0	0	0	0	0	0	0	0	0	0	0	0	0	0	0
S(3,0)DifVarnc	223.08771	0	0	0	0	0	0	0	0	0	0	0	0	0	0	0
S(3,0)DifEntrp	1.7222229	0	0	0	0	0	0	0	0	0	0	0	0	0	0	0
_Area_S(0,3)	129536	0	0	0	0	0	0	0	0	0	0	0	0	0	0	0
S(0,3)AngScMom	0.00025833467	0	0	0	0	0	0	0	0	0	0	0	0	0	0	0
S(0,3)Contrast	675.6812	0	0	0	0	0	0	0	0	0	0	0	0	0	0	0
S(0,3)Correlat	-0.0005807466	0	0	0	0	0	0	0	0	0	0	0	0	0	0	0
S(0,3)SumOfSqs	337.64451	0	0	0	0	0	0	0	0	0	0	0	0	0	0	0
S(0,3)InvDfMom	0.047032537	0	0	0	0	0	0	0	0	0	0	0	0	0	0	0
S(0,3)SumAverg	67.170208	0	0	0	0	0	0	0	0	0	0	0	0	0	0	0
S(0,3)SumVarnc	674.89686	0	0	0	0	0	0	0	0	0	0	0	0	0	0	0
S(0,3)SumEntrp	2.0206472	0	0	0	0	0	0	0	0	0	0	0	0	0	0	0
S(0,3)Entropy	3.5997073	0	0	0	0	0	0	0	0	0	0	0	0	0	0	0
S(0,3)DifVarnc	225.73803	0	0	0	0	0	0	0	0	0	0	0	0	0	0	0
S(0,3)DifEntrp	1.724798	0	0	0	0	0	0	0	0	0	0	0	0	0	0	0
_Area_S(3,3)	128018	0	0	0	0	0	0	0	0	0	0	0	0	0	0	0
S(3,3)AngScMom	0.00025826781	0	0	0	0	0	0	0	0	0	0	0	0	0	0	0
S(3,3)Contrast	679.29577	0	0	0	0	0	0	0	0	0	0	0	0	0	0	0
S(3,3)Correlat	-0.0055989503	0	0	0	0	0	0	0	0	0	0	0	0	0	0	0
S(3,3)SumOfSqs	337.7568	0	0	0	0	0	0	0	0	0	0	0	0	0	0	0
S(3,3)InvDfMom	0.046865622	0	0	0	0	0	0	0	0	0	0	0	0	0	0	0
S(3,3)SumAverg	67.188255	0	0	0	0	0	0	0	0	0	0	0	0	0	0	0
S(3,3)SumVarnc	671.73144	0	0	0	0	0	0	0	0	0	0	0	0	0	0	0
S(3,3)SumEntrp	2.0196426	0	0	0	0	0	0	0	0	0	0	0	0	0	0	0
S(3,3)Entropy	3.5997093	0	0	0	0	0	0	0	0	0	0	0	0	0	0	0
S(3,3)DifVarnc	225.59293	0	0	0	0	0	0	0	0	0	0	0	0	0	0	0
S(3,3)DifEntrp	1.7258681	0	0	0	0	0	0	0	0	0	0	0	0	0	0	0
_Area_S(3,-3)	128018	0	0	0	0	0	0	0	0	0	0	0	0	0	0	0
S(3,-3)AngScMom	0.00025855533	0	0	0	0	0	0	0	0	0	0	0	0	0	0	0
S(3,-3)Contrast	676.79351	0	0	0	0	0	0	0	0	0	0	0	0	0	0	0
S(3,-3)Correlat	-0.0018920491	0	0	0	0	0	0	0	0	0	0	0	0	0	0	0
S(3,-3)SumOfSqs	337.7577	0	0	0	0	0	0	0	0	0	0	0	0	0	0	0
S(3,-3)InvDfMom	0.046751763	0	0	0	0	0	0	0	0	0	0	0	0	0	0	0
S(3,-3)SumAverg	67.185302	0	0	0	0	0	0	0	0	0	0	0	0	0	0	0
S(3,-3)SumVarnc	674.2373	0	0	0	0	0	0	0	0	0	0	0	0	0	0	0
S(3,-3)SumEntrp	2.0203065	0	0	0	0	0	0	0	0	0	0	0	0	0	0	0
S(3,-3)Entropy	3.5994756	0	0	0	0	0	0	0	0	0	0	0	0	0	0	0
S(3,-3)DifVarnc	225.32612	0	0	0	0	0	0	0	0	0	0	0	0	0	0	0
S(3,-3)DifEntrp	1.7252027	0	0	0	0	0	0	0	0	0	0	0	0	0	0	0
_Area_S(4,0)	129024	0	0	0	0	0	0	0	0	0	0	0	0	0	0	0
S(4,0)AngScMom	0.00025858306	0	0	0	0	0	0	0	0	0	0	0	0	0	0	0
S(4,0)Contrast	667.71301	0	0	0	0	0	0	0	0	0	0	0	0	0	0	0
S(4,0)Correlat	0.012894795	0	0	0	0	0	0	0	0	0	0	0	0	0	0	0
S(4,0)SumOfSqs	338.21776	0	0	0	0	0	0	0	0	0	0	0	0	0	0	0
S(4,0)InvDfMom	0.046721031	0	0	0	0	0	0	0	0	0	0	0	0	0	0	0
S(4,0)SumAverg	67.208798	0	0	0	0	0	0	0	0	0	0	0	0	0	0	0
S(4,0)SumVarnc	685.15801	0	0	0	0	0	0	0	0	0	0	0	0	0	0	0
S(4,0)SumEntrp	2.0233922	0	0	0	0	0	0	0	0	0	0	0	0	0	0	0
S(4,0)Entropy	3.5994297	0	0	0	0	0	0	0	0	0	0	0	0	0	0	0
S(4,0)DifVarnc	222.51034	0	0	0	0	0	0	0	0	0	0	0	0	0	0	0
S(4,0)DifEntrp	1.72266	0	0	0	0	0	0	0	0	0	0	0	0	0	0	0
_Area_S(0,4)	129024	0	0	0	0	0	0	0	0	0	0	0	0	0	0	0
S(0,4)AngScMom	0.00025879931	0	0	0	0	0	0	0	0	0	0	0	0	0	0	0
S(0,4)Contrast	667.00648	0	0	0	0	0	0	0	0	0	0	0	0	0	0	0
S(0,4)Correlat	0.012336589	0	0	0	0	0	0	0	0	0	0	0	0	0	0	0
S(0,4)SumOfSqs	337.66892	0	0	0	0	0	0	0	0	0	0	0	0	0	0	0
S(0,4)InvDfMom	0.047248355	0	0	0	0	0	0	0	0	0	0	0	0	0	0	0
S(0,4)SumAverg	67.161272	0	0	0	0	0	0	0	0	0	0	0	0	0	0	0
S(0,4)SumVarnc	683.66921	0	0	0	0	0	0	0	0	0	0	0	0	0	0	0
S(0,4)SumEntrp	2.0231953	0	0	0	0	0	0	0	0	0	0	0	0	0	0	0
S(0,4)Entropy	3.5992835	0	0	0	0	0	0	0	0	0	0	0	0	0	0	0
S(0,4)DifVarnc	223.21954	0	0	0	0	0	0	0	0	0	0	0	0	0	0	0
S(0,4)DifEntrp	1.7224457	0	0	0	0	0	0	0	0	0	0	0	0	0	0	0
_Area_S(4,4)	127008	0	0	0	0	0	0	0	0	0	0	0	0	0	0	0
S(4,4)AngScMom	0.00025898727	0	0	0	0	0	0	0	0	0	0	0	0	0	0	0
S(4,4)Contrast	666.98655	0	0	0	0	0	0	0	0	0	0	0	0	0	0	0
S(4,4)Correlat	0.013035465	0	0	0	0	0	0	0	0	0	0	0	0	0	0	0
S(4,4)SumOfSqs	337.89793	0	0	0	0	0	0	0	0	0	0	0	0	0	0	0
S(4,4)InvDfMom	0.048425977	0	0	0	0	0	0	0	0	0	0	0	0	0	0	0
S(4,4)SumAverg	67.177942	0	0	0	0	0	0	0	0	0	0	0	0	0	0	0
S(4,4)SumVarnc	684.60518	0	0	0	0	0	0	0	0	0	0	0	0	0	0	0
S(4,4)SumEntrp	2.0232619	0	0	0	0	0	0	0	0	0	0	0	0	0	0	0
S(4,4)Entropy	3.5991991	0	0	0	0	0	0	0	0	0	0	0	0	0	0	0
S(4,4)DifVarnc	224.74361	0	0	0	0	0	0	0	0	0	0	0	0	0	0	0
S(4,4)DifEntrp	1.722743	0	0	0	0	0	0	0	0	0	0	0	0	0	0	0
_Area_S(4,-4)	127008	0	0	0	0	0	0	0	0	0	0	0	0	0	0	0
S(4,-4)AngScMom	0.00025903984	0	0	0	0	0	0	0	0	0	0	0	0	0	0	0
S(4,-4)Contrast	672.57494	0	0	0	0	0	0	0	0	0	0	0	0	0	0	0
S(4,-4)Correlat	0.0047163716	0	0	0	0	0	0	0	0	0	0	0	0	0	0	0
S(4,-4)SumOfSqs	337.88104	0	0	0	0	0	0	0	0	0	0	0	0	0	0	0
S(4,-4)InvDfMom	0.046776764	0	0	0	0	0	0	0	0	0	0	0	0	0	0	0
S(4,-4)SumAverg	67.176446	0	0	0	0	0	0	0	0	0	0	0	0	0	0	0
S(4,-4)SumVarnc	678.94923	0	0	0	0	0	0	0	0	0	0	0	0	0	0	0
S(4,-4)SumEntrp	2.0216733	0	0	0	0	0	0	0	0	0	0	0	0	0	0	0
S(4,-4)Entropy	3.599018	0	0	0	0	0	0	0	0	0	0	0	0	0	0	0
S(4,-4)DifVarnc	225.65374	0	0	0	0	0	0	0	0	0	0	0	0	0	0	0
S(4,-4)DifEntrp	1.7232936	0	0	0	0	0	0	0	0	0	0	0	0	0	0	0
_Area_S(5,0)	128512	0	0	0	0	0	0	0	0	0	0	0	0	0	0	0
S(5,0)AngScMom	0.00025900863	0	0	0	0	0	0	0	0	0	0	0	0	0	0	0
S(5,0)Contrast	668.19981	0	0	0	0	0	0	0	0	0	0	0	0	0	0	0
S(5,0)Correlat	0.012069647	0	0	0	0	0	0	0	0	0	0	0	0	0	0	0
S(5,0)SumOfSqs	338.18164	0	0	0	0	0	0	0	0	0	0	0	0	0	0	0
S(5,0)InvDfMom	0.048724388	0	0	0	0	0	0	0	0	0	0	0	0	0	0	0
S(5,0)SumAverg	67.209739	0	0	0	0	0	0	0	0	0	0	0	0	0	0	0
S(5,0)SumVarnc	684.52674	0	0	0	0	0	0	0	0	0	0	0	0	0	0	0
S(5,0)SumEntrp	2.0233898	0	0	0	0	0	0	0	0	0	0	0	0	0	0	0
S(5,0)Entropy	3.599139	0	0	0	0	0	0	0	0	0	0	0	0	0	0	0
S(5,0)DifVarnc	224.42732	0	0	0	0	0	0	0	0	0	0	0	0	0	0	0
S(5,0)DifEntrp	1.7229358	0	0	0	0	0	0	0	0	0	0	0	0	0	0	0
_Area_S(0,5)	128512	0	0	0	0	0	0	0	0	0	0	0	0	0	0	0
S(0,5)AngScMom	0.00025871121	0	0	0	0	0	0	0	0	0	0	0	0	0	0	0
S(0,5)Contrast	674.21715	0	0	0	0	0	0	0	0	0	0	0	0	0	0	0
S(0,5)Correlat	0.0018325642	0	0	0	0	0	0	0	0	0	0	0	0	0	0	0
S(0,5)SumOfSqs	337.72748	0	0	0	0	0	0	0	0	0	0	0	0	0	0	0
S(0,5)InvDfMom	0.046616195	0	0	0	0	0	0	0	0	0	0	0	0	0	0	0
S(0,5)SumAverg	67.163798	0	0	0	0	0	0	0	0	0	0	0	0	0	0	0
S(0,5)SumVarnc	676.69278	0	0	0	0	0	0	0	0	0	0	0	0	0	0	0
S(0,5)SumEntrp	2.020859	0	0	0	0	0	0	0	0	0	0	0	0	0	0	0
S(0,5)Entropy	3.5993088	0	0	0	0	0	0	0	0	0	0	0	0	0	0	0
S(0,5)DifVarnc	224.46049	0	0	0	0	0	0	0	0	0	0	0	0	0	0	0
S(0,5)DifEntrp	1.7243243	0	0	0	0	0	0	0	0	0	0	0	0	0	0	0
_Area_S(5,5)	126002	0	0	0	0	0	0	0	0	0	0	0	0	0	0	0
S(5,5)AngScMom	0.00025831102	0	0	0	0	0	0	0	0	0	0	0	0	0	0	0
S(5,5)Contrast	673.61228	0	0	0	0	0	0	0	0	0	0	0	0	0	0	0
S(5,5)Correlat	0.0033889702	0	0	0	0	0	0	0	0	0	0	0	0	0	0	0
S(5,5)SumOfSqs	337.95145	0	0	0	0	0	0	0	0	0	0	0	0	0	0	0
S(5,5)InvDfMom	0.047313196	0	0	0	0	0	0	0	0	0	0	0	0	0	0	0
S(5,5)SumAverg	67.182092	0	0	0	0	0	0	0	0	0	0	0	0	0	0	0
S(5,5)SumVarnc	678.19351	0	0	0	0	0	0	0	0	0	0	0	0	0	0	0
S(5,5)SumEntrp	2.0214455	0	0	0	0	0	0	0	0	0	0	0	0	0	0	0
S(5,5)Entropy	3.599652	0	0	0	0	0	0	0	0	0	0	0	0	0	0	0
S(5,5)DifVarnc	225.63568	0	0	0	0	0	0	0	0	0	0	0	0	0	0	0
S(5,5)DifEntrp	1.724067	0	0	0	0	0	0	0	0	0	0	0	0	0	0	0
_Area_S(5,-5)	126002	0	0	0	0	0	0	0	0	0	0	0	0	0	0	0
S(5,-5)AngScMom	0.00025851548	0	0	0	0	0	0	0	0	0	0	0	0	0	0	0
S(5,-5)Contrast	671.91046	0	0	0	0	0	0	0	0	0	0	0	0	0	0	0
S(5,-5)Correlat	0.0057574947	0	0	0	0	0	0	0	0	0	0	0	0	0	0	0
S(5,-5)SumOfSqs	337.90069	0	0	0	0	0	0	0	0	0	0	0	0	0	0	0
S(5,-5)InvDfMom	0.047804	0	0	0	0	0	0	0	0	0	0	0	0	0	0	0
S(5,-5)SumAverg	67.180251	0	0	0	0	0	0	0	0	0	0	0	0	0	0	0
S(5,-5)SumVarnc	679.69231	0	0	0	0	0	0	0	0	0	0	0	0	0	0	0
S(5,-5)SumEntrp	2.0217473	0	0	0	0	0	0	0	0	0	0	0	0	0	0	0
S(5,-5)Entropy	3.5995027	0	0	0	0	0	0	0	0	0	0	0	0	0	0	0
S(5,-5)DifVarnc	224.83511	0	0	0	0	0	0	0	0	0	0	0	0	0	0	0
S(5,-5)DifEntrp	1.7237573	0	0	0	0	0	0	0	0	0	0	0	0	0	0	0
Horzl_RLNonUni	61753.808	0	0	0	0	0	0	0	0	0	0	0	0	0	0	0
Horzl_GLevNonU	1016.4945	0	0	0	0	0	0	0	0	0	0	0	0	0	0	0
Horzl_LngREmph	1.0626207	0	0	0	0	0	0	0	0	0	0	0	0	0	0	0
Horzl_ShrtREmp	0.98517629	0	0	0	0	0	0	0	0	0	0	0	0	0	0	0
Horzl_Fraction	0.9800415	0	0	0	0	0	0	0	0	0	0	0	0	0	0	0
Vertl_RLNonUni	62510.261	0	0	0	0	0	0	0	0	0	0	0	0	0	0	0
Vertl_GLevNonU	1021.4226	0	0	0	0	0	0	0	0	0	0	0	0	0	0	0
Vertl_LngREmph	1.0485079	0	0	0	0	0	0	0	0	0	0	0	0	0	0	0
Vertl_ShrtREmp	0.98818309	0	0	0	0	0	0	0	0	0	0	0	0	0	0	0
Vertl_Fraction	0.98426819	0	0	0	0	0	0	0	0	0	0	0	0	0	0	0
45dgr_RLNonUni	62331.208	0	0	0	0	0	0	0	0	0	0	0	0	0	0	0
45dgr_GLevNonU	1020.4107	0	0	0	0	0	0	0	0	0	0	0	0	0	0	0
45dgr_LngREmph	1.0513935	0	0	0	0	0	0	0	0	0	0	0	0	0	0	0
45dgr_ShrtREmp	0.98746198	0	0	0	0	0	0	0	0	0	0	0	0	0	0	0
45dgr_Fraction	0.9833374	0	0	0	0	0	0	0	0	0	0	0	0	0	0	0
135dr_RLNonUni	62486.795	0	0	0	0	0	0	0	0	0	0	0	0	0	0	0
135dr_GLevNonU	1021.4024	0	0	0	0	0	0	0	0	0	0	0	0	0	0	0
135dr_LngREmph	1.048917	0	0	0	0	0	0	0	0	0	0	0	0	0	0	0
135dr_ShrtREmp	0.98808999	0	0	0	0	0	0	0	0	0	0	0	0	0	0	0
135dr_Fraction	0.98414612	0	0	0	0	0	0	0	0	0	0	0	0	0	0	0
_AreaGr	64516	0	0	0	0	0	0	0	0	0	0	0	0	0	0	0
GrMean	8.1981685	0	0	0	0	0	0	0	0	0	0	0	0	0	0	0
GrVariance	15.414189	0	0	0	0	0	0	0	0	0	0	0	0	0	0	0
GrSkewness	0.18004265	0	0	0	0	0	0	0	0	0	0	0	0	0	0	0
GrKurtosis	-0.67646525	0	0	0	0	0	0	0	0	0	0	0	0	0	0	0
GrNonZeros	0.99578399	0	0	0	0	0	0	0	0	0	0	0	0	0	0	0
_AreaARM	64770	0	0	0	0	0	0	0	0	0	0	0	0	0	0	0
Teta1	0.060632573	0	0	0	0	0	0	0	0	0	0	0	0	0	0	0
Teta2	-0.00059795439	0	0	0	0	0	0	0	0	0	0	0	0	0	0	0
Teta3	0.00086928333	0	0	0	0	0	0	0	0	0	0	0	0	0	0	0
Teta4	0.0015271134	0	0	0	0	0	0	0	0	0	0	0	0	0	0	0
Sigma	0.997627	0	0	0	0	0	0	0	0	0	0	0	0	0	0	0
WavEnLL_s-1	18846.744	0	0	0	0	0	0	0	0	0	0	0	0	0	0	0
WavEnLH_s-1	1447.4631	0	0	0	0	0	0	0	0	0	0	0	0	0	0	0
WavEnHL_s-1	1263.8357	0	0	0	0	0	0	0	0	0	0	0	0	0	0	0
WavEnHH_s-1	1267.611	0	0	0	0	0	0	0	0	0	0	0	0	0	0	0
WavEnLL_s-2	17791.71	0	0	0	0	0	0	0	0	0	0	0	0	0	0	0
WavEnLH_s-2	394.01177	0	0	0	0	0	0	0	0	0	0	0	0	0	0	0
WavEnHL_s-2	335.74984	0	0	0	0	0	0	0	0	0	0	0	0	0	0	0
WavEnHH_s-2	325.27221	0	0	0	0	0	0	0	0	0	0	0	0	0	0	0
WavEnLL_s-3	17517.353	0	0	0	0	0	0	0	0	0	0	0	0	0	0	0
WavEnLH_s-3	97.717213	0	0	0	0	0	0	0	0	0	0	0	0	0	0	0
WavEnHL_s-3	86.742997	0	0	0	0	0	0	0	0	0	0	0	0	0	0	0
WavEnHH_s-3	89.896356	0	0	0	0	0	0	0	0	0	0	0	0	0	0	0
WavEnLL_s-4	17437.933	0	0	0	0	0	0	0	0	0	0	0	0	0	0	0
WavEnLH_s-4	27.780041	0	0	0	0	0	0	0	0	0	0	0	0	0	0	0
WavEnHL_s-4	26.308258	0	0	0	0	0	0	0	0	0	0	0	0	0	0	0
WavEnHH_s-4	25.332421	0	0	0	0	0	0	0	0	0	0	0	0	0	0	0
