Image File: stone1-a-p036.png 
ROI File: allred.roi 
Image size: 256 x 256
Min. lum.: 1
Max. lum.: 256
Bits/pixel: 8

Normalisation =  No
Histogram analysis = Yes
CO matrix analysis = Yes, Dimensions = 6 x 6, Distances = 1 2 3 4 5
RL matrix analysis = Yes, Dimension = 6
Gradient analysis = Yes, Max pixel value = 16
AR model analysis = Yes
Wavelet analysis = Yes

--------------- CLASS NAMES ----------------

----------------- FEATURES -----------------
_Area	65536	0	0	0	0	0	0	0	0	0	0	0	0	0	0	0
Mean	132.04704	0	0	0	0	0	0	0	0	0	0	0	0	0	0	0
Variance	5596.0952	0	0	0	0	0	0	0	0	0	0	0	0	0	0	0
Skewness	-0.056288075	0	0	0	0	0	0	0	0	0	0	0	0	0	0	0
Kurtosis	-1.2142266	0	0	0	0	0	0	0	0	0	0	0	0	0	0	0
Perc.01%	2	0	0	0	0	0	0	0	0	0	0	0	0	0	0	0
Perc.10%	27	0	0	0	0	0	0	0	0	0	0	0	0	0	0	0
Perc.50%	132	0	0	0	0	0	0	0	0	0	0	0	0	0	0	0
Perc.90%	234	0	0	0	0	0	0	0	0	0	0	0	0	0	0	0
Perc.99%	254	0	0	0	0	0	0	0	0	0	0	0	0	0	0	0
_Area_S(1,0)	130560	0	0	0	0	0	0	0	0	0	0	0	0	0	0	0
S(1,0)AngScMom	0.00026599677	0	0	0	0	0	0	0	0	0	0	0	0	0	0	0
S(1,0)Contrast	659.76267	0	0	0	0	0	0	0	0	0	0	0	0	0	0	0
S(1,0)Correlat	0.055410732	0	0	0	0	0	0	0	0	0	0	0	0	0	0	0
S(1,0)SumOfSqs	349.23257	0	0	0	0	0	0	0	0	0	0	0	0	0	0	0
S(1,0)InvDfMom	0.05365481	0	0	0	0	0	0	0	0	0	0	0	0	0	0	0
S(1,0)SumAverg	66.753447	0	0	0	0	0	0	0	0	0	0	0	0	0	0	0
S(1,0)SumVarnc	737.1676	0	0	0	0	0	0	0	0	0	0	0	0	0	0	0
S(1,0)SumEntrp	2.0368858	0	0	0	0	0	0	0	0	0	0	0	0	0	0	0
S(1,0)Entropy	3.5944176	0	0	0	0	0	0	0	0	0	0	0	0	0	0	0
S(1,0)DifVarnc	224.87215	0	0	0	0	0	0	0	0	0	0	0	0	0	0	0
S(1,0)DifEntrp	1.7203403	0	0	0	0	0	0	0	0	0	0	0	0	0	0	0
_Area_S(0,1)	130560	0	0	0	0	0	0	0	0	0	0	0	0	0	0	0
S(0,1)AngScMom	0.00025833265	0	0	0	0	0	0	0	0	0	0	0	0	0	0	0
S(0,1)Contrast	697.23258	0	0	0	0	0	0	0	0	0	0	0	0	0	0	0
S(0,1)Correlat	0.0013622465	0	0	0	0	0	0	0	0	0	0	0	0	0	0	0
S(0,1)SumOfSqs	349.09184	0	0	0	0	0	0	0	0	0	0	0	0	0	0	0
S(0,1)InvDfMom	0.047904865	0	0	0	0	0	0	0	0	0	0	0	0	0	0	0
S(0,1)SumAverg	66.754121	0	0	0	0	0	0	0	0	0	0	0	0	0	0	0
S(0,1)SumVarnc	699.13478	0	0	0	0	0	0	0	0	0	0	0	0	0	0	0
S(0,1)SumEntrp	2.0271717	0	0	0	0	0	0	0	0	0	0	0	0	0	0	0
S(0,1)Entropy	3.5996836	0	0	0	0	0	0	0	0	0	0	0	0	0	0	0
S(0,1)DifVarnc	234.12785	0	0	0	0	0	0	0	0	0	0	0	0	0	0	0
S(0,1)DifEntrp	1.730797	0	0	0	0	0	0	0	0	0	0	0	0	0	0	0
_Area_S(1,1)	130050	0	0	0	0	0	0	0	0	0	0	0	0	0	0	0
S(1,1)AngScMom	0.00025876293	0	0	0	0	0	0	0	0	0	0	0	0	0	0	0
S(1,1)Contrast	696.73778	0	0	0	0	0	0	0	0	0	0	0	0	0	0	0
S(1,1)Correlat	0.0021577881	0	0	0	0	0	0	0	0	0	0	0	0	0	0	0
S(1,1)SumOfSqs	349.12222	0	0	0	0	0	0	0	0	0	0	0	0	0	0	0
S(1,1)InvDfMom	0.047336248	0	0	0	0	0	0	0	0	0	0	0	0	0	0	0
S(1,1)SumAverg	66.756755	0	0	0	0	0	0	0	0	0	0	0	0	0	0	0
S(1,1)SumVarnc	699.7511	0	0	0	0	0	0	0	0	0	0	0	0	0	0	0
S(1,1)SumEntrp	2.0269792	0	0	0	0	0	0	0	0	0	0	0	0	0	0	0
S(1,1)Entropy	3.5993845	0	0	0	0	0	0	0	0	0	0	0	0	0	0	0
S(1,1)DifVarnc	233.01293	0	0	0	0	0	0	0	0	0	0	0	0	0	0	0
S(1,1)DifEntrp	1.7305474	0	0	0	0	0	0	0	0	0	0	0	0	0	0	0
_Area_S(1,-1)	130050	0	0	0	0	0	0	0	0	0	0	0	0	0	0	0
S(1,-1)AngScMom	0.000258157	0	0	0	0	0	0	0	0	0	0	0	0	0	0	0
S(1,-1)Contrast	704.86665	0	0	0	0	0	0	0	0	0	0	0	0	0	0	0
S(1,-1)Correlat	-0.0095024636	0	0	0	0	0	0	0	0	0	0	0	0	0	0	0
S(1,-1)SumOfSqs	349.11586	0	0	0	0	0	0	0	0	0	0	0	0	0	0	0
S(1,-1)InvDfMom	0.046693878	0	0	0	0	0	0	0	0	0	0	0	0	0	0	0
S(1,-1)SumAverg	66.755709	0	0	0	0	0	0	0	0	0	0	0	0	0	0	0
S(1,-1)SumVarnc	691.59681	0	0	0	0	0	0	0	0	0	0	0	0	0	0	0
S(1,-1)SumEntrp	2.0248296	0	0	0	0	0	0	0	0	0	0	0	0	0	0	0
S(1,-1)Entropy	3.5998646	0	0	0	0	0	0	0	0	0	0	0	0	0	0	0
S(1,-1)DifVarnc	233.5711	0	0	0	0	0	0	0	0	0	0	0	0	0	0	0
S(1,-1)DifEntrp	1.7327772	0	0	0	0	0	0	0	0	0	0	0	0	0	0	0
_Area_S(2,0)	130048	0	0	0	0	0	0	0	0	0	0	0	0	0	0	0
S(2,0)AngScMom	0.00025923374	0	0	0	0	0	0	0	0	0	0	0	0	0	0	0
S(2,0)Contrast	685.20846	0	0	0	0	0	0	0	0	0	0	0	0	0	0	0
S(2,0)Correlat	0.018972088	0	0	0	0	0	0	0	0	0	0	0	0	0	0	0
S(2,0)SumOfSqs	349.22985	0	0	0	0	0	0	0	0	0	0	0	0	0	0	0
S(2,0)InvDfMom	0.048793835	0	0	0	0	0	0	0	0	0	0	0	0	0	0	0
S(2,0)SumAverg	66.765856	0	0	0	0	0	0	0	0	0	0	0	0	0	0	0
S(2,0)SumVarnc	711.71094	0	0	0	0	0	0	0	0	0	0	0	0	0	0	0
S(2,0)SumEntrp	2.030931	0	0	0	0	0	0	0	0	0	0	0	0	0	0	0
S(2,0)Entropy	3.5989583	0	0	0	0	0	0	0	0	0	0	0	0	0	0	0
S(2,0)DifVarnc	229.28443	0	0	0	0	0	0	0	0	0	0	0	0	0	0	0
S(2,0)DifEntrp	1.7275708	0	0	0	0	0	0	0	0	0	0	0	0	0	0	0
_Area_S(0,2)	130048	0	0	0	0	0	0	0	0	0	0	0	0	0	0	0
S(0,2)AngScMom	0.00025835592	0	0	0	0	0	0	0	0	0	0	0	0	0	0	0
S(0,2)Contrast	704.19867	0	0	0	0	0	0	0	0	0	0	0	0	0	0	0
S(0,2)Correlat	-0.008806561	0	0	0	0	0	0	0	0	0	0	0	0	0	0	0
S(0,2)SumOfSqs	349.02562	0	0	0	0	0	0	0	0	0	0	0	0	0	0	0
S(0,2)InvDfMom	0.045936965	0	0	0	0	0	0	0	0	0	0	0	0	0	0	0
S(0,2)SumAverg	66.723671	0	0	0	0	0	0	0	0	0	0	0	0	0	0	0
S(0,2)SumVarnc	691.9038	0	0	0	0	0	0	0	0	0	0	0	0	0	0	0
S(0,2)SumEntrp	2.0252381	0	0	0	0	0	0	0	0	0	0	0	0	0	0	0
S(0,2)Entropy	3.5996265	0	0	0	0	0	0	0	0	0	0	0	0	0	0	0
S(0,2)DifVarnc	234.22316	0	0	0	0	0	0	0	0	0	0	0	0	0	0	0
S(0,2)DifEntrp	1.7321912	0	0	0	0	0	0	0	0	0	0	0	0	0	0	0
_Area_S(2,2)	129032	0	0	0	0	0	0	0	0	0	0	0	0	0	0	0
S(2,2)AngScMom	0.00025884759	0	0	0	0	0	0	0	0	0	0	0	0	0	0	0
S(2,2)Contrast	698.71454	0	0	0	0	0	0	0	0	0	0	0	0	0	0	0
S(2,2)Correlat	-0.00089876054	0	0	0	0	0	0	0	0	0	0	0	0	0	0	0
S(2,2)SumOfSqs	349.04356	0	0	0	0	0	0	0	0	0	0	0	0	0	0	0
S(2,2)InvDfMom	0.047447598	0	0	0	0	0	0	0	0	0	0	0	0	0	0	0
S(2,2)SumAverg	66.738778	0	0	0	0	0	0	0	0	0	0	0	0	0	0	0
S(2,2)SumVarnc	697.45971	0	0	0	0	0	0	0	0	0	0	0	0	0	0	0
S(2,2)SumEntrp	2.0264544	0	0	0	0	0	0	0	0	0	0	0	0	0	0	0
S(2,2)Entropy	3.5992157	0	0	0	0	0	0	0	0	0	0	0	0	0	0	0
S(2,2)DifVarnc	233.50655	0	0	0	0	0	0	0	0	0	0	0	0	0	0	0
S(2,2)DifEntrp	1.7310392	0	0	0	0	0	0	0	0	0	0	0	0	0	0	0
_Area_S(2,-2)	129032	0	0	0	0	0	0	0	0	0	0	0	0	0	0	0
S(2,-2)AngScMom	0.0002583648	0	0	0	0	0	0	0	0	0	0	0	0	0	0	0
S(2,-2)Contrast	699.49301	0	0	0	0	0	0	0	0	0	0	0	0	0	0	0
S(2,-2)Correlat	-0.0020068846	0	0	0	0	0	0	0	0	0	0	0	0	0	0	0
S(2,-2)SumOfSqs	349.04601	0	0	0	0	0	0	0	0	0	0	0	0	0	0	0
S(2,-2)InvDfMom	0.046590696	0	0	0	0	0	0	0	0	0	0	0	0	0	0	0
S(2,-2)SumAverg	66.736763	0	0	0	0	0	0	0	0	0	0	0	0	0	0	0
S(2,-2)SumVarnc	696.69103	0	0	0	0	0	0	0	0	0	0	0	0	0	0	0
S(2,-2)SumEntrp	2.0263047	0	0	0	0	0	0	0	0	0	0	0	0	0	0	0
S(2,-2)Entropy	3.5996665	0	0	0	0	0	0	0	0	0	0	0	0	0	0	0
S(2,-2)DifVarnc	233.72053	0	0	0	0	0	0	0	0	0	0	0	0	0	0	0
S(2,-2)DifEntrp	1.7312287	0	0	0	0	0	0	0	0	0	0	0	0	0	0	0
_Area_S(3,0)	129536	0	0	0	0	0	0	0	0	0	0	0	0	0	0	0
S(3,0)AngScMom	0.00025881907	0	0	0	0	0	0	0	0	0	0	0	0	0	0	0
S(3,0)Contrast	695.8217	0	0	0	0	0	0	0	0	0	0	0	0	0	0	0
S(3,0)Correlat	0.0038815325	0	0	0	0	0	0	0	0	0	0	0	0	0	0	0
S(3,0)SumOfSqs	349.26654	0	0	0	0	0	0	0	0	0	0	0	0	0	0	0
S(3,0)InvDfMom	0.047494383	0	0	0	0	0	0	0	0	0	0	0	0	0	0	0
S(3,0)SumAverg	66.769578	0	0	0	0	0	0	0	0	0	0	0	0	0	0	0
S(3,0)SumVarnc	701.24446	0	0	0	0	0	0	0	0	0	0	0	0	0	0	0
S(3,0)SumEntrp	2.027851	0	0	0	0	0	0	0	0	0	0	0	0	0	0	0
S(3,0)Entropy	3.5994248	0	0	0	0	0	0	0	0	0	0	0	0	0	0	0
S(3,0)DifVarnc	231.78406	0	0	0	0	0	0	0	0	0	0	0	0	0	0	0
S(3,0)DifEntrp	1.7300042	0	0	0	0	0	0	0	0	0	0	0	0	0	0	0
_Area_S(0,3)	129536	0	0	0	0	0	0	0	0	0	0	0	0	0	0	0
S(0,3)AngScMom	0.00025855899	0	0	0	0	0	0	0	0	0	0	0	0	0	0	0
S(0,3)Contrast	699.19317	0	0	0	0	0	0	0	0	0	0	0	0	0	0	0
S(0,3)Correlat	-0.0018377776	0	0	0	0	0	0	0	0	0	0	0	0	0	0	0
S(0,3)SumOfSqs	348.95528	0	0	0	0	0	0	0	0	0	0	0	0	0	0	0
S(0,3)InvDfMom	0.048094985	0	0	0	0	0	0	0	0	0	0	0	0	0	0	0
S(0,3)SumAverg	66.71858	0	0	0	0	0	0	0	0	0	0	0	0	0	0	0
S(0,3)SumVarnc	696.62796	0	0	0	0	0	0	0	0	0	0	0	0	0	0	0
S(0,3)SumEntrp	2.0263908	0	0	0	0	0	0	0	0	0	0	0	0	0	0	0
S(0,3)Entropy	3.5996443	0	0	0	0	0	0	0	0	0	0	0	0	0	0	0
S(0,3)DifVarnc	233.66231	0	0	0	0	0	0	0	0	0	0	0	0	0	0	0
S(0,3)DifEntrp	1.7311364	0	0	0	0	0	0	0	0	0	0	0	0	0	0	0
_Area_S(3,3)	128018	0	0	0	0	0	0	0	0	0	0	0	0	0	0	0
S(3,3)AngScMom	0.00025865406	0	0	0	0	0	0	0	0	0	0	0	0	0	0	0
S(3,3)Contrast	701.33872	0	0	0	0	0	0	0	0	0	0	0	0	0	0	0
S(3,3)Correlat	-0.0047528872	0	0	0	0	0	0	0	0	0	0	0	0	0	0	0
S(3,3)SumOfSqs	349.01055	0	0	0	0	0	0	0	0	0	0	0	0	0	0	0
S(3,3)InvDfMom	0.047153418	0	0	0	0	0	0	0	0	0	0	0	0	0	0	0
S(3,3)SumAverg	66.738427	0	0	0	0	0	0	0	0	0	0	0	0	0	0	0
S(3,3)SumVarnc	694.70349	0	0	0	0	0	0	0	0	0	0	0	0	0	0	0
S(3,3)SumEntrp	2.0258828	0	0	0	0	0	0	0	0	0	0	0	0	0	0	0
S(3,3)Entropy	3.5994043	0	0	0	0	0	0	0	0	0	0	0	0	0	0	0
S(3,3)DifVarnc	234.68045	0	0	0	0	0	0	0	0	0	0	0	0	0	0	0
S(3,3)DifEntrp	1.7316074	0	0	0	0	0	0	0	0	0	0	0	0	0	0	0
_Area_S(3,-3)	128018	0	0	0	0	0	0	0	0	0	0	0	0	0	0	0
S(3,-3)AngScMom	0.00025856912	0	0	0	0	0	0	0	0	0	0	0	0	0	0	0
S(3,-3)Contrast	695.94112	0	0	0	0	0	0	0	0	0	0	0	0	0	0	0
S(3,-3)Correlat	0.0030311823	0	0	0	0	0	0	0	0	0	0	0	0	0	0	0
S(3,-3)SumOfSqs	349.02853	0	0	0	0	0	0	0	0	0	0	0	0	0	0	0
S(3,-3)InvDfMom	0.047174199	0	0	0	0	0	0	0	0	0	0	0	0	0	0	0
S(3,-3)SumAverg	66.735537	0	0	0	0	0	0	0	0	0	0	0	0	0	0	0
S(3,-3)SumVarnc	700.17299	0	0	0	0	0	0	0	0	0	0	0	0	0	0	0
S(3,-3)SumEntrp	2.0273046	0	0	0	0	0	0	0	0	0	0	0	0	0	0	0
S(3,-3)Entropy	3.5995332	0	0	0	0	0	0	0	0	0	0	0	0	0	0	0
S(3,-3)DifVarnc	232.64826	0	0	0	0	0	0	0	0	0	0	0	0	0	0	0
S(3,-3)DifEntrp	1.7303989	0	0	0	0	0	0	0	0	0	0	0	0	0	0	0
_Area_S(4,0)	129024	0	0	0	0	0	0	0	0	0	0	0	0	0	0	0
S(4,0)AngScMom	0.00025895261	0	0	0	0	0	0	0	0	0	0	0	0	0	0	0
S(4,0)Contrast	695.02902	0	0	0	0	0	0	0	0	0	0	0	0	0	0	0
S(4,0)Correlat	0.0047375436	0	0	0	0	0	0	0	0	0	0	0	0	0	0	0
S(4,0)SumOfSqs	349.16871	0	0	0	0	0	0	0	0	0	0	0	0	0	0	0
S(4,0)InvDfMom	0.047906004	0	0	0	0	0	0	0	0	0	0	0	0	0	0	0
S(4,0)SumAverg	66.766927	0	0	0	0	0	0	0	0	0	0	0	0	0	0	0
S(4,0)SumVarnc	701.64583	0	0	0	0	0	0	0	0	0	0	0	0	0	0	0
S(4,0)SumEntrp	2.0278955	0	0	0	0	0	0	0	0	0	0	0	0	0	0	0
S(4,0)Entropy	3.5992564	0	0	0	0	0	0	0	0	0	0	0	0	0	0	0
S(4,0)DifVarnc	233.41868	0	0	0	0	0	0	0	0	0	0	0	0	0	0	0
S(4,0)DifEntrp	1.7300074	0	0	0	0	0	0	0	0	0	0	0	0	0	0	0
_Area_S(0,4)	129024	0	0	0	0	0	0	0	0	0	0	0	0	0	0	0
S(0,4)AngScMom	0.00025841426	0	0	0	0	0	0	0	0	0	0	0	0	0	0	0
S(0,4)Contrast	700.85131	0	0	0	0	0	0	0	0	0	0	0	0	0	0	0
S(0,4)Correlat	-0.0042728554	0	0	0	0	0	0	0	0	0	0	0	0	0	0	0
S(0,4)SumOfSqs	348.93471	0	0	0	0	0	0	0	0	0	0	0	0	0	0	0
S(0,4)InvDfMom	0.046673586	0	0	0	0	0	0	0	0	0	0	0	0	0	0	0
S(0,4)SumAverg	66.709077	0	0	0	0	0	0	0	0	0	0	0	0	0	0	0
S(0,4)SumVarnc	694.88752	0	0	0	0	0	0	0	0	0	0	0	0	0	0	0
S(0,4)SumEntrp	2.0258938	0	0	0	0	0	0	0	0	0	0	0	0	0	0	0
S(0,4)Entropy	3.5996318	0	0	0	0	0	0	0	0	0	0	0	0	0	0	0
S(0,4)DifVarnc	234.43273	0	0	0	0	0	0	0	0	0	0	0	0	0	0	0
S(0,4)DifEntrp	1.7316228	0	0	0	0	0	0	0	0	0	0	0	0	0	0	0
_Area_S(4,4)	127008	0	0	0	0	0	0	0	0	0	0	0	0	0	0	0
S(4,4)AngScMom	0.00025884829	0	0	0	0	0	0	0	0	0	0	0	0	0	0	0
S(4,4)Contrast	696.26014	0	0	0	0	0	0	0	0	0	0	0	0	0	0	0
S(4,4)Correlat	0.0021617024	0	0	0	0	0	0	0	0	0	0	0	0	0	0	0
S(4,4)SumOfSqs	348.88425	0	0	0	0	0	0	0	0	0	0	0	0	0	0	0
S(4,4)InvDfMom	0.047378757	0	0	0	0	0	0	0	0	0	0	0	0	0	0	0
S(4,4)SumAverg	66.725151	0	0	0	0	0	0	0	0	0	0	0	0	0	0	0
S(4,4)SumVarnc	699.27688	0	0	0	0	0	0	0	0	0	0	0	0	0	0	0
S(4,4)SumEntrp	2.0269067	0	0	0	0	0	0	0	0	0	0	0	0	0	0	0
S(4,4)Entropy	3.5992385	0	0	0	0	0	0	0	0	0	0	0	0	0	0	0
S(4,4)DifVarnc	232.27373	0	0	0	0	0	0	0	0	0	0	0	0	0	0	0
S(4,4)DifEntrp	1.7301898	0	0	0	0	0	0	0	0	0	0	0	0	0	0	0
_Area_S(4,-4)	127008	0	0	0	0	0	0	0	0	0	0	0	0	0	0	0
S(4,-4)AngScMom	0.00025921441	0	0	0	0	0	0	0	0	0	0	0	0	0	0	0
S(4,-4)Contrast	699.52409	0	0	0	0	0	0	0	0	0	0	0	0	0	0	0
S(4,-4)Correlat	-0.0024536637	0	0	0	0	0	0	0	0	0	0	0	0	0	0	0
S(4,-4)SumOfSqs	348.90595	0	0	0	0	0	0	0	0	0	0	0	0	0	0	0
S(4,-4)InvDfMom	0.047983369	0	0	0	0	0	0	0	0	0	0	0	0	0	0	0
S(4,-4)SumAverg	66.723513	0	0	0	0	0	0	0	0	0	0	0	0	0	0	0
S(4,-4)SumVarnc	696.0997	0	0	0	0	0	0	0	0	0	0	0	0	0	0	0
S(4,-4)SumEntrp	2.0260183	0	0	0	0	0	0	0	0	0	0	0	0	0	0	0
S(4,-4)Entropy	3.5989804	0	0	0	0	0	0	0	0	0	0	0	0	0	0	0
S(4,-4)DifVarnc	233.88772	0	0	0	0	0	0	0	0	0	0	0	0	0	0	0
S(4,-4)DifEntrp	1.731659	0	0	0	0	0	0	0	0	0	0	0	0	0	0	0
_Area_S(5,0)	128512	0	0	0	0	0	0	0	0	0	0	0	0	0	0	0
S(5,0)AngScMom	0.00025855293	0	0	0	0	0	0	0	0	0	0	0	0	0	0	0
S(5,0)Contrast	696.09862	0	0	0	0	0	0	0	0	0	0	0	0	0	0	0
S(5,0)Correlat	0.0033220535	0	0	0	0	0	0	0	0	0	0	0	0	0	0	0
S(5,0)SumOfSqs	349.2094	0	0	0	0	0	0	0	0	0	0	0	0	0	0	0
S(5,0)InvDfMom	0.04783092	0	0	0	0	0	0	0	0	0	0	0	0	0	0	0
S(5,0)SumAverg	66.762435	0	0	0	0	0	0	0	0	0	0	0	0	0	0	0
S(5,0)SumVarnc	700.73899	0	0	0	0	0	0	0	0	0	0	0	0	0	0	0
S(5,0)SumEntrp	2.0275558	0	0	0	0	0	0	0	0	0	0	0	0	0	0	0
S(5,0)Entropy	3.5995984	0	0	0	0	0	0	0	0	0	0	0	0	0	0	0
S(5,0)DifVarnc	231.94279	0	0	0	0	0	0	0	0	0	0	0	0	0	0	0
S(5,0)DifEntrp	1.7305058	0	0	0	0	0	0	0	0	0	0	0	0	0	0	0
_Area_S(0,5)	128512	0	0	0	0	0	0	0	0	0	0	0	0	0	0	0
S(0,5)AngScMom	0.00025857025	0	0	0	0	0	0	0	0	0	0	0	0	0	0	0
S(0,5)Contrast	696.12371	0	0	0	0	0	0	0	0	0	0	0	0	0	0	0
S(0,5)Correlat	0.0022950515	0	0	0	0	0	0	0	0	0	0	0	0	0	0	0
S(0,5)SumOfSqs	348.86251	0	0	0	0	0	0	0	0	0	0	0	0	0	0	0
S(0,5)InvDfMom	0.046896332	0	0	0	0	0	0	0	0	0	0	0	0	0	0	0
S(0,5)SumAverg	66.710486	0	0	0	0	0	0	0	0	0	0	0	0	0	0	0
S(0,5)SumVarnc	699.32634	0	0	0	0	0	0	0	0	0	0	0	0	0	0	0
S(0,5)SumEntrp	2.0271206	0	0	0	0	0	0	0	0	0	0	0	0	0	0	0
S(0,5)Entropy	3.5994693	0	0	0	0	0	0	0	0	0	0	0	0	0	0	0
S(0,5)DifVarnc	231.67949	0	0	0	0	0	0	0	0	0	0	0	0	0	0	0
S(0,5)DifEntrp	1.730311	0	0	0	0	0	0	0	0	0	0	0	0	0	0	0
_Area_S(5,5)	126002	0	0	0	0	0	0	0	0	0	0	0	0	0	0	0
S(5,5)AngScMom	0.00025864535	0	0	0	0	0	0	0	0	0	0	0	0	0	0	0
S(5,5)Contrast	698.91014	0	0	0	0	0	0	0	0	0	0	0	0	0	0	0
S(5,5)Correlat	-0.0016937908	0	0	0	0	0	0	0	0	0	0	0	0	0	0	0
S(5,5)SumOfSqs	348.86417	0	0	0	0	0	0	0	0	0	0	0	0	0	0	0
S(5,5)InvDfMom	0.047247978	0	0	0	0	0	0	0	0	0	0	0	0	0	0	0
S(5,5)SumAverg	66.720465	0	0	0	0	0	0	0	0	0	0	0	0	0	0	0
S(5,5)SumVarnc	696.54653	0	0	0	0	0	0	0	0	0	0	0	0	0	0	0
S(5,5)SumEntrp	2.0264094	0	0	0	0	0	0	0	0	0	0	0	0	0	0	0
S(5,5)Entropy	3.5994187	0	0	0	0	0	0	0	0	0	0	0	0	0	0	0
S(5,5)DifVarnc	233.82434	0	0	0	0	0	0	0	0	0	0	0	0	0	0	0
S(5,5)DifEntrp	1.7310513	0	0	0	0	0	0	0	0	0	0	0	0	0	0	0
_Area_S(5,-5)	126002	0	0	0	0	0	0	0	0	0	0	0	0	0	0	0
S(5,-5)AngScMom	0.00025875205	0	0	0	0	0	0	0	0	0	0	0	0	0	0	0
S(5,-5)Contrast	696.77732	0	0	0	0	0	0	0	0	0	0	0	0	0	0	0
S(5,-5)Correlat	0.0013944022	0	0	0	0	0	0	0	0	0	0	0	0	0	0	0
S(5,-5)SumOfSqs	348.87513	0	0	0	0	0	0	0	0	0	0	0	0	0	0	0
S(5,-5)InvDfMom	0.046588594	0	0	0	0	0	0	0	0	0	0	0	0	0	0	0
S(5,-5)SumAverg	66.717608	0	0	0	0	0	0	0	0	0	0	0	0	0	0	0
S(5,-5)SumVarnc	698.72321	0	0	0	0	0	0	0	0	0	0	0	0	0	0	0
S(5,-5)SumEntrp	2.0267449	0	0	0	0	0	0	0	0	0	0	0	0	0	0	0
S(5,-5)Entropy	3.599311	0	0	0	0	0	0	0	0	0	0	0	0	0	0	0
S(5,-5)DifVarnc	232.34031	0	0	0	0	0	0	0	0	0	0	0	0	0	0	0
S(5,-5)DifEntrp	1.7305962	0	0	0	0	0	0	0	0	0	0	0	0	0	0	0
Horzl_RLNonUni	61680.965	0	0	0	0	0	0	0	0	0	0	0	0	0	0	0
Horzl_GLevNonU	1015.9498	0	0	0	0	0	0	0	0	0	0	0	0	0	0	0
Horzl_LngREmph	1.0636243	0	0	0	0	0	0	0	0	0	0	0	0	0	0	0
Horzl_ShrtREmp	0.98487376	0	0	0	0	0	0	0	0	0	0	0	0	0	0	0
Horzl_Fraction	0.97969055	0	0	0	0	0	0	0	0	0	0	0	0	0	0	0
Vertl_RLNonUni	62401.689	0	0	0	0	0	0	0	0	0	0	0	0	0	0	0
Vertl_GLevNonU	1020.8011	0	0	0	0	0	0	0	0	0	0	0	0	0	0	0
Vertl_LngREmph	1.0503195	0	0	0	0	0	0	0	0	0	0	0	0	0	0	0
Vertl_ShrtREmp	0.98774866	0	0	0	0	0	0	0	0	0	0	0	0	0	0	0
Vertl_Fraction	0.98370361	0	0	0	0	0	0	0	0	0	0	0	0	0	0	0
45dgr_RLNonUni	62532.913	0	0	0	0	0	0	0	0	0	0	0	0	0	0	0
45dgr_GLevNonU	1021.3485	0	0	0	0	0	0	0	0	0	0	0	0	0	0	0
45dgr_LngREmph	1.0480516	0	0	0	0	0	0	0	0	0	0	0	0	0	0	0
45dgr_ShrtREmp	0.98827182	0	0	0	0	0	0	0	0	0	0	0	0	0	0	0
45dgr_Fraction	0.98440552	0	0	0	0	0	0	0	0	0	0	0	0	0	0	0
135dr_RLNonUni	62462.554	0	0	0	0	0	0	0	0	0	0	0	0	0	0	0
135dr_GLevNonU	1021.1086	0	0	0	0	0	0	0	0	0	0	0	0	0	0	0
135dr_LngREmph	1.0489673	0	0	0	0	0	0	0	0	0	0	0	0	0	0	0
135dr_ShrtREmp	0.98798214	0	0	0	0	0	0	0	0	0	0	0	0	0	0	0
135dr_Fraction	0.98406982	0	0	0	0	0	0	0	0	0	0	0	0	0	0	0
_AreaGr	64516	0	0	0	0	0	0	0	0	0	0	0	0	0	0	0
GrMean	8.4149641	0	0	0	0	0	0	0	0	0	0	0	0	0	0	0
GrVariance	15.886734	0	0	0	0	0	0	0	0	0	0	0	0	0	0	0
GrSkewness	0.15639818	0	0	0	0	0	0	0	0	0	0	0	0	0	0	0
GrKurtosis	-0.67185168	0	0	0	0	0	0	0	0	0	0	0	0	0	0	0
GrNonZeros	0.99584599	0	0	0	0	0	0	0	0	0	0	0	0	0	0	0
_AreaARM	64770	0	0	0	0	0	0	0	0	0	0	0	0	0	0	0
Teta1	0.054609249	0	0	0	0	0	0	0	0	0	0	0	0	0	0	0
Teta2	-0.0098359944	0	0	0	0	0	0	0	0	0	0	0	0	0	0	0
Teta3	0.0012769557	0	0	0	0	0	0	0	0	0	0	0	0	0	0	0
Teta4	0.0019892327	0	0	0	0	0	0	0	0	0	0	0	0	0	0	0
Sigma	0.99814257	0	0	0	0	0	0	0	0	0	0	0	0	0	0	0
WavEnLL_s-1	18639.568	0	0	0	0	0	0	0	0	0	0	0	0	0	0	0
WavEnLH_s-1	1498.5636	0	0	0	0	0	0	0	0	0	0	0	0	0	0	0
WavEnHL_s-1	1316.9009	0	0	0	0	0	0	0	0	0	0	0	0	0	0	0
WavEnHH_s-1	1314.3906	0	0	0	0	0	0	0	0	0	0	0	0	0	0	0
WavEnLL_s-2	17556.803	0	0	0	0	0	0	0	0	0	0	0	0	0	0	0
WavEnLH_s-2	391.01915	0	0	0	0	0	0	0	0	0	0	0	0	0	0	0
WavEnHL_s-2	346.766	0	0	0	0	0	0	0	0	0	0	0	0	0	0	0
WavEnHH_s-2	344.9794	0	0	0	0	0	0	0	0	0	0	0	0	0	0	0
WavEnLL_s-3	17267.932	0	0	0	0	0	0	0	0	0	0	0	0	0	0	0
WavEnLH_s-3	100.82388	0	0	0	0	0	0	0	0	0	0	0	0	0	0	0
WavEnHL_s-3	92.359308	0	0	0	0	0	0	0	0	0	0	0	0	0	0	0
WavEnHH_s-3	95.688088	0	0	0	0	0	0	0	0	0	0	0	0	0	0	0
WavEnLL_s-4	17196.512	0	0	0	0	0	0	0	0	0	0	0	0	0	0	0
WavEnLH_s-4	25.293314	0	0	0	0	0	0	0	0	0	0	0	0	0	0	0
WavEnHL_s-4	22.618363	0	0	0	0	0	0	0	0	0	0	0	0	0	0	0
WavEnHH_s-4	23.508221	0	0	0	0	0	0	0	0	0	0	0	0	0	0	0
