Image File: stone1-a-p016.png 
ROI File: allred.roi 
Image size: 256 x 256
Min. lum.: 1
Max. lum.: 256
Bits/pixel: 8

Normalisation =  No
Histogram analysis = Yes
CO matrix analysis = Yes, Dimensions = 6 x 6, Distances = 1 2 3 4 5
RL matrix analysis = Yes, Dimension = 6
Gradient analysis = Yes, Max pixel value = 16
AR model analysis = Yes
Wavelet analysis = Yes

--------------- CLASS NAMES ----------------

----------------- FEATURES -----------------
_Area	65536	0	0	0	0	0	0	0	0	0	0	0	0	0	0	0
Mean	129.98268	0	0	0	0	0	0	0	0	0	0	0	0	0	0	0
Variance	5564.2193	0	0	0	0	0	0	0	0	0	0	0	0	0	0	0
Skewness	-0.027822843	0	0	0	0	0	0	0	0	0	0	0	0	0	0	0
Kurtosis	-1.2014618	0	0	0	0	0	0	0	0	0	0	0	0	0	0	0
Perc.01%	2	0	0	0	0	0	0	0	0	0	0	0	0	0	0	0
Perc.10%	26	0	0	0	0	0	0	0	0	0	0	0	0	0	0	0
Perc.50%	130	0	0	0	0	0	0	0	0	0	0	0	0	0	0	0
Perc.90%	232	0	0	0	0	0	0	0	0	0	0	0	0	0	0	0
Perc.99%	254	0	0	0	0	0	0	0	0	0	0	0	0	0	0	0
_Area_S(1,0)	130560	0	0	0	0	0	0	0	0	0	0	0	0	0	0	0
S(1,0)AngScMom	0.00026588672	0	0	0	0	0	0	0	0	0	0	0	0	0	0	0
S(1,0)Contrast	649.24383	0	0	0	0	0	0	0	0	0	0	0	0	0	0	0
S(1,0)Correlat	0.064324194	0	0	0	0	0	0	0	0	0	0	0	0	0	0	0
S(1,0)SumOfSqs	346.93845	0	0	0	0	0	0	0	0	0	0	0	0	0	0	0
S(1,0)InvDfMom	0.054946726	0	0	0	0	0	0	0	0	0	0	0	0	0	0	0
S(1,0)SumAverg	65.730591	0	0	0	0	0	0	0	0	0	0	0	0	0	0	0
S(1,0)SumVarnc	738.50997	0	0	0	0	0	0	0	0	0	0	0	0	0	0	0
S(1,0)SumEntrp	2.0378184	0	0	0	0	0	0	0	0	0	0	0	0	0	0	0
S(1,0)Entropy	3.594876	0	0	0	0	0	0	0	0	0	0	0	0	0	0	0
S(1,0)DifVarnc	223.32414	0	0	0	0	0	0	0	0	0	0	0	0	0	0	0
S(1,0)DifEntrp	1.7175886	0	0	0	0	0	0	0	0	0	0	0	0	0	0	0
_Area_S(0,1)	130560	0	0	0	0	0	0	0	0	0	0	0	0	0	0	0
S(0,1)AngScMom	0.00025523548	0	0	0	0	0	0	0	0	0	0	0	0	0	0	0
S(0,1)Contrast	690.88911	0	0	0	0	0	0	0	0	0	0	0	0	0	0	0
S(0,1)Correlat	0.0041753644	0	0	0	0	0	0	0	0	0	0	0	0	0	0	0
S(0,1)SumOfSqs	346.89296	0	0	0	0	0	0	0	0	0	0	0	0	0	0	0
S(0,1)InvDfMom	0.046725652	0	0	0	0	0	0	0	0	0	0	0	0	0	0	0
S(0,1)SumAverg	65.724004	0	0	0	0	0	0	0	0	0	0	0	0	0	0	0
S(0,1)SumVarnc	696.68273	0	0	0	0	0	0	0	0	0	0	0	0	0	0	0
S(0,1)SumEntrp	2.0267348	0	0	0	0	0	0	0	0	0	0	0	0	0	0	0
S(0,1)Entropy	3.6024612	0	0	0	0	0	0	0	0	0	0	0	0	0	0	0
S(0,1)DifVarnc	230.28111	0	0	0	0	0	0	0	0	0	0	0	0	0	0	0
S(0,1)DifEntrp	1.7291231	0	0	0	0	0	0	0	0	0	0	0	0	0	0	0
_Area_S(1,1)	130050	0	0	0	0	0	0	0	0	0	0	0	0	0	0	0
S(1,1)AngScMom	0.00025509793	0	0	0	0	0	0	0	0	0	0	0	0	0	0	0
S(1,1)Contrast	691.25686	0	0	0	0	0	0	0	0	0	0	0	0	0	0	0
S(1,1)Correlat	0.003325015	0	0	0	0	0	0	0	0	0	0	0	0	0	0	0
S(1,1)SumOfSqs	346.78148	0	0	0	0	0	0	0	0	0	0	0	0	0	0	0
S(1,1)InvDfMom	0.047469341	0	0	0	0	0	0	0	0	0	0	0	0	0	0	0
S(1,1)SumAverg	65.722184	0	0	0	0	0	0	0	0	0	0	0	0	0	0	0
S(1,1)SumVarnc	695.86907	0	0	0	0	0	0	0	0	0	0	0	0	0	0	0
S(1,1)SumEntrp	2.0266508	0	0	0	0	0	0	0	0	0	0	0	0	0	0	0
S(1,1)Entropy	3.6026655	0	0	0	0	0	0	0	0	0	0	0	0	0	0	0
S(1,1)DifVarnc	231.36364	0	0	0	0	0	0	0	0	0	0	0	0	0	0	0
S(1,1)DifEntrp	1.7296437	0	0	0	0	0	0	0	0	0	0	0	0	0	0	0
_Area_S(1,-1)	130050	0	0	0	0	0	0	0	0	0	0	0	0	0	0	0
S(1,-1)AngScMom	0.00025560535	0	0	0	0	0	0	0	0	0	0	0	0	0	0	0
S(1,-1)Contrast	695.2701	0	0	0	0	0	0	0	0	0	0	0	0	0	0	0
S(1,-1)Correlat	-0.002473469	0	0	0	0	0	0	0	0	0	0	0	0	0	0	0
S(1,-1)SumOfSqs	346.77731	0	0	0	0	0	0	0	0	0	0	0	0	0	0	0
S(1,-1)InvDfMom	0.046907042	0	0	0	0	0	0	0	0	0	0	0	0	0	0	0
S(1,-1)SumAverg	65.721184	0	0	0	0	0	0	0	0	0	0	0	0	0	0	0
S(1,-1)SumVarnc	691.83912	0	0	0	0	0	0	0	0	0	0	0	0	0	0	0
S(1,-1)SumEntrp	2.0256396	0	0	0	0	0	0	0	0	0	0	0	0	0	0	0
S(1,-1)Entropy	3.6021251	0	0	0	0	0	0	0	0	0	0	0	0	0	0	0
S(1,-1)DifVarnc	232.88618	0	0	0	0	0	0	0	0	0	0	0	0	0	0	0
S(1,-1)DifEntrp	1.7305446	0	0	0	0	0	0	0	0	0	0	0	0	0	0	0
_Area_S(2,0)	130048	0	0	0	0	0	0	0	0	0	0	0	0	0	0	0
S(2,0)AngScMom	0.0002569825	0	0	0	0	0	0	0	0	0	0	0	0	0	0	0
S(2,0)Contrast	672.16066	0	0	0	0	0	0	0	0	0	0	0	0	0	0	0
S(2,0)Correlat	0.031138239	0	0	0	0	0	0	0	0	0	0	0	0	0	0	0
S(2,0)SumOfSqs	346.88161	0	0	0	0	0	0	0	0	0	0	0	0	0	0	0
S(2,0)InvDfMom	0.048850364	0	0	0	0	0	0	0	0	0	0	0	0	0	0	0
S(2,0)SumAverg	65.70923	0	0	0	0	0	0	0	0	0	0	0	0	0	0	0
S(2,0)SumVarnc	715.36579	0	0	0	0	0	0	0	0	0	0	0	0	0	0	0
S(2,0)SumEntrp	2.0319295	0	0	0	0	0	0	0	0	0	0	0	0	0	0	0
S(2,0)Entropy	3.6011772	0	0	0	0	0	0	0	0	0	0	0	0	0	0	0
S(2,0)DifVarnc	225.28471	0	0	0	0	0	0	0	0	0	0	0	0	0	0	0
S(2,0)DifEntrp	1.7240606	0	0	0	0	0	0	0	0	0	0	0	0	0	0	0
_Area_S(0,2)	130048	0	0	0	0	0	0	0	0	0	0	0	0	0	0	0
S(0,2)AngScMom	0.00025518998	0	0	0	0	0	0	0	0	0	0	0	0	0	0	0
S(0,2)Contrast	697.27887	0	0	0	0	0	0	0	0	0	0	0	0	0	0	0
S(0,2)Correlat	-0.0050684472	0	0	0	0	0	0	0	0	0	0	0	0	0	0	0
S(0,2)SumOfSqs	346.88128	0	0	0	0	0	0	0	0	0	0	0	0	0	0	0
S(0,2)InvDfMom	0.046380292	0	0	0	0	0	0	0	0	0	0	0	0	0	0	0
S(0,2)SumAverg	65.700218	0	0	0	0	0	0	0	0	0	0	0	0	0	0	0
S(0,2)SumVarnc	690.24627	0	0	0	0	0	0	0	0	0	0	0	0	0	0	0
S(0,2)SumEntrp	2.0252427	0	0	0	0	0	0	0	0	0	0	0	0	0	0	0
S(0,2)Entropy	3.6024745	0	0	0	0	0	0	0	0	0	0	0	0	0	0	0
S(0,2)DifVarnc	231.76891	0	0	0	0	0	0	0	0	0	0	0	0	0	0	0
S(0,2)DifEntrp	1.7309336	0	0	0	0	0	0	0	0	0	0	0	0	0	0	0
_Area_S(2,2)	129032	0	0	0	0	0	0	0	0	0	0	0	0	0	0	0
S(2,2)AngScMom	0.00025491552	0	0	0	0	0	0	0	0	0	0	0	0	0	0	0
S(2,2)Contrast	693.86535	0	0	0	0	0	0	0	0	0	0	0	0	0	0	0
S(2,2)Correlat	-0.00063696976	0	0	0	0	0	0	0	0	0	0	0	0	0	0	0
S(2,2)SumOfSqs	346.71183	0	0	0	0	0	0	0	0	0	0	0	0	0	0	0
S(2,2)InvDfMom	0.046347114	0	0	0	0	0	0	0	0	0	0	0	0	0	0	0
S(2,2)SumAverg	65.677739	0	0	0	0	0	0	0	0	0	0	0	0	0	0	0
S(2,2)SumVarnc	692.98197	0	0	0	0	0	0	0	0	0	0	0	0	0	0	0
S(2,2)SumEntrp	2.0259043	0	0	0	0	0	0	0	0	0	0	0	0	0	0	0
S(2,2)Entropy	3.6027428	0	0	0	0	0	0	0	0	0	0	0	0	0	0	0
S(2,2)DifVarnc	229.65042	0	0	0	0	0	0	0	0	0	0	0	0	0	0	0
S(2,2)DifEntrp	1.730101	0	0	0	0	0	0	0	0	0	0	0	0	0	0	0
_Area_S(2,-2)	129032	0	0	0	0	0	0	0	0	0	0	0	0	0	0	0
S(2,-2)AngScMom	0.00025511877	0	0	0	0	0	0	0	0	0	0	0	0	0	0	0
S(2,-2)Contrast	689.62584	0	0	0	0	0	0	0	0	0	0	0	0	0	0	0
S(2,-2)Correlat	0.0054674958	0	0	0	0	0	0	0	0	0	0	0	0	0	0	0
S(2,-2)SumOfSqs	346.70855	0	0	0	0	0	0	0	0	0	0	0	0	0	0	0
S(2,-2)InvDfMom	0.047473079	0	0	0	0	0	0	0	0	0	0	0	0	0	0	0
S(2,-2)SumAverg	65.675662	0	0	0	0	0	0	0	0	0	0	0	0	0	0	0
S(2,-2)SumVarnc	697.20835	0	0	0	0	0	0	0	0	0	0	0	0	0	0	0
S(2,-2)SumEntrp	2.0269503	0	0	0	0	0	0	0	0	0	0	0	0	0	0	0
S(2,-2)Entropy	3.6026459	0	0	0	0	0	0	0	0	0	0	0	0	0	0	0
S(2,-2)DifVarnc	230.63261	0	0	0	0	0	0	0	0	0	0	0	0	0	0	0
S(2,-2)DifEntrp	1.7292148	0	0	0	0	0	0	0	0	0	0	0	0	0	0	0
_Area_S(3,0)	129536	0	0	0	0	0	0	0	0	0	0	0	0	0	0	0
S(3,0)AngScMom	0.00025540801	0	0	0	0	0	0	0	0	0	0	0	0	0	0	0
S(3,0)Contrast	678.56982	0	0	0	0	0	0	0	0	0	0	0	0	0	0	0
S(3,0)Correlat	0.021860005	0	0	0	0	0	0	0	0	0	0	0	0	0	0	0
S(3,0)SumOfSqs	346.86743	0	0	0	0	0	0	0	0	0	0	0	0	0	0	0
S(3,0)InvDfMom	0.046980281	0	0	0	0	0	0	0	0	0	0	0	0	0	0	0
S(3,0)SumAverg	65.706892	0	0	0	0	0	0	0	0	0	0	0	0	0	0	0
S(3,0)SumVarnc	708.89991	0	0	0	0	0	0	0	0	0	0	0	0	0	0	0
S(3,0)SumEntrp	2.0302457	0	0	0	0	0	0	0	0	0	0	0	0	0	0	0
S(3,0)Entropy	3.602472	0	0	0	0	0	0	0	0	0	0	0	0	0	0	0
S(3,0)DifVarnc	227.69736	0	0	0	0	0	0	0	0	0	0	0	0	0	0	0
S(3,0)DifEntrp	1.7256227	0	0	0	0	0	0	0	0	0	0	0	0	0	0	0
_Area_S(0,3)	129536	0	0	0	0	0	0	0	0	0	0	0	0	0	0	0
S(0,3)AngScMom	0.00025525688	0	0	0	0	0	0	0	0	0	0	0	0	0	0	0
S(0,3)Contrast	689.11404	0	0	0	0	0	0	0	0	0	0	0	0	0	0	0
S(0,3)Correlat	0.006547202	0	0	0	0	0	0	0	0	0	0	0	0	0	0	0
S(0,3)SumOfSqs	346.82777	0	0	0	0	0	0	0	0	0	0	0	0	0	0	0
S(0,3)InvDfMom	0.046500368	0	0	0	0	0	0	0	0	0	0	0	0	0	0	0
S(0,3)SumAverg	65.689909	0	0	0	0	0	0	0	0	0	0	0	0	0	0	0
S(0,3)SumVarnc	698.19704	0	0	0	0	0	0	0	0	0	0	0	0	0	0	0
S(0,3)SumEntrp	2.027313	0	0	0	0	0	0	0	0	0	0	0	0	0	0	0
S(0,3)Entropy	3.6024416	0	0	0	0	0	0	0	0	0	0	0	0	0	0	0
S(0,3)DifVarnc	229.4854	0	0	0	0	0	0	0	0	0	0	0	0	0	0	0
S(0,3)DifEntrp	1.7286063	0	0	0	0	0	0	0	0	0	0	0	0	0	0	0
_Area_S(3,3)	128018	0	0	0	0	0	0	0	0	0	0	0	0	0	0	0
S(3,3)AngScMom	0.00025545683	0	0	0	0	0	0	0	0	0	0	0	0	0	0	0
S(3,3)Contrast	688.14614	0	0	0	0	0	0	0	0	0	0	0	0	0	0	0
S(3,3)Correlat	0.0074168545	0	0	0	0	0	0	0	0	0	0	0	0	0	0	0
S(3,3)SumOfSqs	346.64408	0	0	0	0	0	0	0	0	0	0	0	0	0	0	0
S(3,3)InvDfMom	0.047469638	0	0	0	0	0	0	0	0	0	0	0	0	0	0	0
S(3,3)SumAverg	65.666828	0	0	0	0	0	0	0	0	0	0	0	0	0	0	0
S(3,3)SumVarnc	698.43017	0	0	0	0	0	0	0	0	0	0	0	0	0	0	0
S(3,3)SumEntrp	2.0272419	0	0	0	0	0	0	0	0	0	0	0	0	0	0	0
S(3,3)Entropy	3.6022887	0	0	0	0	0	0	0	0	0	0	0	0	0	0	0
S(3,3)DifVarnc	229.98057	0	0	0	0	0	0	0	0	0	0	0	0	0	0	0
S(3,3)DifEntrp	1.7285945	0	0	0	0	0	0	0	0	0	0	0	0	0	0	0
_Area_S(3,-3)	128018	0	0	0	0	0	0	0	0	0	0	0	0	0	0	0
S(3,-3)AngScMom	0.00025520337	0	0	0	0	0	0	0	0	0	0	0	0	0	0	0
S(3,-3)Contrast	690.13129	0	0	0	0	0	0	0	0	0	0	0	0	0	0	0
S(3,-3)Correlat	0.004502303	0	0	0	0	0	0	0	0	0	0	0	0	0	0	0
S(3,-3)SumOfSqs	346.62626	0	0	0	0	0	0	0	0	0	0	0	0	0	0	0
S(3,-3)InvDfMom	0.048034885	0	0	0	0	0	0	0	0	0	0	0	0	0	0	0
S(3,-3)SumAverg	65.663172	0	0	0	0	0	0	0	0	0	0	0	0	0	0	0
S(3,-3)SumVarnc	696.37376	0	0	0	0	0	0	0	0	0	0	0	0	0	0	0
S(3,-3)SumEntrp	2.026833	0	0	0	0	0	0	0	0	0	0	0	0	0	0	0
S(3,-3)Entropy	3.6024907	0	0	0	0	0	0	0	0	0	0	0	0	0	0	0
S(3,-3)DifVarnc	230.4034	0	0	0	0	0	0	0	0	0	0	0	0	0	0	0
S(3,-3)DifEntrp	1.7294767	0	0	0	0	0	0	0	0	0	0	0	0	0	0	0
_Area_S(4,0)	129024	0	0	0	0	0	0	0	0	0	0	0	0	0	0	0
S(4,0)AngScMom	0.0002555053	0	0	0	0	0	0	0	0	0	0	0	0	0	0	0
S(4,0)Contrast	683.42921	0	0	0	0	0	0	0	0	0	0	0	0	0	0	0
S(4,0)Correlat	0.014938563	0	0	0	0	0	0	0	0	0	0	0	0	0	0	0
S(4,0)SumOfSqs	346.89674	0	0	0	0	0	0	0	0	0	0	0	0	0	0	0
S(4,0)InvDfMom	0.047154054	0	0	0	0	0	0	0	0	0	0	0	0	0	0	0
S(4,0)SumAverg	65.714363	0	0	0	0	0	0	0	0	0	0	0	0	0	0	0
S(4,0)SumVarnc	704.15776	0	0	0	0	0	0	0	0	0	0	0	0	0	0	0
S(4,0)SumEntrp	2.0290258	0	0	0	0	0	0	0	0	0	0	0	0	0	0	0
S(4,0)Entropy	3.602264	0	0	0	0	0	0	0	0	0	0	0	0	0	0	0
S(4,0)DifVarnc	227.96287	0	0	0	0	0	0	0	0	0	0	0	0	0	0	0
S(4,0)DifEntrp	1.7271793	0	0	0	0	0	0	0	0	0	0	0	0	0	0	0
_Area_S(0,4)	129024	0	0	0	0	0	0	0	0	0	0	0	0	0	0	0
S(0,4)AngScMom	0.00025496227	0	0	0	0	0	0	0	0	0	0	0	0	0	0	0
S(0,4)Contrast	690.34155	0	0	0	0	0	0	0	0	0	0	0	0	0	0	0
S(0,4)Correlat	0.0048721387	0	0	0	0	0	0	0	0	0	0	0	0	0	0	0
S(0,4)SumOfSqs	346.86073	0	0	0	0	0	0	0	0	0	0	0	0	0	0	0
S(0,4)InvDfMom	0.048101501	0	0	0	0	0	0	0	0	0	0	0	0	0	0	0
S(0,4)SumAverg	65.696181	0	0	0	0	0	0	0	0	0	0	0	0	0	0	0
S(0,4)SumVarnc	697.10136	0	0	0	0	0	0	0	0	0	0	0	0	0	0	0
S(0,4)SumEntrp	2.0270342	0	0	0	0	0	0	0	0	0	0	0	0	0	0	0
S(0,4)Entropy	3.6026964	0	0	0	0	0	0	0	0	0	0	0	0	0	0	0
S(0,4)DifVarnc	231.17382	0	0	0	0	0	0	0	0	0	0	0	0	0	0	0
S(0,4)DifEntrp	1.7291262	0	0	0	0	0	0	0	0	0	0	0	0	0	0	0
_Area_S(4,4)	127008	0	0	0	0	0	0	0	0	0	0	0	0	0	0	0
S(4,4)AngScMom	0.00025544255	0	0	0	0	0	0	0	0	0	0	0	0	0	0	0
S(4,4)Contrast	687.27513	0	0	0	0	0	0	0	0	0	0	0	0	0	0	0
S(4,4)Correlat	0.0088317119	0	0	0	0	0	0	0	0	0	0	0	0	0	0	0
S(4,4)SumOfSqs	346.69952	0	0	0	0	0	0	0	0	0	0	0	0	0	0	0
S(4,4)InvDfMom	0.047271415	0	0	0	0	0	0	0	0	0	0	0	0	0	0	0
S(4,4)SumAverg	65.680965	0	0	0	0	0	0	0	0	0	0	0	0	0	0	0
S(4,4)SumVarnc	699.52293	0	0	0	0	0	0	0	0	0	0	0	0	0	0	0
S(4,4)SumEntrp	2.0275	0	0	0	0	0	0	0	0	0	0	0	0	0	0	0
S(4,4)Entropy	3.6023338	0	0	0	0	0	0	0	0	0	0	0	0	0	0	0
S(4,4)DifVarnc	229.80673	0	0	0	0	0	0	0	0	0	0	0	0	0	0	0
S(4,4)DifEntrp	1.7281256	0	0	0	0	0	0	0	0	0	0	0	0	0	0	0
_Area_S(4,-4)	127008	0	0	0	0	0	0	0	0	0	0	0	0	0	0	0
S(4,-4)AngScMom	0.00025532068	0	0	0	0	0	0	0	0	0	0	0	0	0	0	0
S(4,-4)Contrast	685.98175	0	0	0	0	0	0	0	0	0	0	0	0	0	0	0
S(4,-4)Correlat	0.010607343	0	0	0	0	0	0	0	0	0	0	0	0	0	0	0
S(4,-4)SumOfSqs	346.6681	0	0	0	0	0	0	0	0	0	0	0	0	0	0	0
S(4,-4)InvDfMom	0.047436186	0	0	0	0	0	0	0	0	0	0	0	0	0	0	0
S(4,-4)SumAverg	65.676414	0	0	0	0	0	0	0	0	0	0	0	0	0	0	0
S(4,-4)SumVarnc	700.69066	0	0	0	0	0	0	0	0	0	0	0	0	0	0	0
S(4,-4)SumEntrp	2.0282252	0	0	0	0	0	0	0	0	0	0	0	0	0	0	0
S(4,-4)Entropy	3.6024802	0	0	0	0	0	0	0	0	0	0	0	0	0	0	0
S(4,-4)DifVarnc	230.04453	0	0	0	0	0	0	0	0	0	0	0	0	0	0	0
S(4,-4)DifEntrp	1.7280154	0	0	0	0	0	0	0	0	0	0	0	0	0	0	0
_Area_S(5,0)	128512	0	0	0	0	0	0	0	0	0	0	0	0	0	0	0
S(5,0)AngScMom	0.00025522075	0	0	0	0	0	0	0	0	0	0	0	0	0	0	0
S(5,0)Contrast	685.59598	0	0	0	0	0	0	0	0	0	0	0	0	0	0	0
S(5,0)Correlat	0.011877616	0	0	0	0	0	0	0	0	0	0	0	0	0	0	0
S(5,0)SumOfSqs	346.91855	0	0	0	0	0	0	0	0	0	0	0	0	0	0	0
S(5,0)InvDfMom	0.048278266	0	0	0	0	0	0	0	0	0	0	0	0	0	0	0
S(5,0)SumAverg	65.713132	0	0	0	0	0	0	0	0	0	0	0	0	0	0	0
S(5,0)SumVarnc	702.07824	0	0	0	0	0	0	0	0	0	0	0	0	0	0	0
S(5,0)SumEntrp	2.0280575	0	0	0	0	0	0	0	0	0	0	0	0	0	0	0
S(5,0)Entropy	3.6025666	0	0	0	0	0	0	0	0	0	0	0	0	0	0	0
S(5,0)DifVarnc	229.83235	0	0	0	0	0	0	0	0	0	0	0	0	0	0	0
S(5,0)DifEntrp	1.7284573	0	0	0	0	0	0	0	0	0	0	0	0	0	0	0
_Area_S(0,5)	128512	0	0	0	0	0	0	0	0	0	0	0	0	0	0	0
S(0,5)AngScMom	0.0002556561	0	0	0	0	0	0	0	0	0	0	0	0	0	0	0
S(0,5)Contrast	696.80291	0	0	0	0	0	0	0	0	0	0	0	0	0	0	0
S(0,5)Correlat	-0.004549083	0	0	0	0	0	0	0	0	0	0	0	0	0	0	0
S(0,5)SumOfSqs	346.82373	0	0	0	0	0	0	0	0	0	0	0	0	0	0	0
S(0,5)InvDfMom	0.04547555	0	0	0	0	0	0	0	0	0	0	0	0	0	0	0
S(0,5)SumAverg	65.694565	0	0	0	0	0	0	0	0	0	0	0	0	0	0	0
S(0,5)SumVarnc	690.49199	0	0	0	0	0	0	0	0	0	0	0	0	0	0	0
S(0,5)SumEntrp	2.0253577	0	0	0	0	0	0	0	0	0	0	0	0	0	0	0
S(0,5)Entropy	3.6021147	0	0	0	0	0	0	0	0	0	0	0	0	0	0	0
S(0,5)DifVarnc	230.67282	0	0	0	0	0	0	0	0	0	0	0	0	0	0	0
S(0,5)DifEntrp	1.7306127	0	0	0	0	0	0	0	0	0	0	0	0	0	0	0
_Area_S(5,5)	126002	0	0	0	0	0	0	0	0	0	0	0	0	0	0	0
S(5,5)AngScMom	0.00025512758	0	0	0	0	0	0	0	0	0	0	0	0	0	0	0
S(5,5)Contrast	688.84859	0	0	0	0	0	0	0	0	0	0	0	0	0	0	0
S(5,5)Correlat	0.006515244	0	0	0	0	0	0	0	0	0	0	0	0	0	0	0
S(5,5)SumOfSqs	346.68302	0	0	0	0	0	0	0	0	0	0	0	0	0	0	0
S(5,5)InvDfMom	0.046575641	0	0	0	0	0	0	0	0	0	0	0	0	0	0	0
S(5,5)SumAverg	65.678291	0	0	0	0	0	0	0	0	0	0	0	0	0	0	0
S(5,5)SumVarnc	697.88349	0	0	0	0	0	0	0	0	0	0	0	0	0	0	0
S(5,5)SumEntrp	2.0270666	0	0	0	0	0	0	0	0	0	0	0	0	0	0	0
S(5,5)Entropy	3.6025695	0	0	0	0	0	0	0	0	0	0	0	0	0	0	0
S(5,5)DifVarnc	230.21537	0	0	0	0	0	0	0	0	0	0	0	0	0	0	0
S(5,5)DifEntrp	1.728616	0	0	0	0	0	0	0	0	0	0	0	0	0	0	0
_Area_S(5,-5)	126002	0	0	0	0	0	0	0	0	0	0	0	0	0	0	0
S(5,-5)AngScMom	0.00025546846	0	0	0	0	0	0	0	0	0	0	0	0	0	0	0
S(5,-5)Contrast	687.93097	0	0	0	0	0	0	0	0	0	0	0	0	0	0	0
S(5,-5)Correlat	0.0077681068	0	0	0	0	0	0	0	0	0	0	0	0	0	0	0
S(5,-5)SumOfSqs	346.65836	0	0	0	0	0	0	0	0	0	0	0	0	0	0	0
S(5,-5)InvDfMom	0.048369912	0	0	0	0	0	0	0	0	0	0	0	0	0	0	0
S(5,-5)SumAverg	65.675069	0	0	0	0	0	0	0	0	0	0	0	0	0	0	0
S(5,-5)SumVarnc	698.70249	0	0	0	0	0	0	0	0	0	0	0	0	0	0	0
S(5,-5)SumEntrp	2.0273419	0	0	0	0	0	0	0	0	0	0	0	0	0	0	0
S(5,-5)Entropy	3.602248	0	0	0	0	0	0	0	0	0	0	0	0	0	0	0
S(5,-5)DifVarnc	231.5799	0	0	0	0	0	0	0	0	0	0	0	0	0	0	0
S(5,-5)DifEntrp	1.7284674	0	0	0	0	0	0	0	0	0	0	0	0	0	0	0
Horzl_RLNonUni	61535.067	0	0	0	0	0	0	0	0	0	0	0	0	0	0	0
Horzl_GLevNonU	1008.4771	0	0	0	0	0	0	0	0	0	0	0	0	0	0	0
Horzl_LngREmph	1.0660432	0	0	0	0	0	0	0	0	0	0	0	0	0	0	0
Horzl_ShrtREmp	0.98427885	0	0	0	0	0	0	0	0	0	0	0	0	0	0	0
Horzl_Fraction	0.97892761	0	0	0	0	0	0	0	0	0	0	0	0	0	0	0
Vertl_RLNonUni	62533.762	0	0	0	0	0	0	0	0	0	0	0	0	0	0	0
Vertl_GLevNonU	1014.8474	0	0	0	0	0	0	0	0	0	0	0	0	0	0	0
Vertl_LngREmph	1.0481298	0	0	0	0	0	0	0	0	0	0	0	0	0	0	0
Vertl_ShrtREmp	0.98827756	0	0	0	0	0	0	0	0	0	0	0	0	0	0	0
Vertl_Fraction	0.98439026	0	0	0	0	0	0	0	0	0	0	0	0	0	0	0
45dgr_RLNonUni	62406.466	0	0	0	0	0	0	0	0	0	0	0	0	0	0	0
45dgr_GLevNonU	1014.1441	0	0	0	0	0	0	0	0	0	0	0	0	0	0	0
45dgr_LngREmph	1.0502412	0	0	0	0	0	0	0	0	0	0	0	0	0	0	0
45dgr_ShrtREmp	0.98776716	0	0	0	0	0	0	0	0	0	0	0	0	0	0	0
45dgr_Fraction	0.98371887	0	0	0	0	0	0	0	0	0	0	0	0	0	0	0
135dr_RLNonUni	62501.45	0	0	0	0	0	0	0	0	0	0	0	0	0	0	0
135dr_GLevNonU	1014.6183	0	0	0	0	0	0	0	0	0	0	0	0	0	0	0
135dr_LngREmph	1.0486497	0	0	0	0	0	0	0	0	0	0	0	0	0	0	0
135dr_ShrtREmp	0.98814765	0	0	0	0	0	0	0	0	0	0	0	0	0	0	0
135dr_Fraction	0.98422241	0	0	0	0	0	0	0	0	0	0	0	0	0	0	0
_AreaGr	64516	0	0	0	0	0	0	0	0	0	0	0	0	0	0	0
GrMean	8.3389644	0	0	0	0	0	0	0	0	0	0	0	0	0	0	0
GrVariance	15.674613	0	0	0	0	0	0	0	0	0	0	0	0	0	0	0
GrSkewness	0.18562128	0	0	0	0	0	0	0	0	0	0	0	0	0	0	0
GrKurtosis	-0.62811943	0	0	0	0	0	0	0	0	0	0	0	0	0	0	0
GrNonZeros	0.99600099	0	0	0	0	0	0	0	0	0	0	0	0	0	0	0
_AreaARM	64770	0	0	0	0	0	0	0	0	0	0	0	0	0	0	0
Teta1	0.063440897	0	0	0	0	0	0	0	0	0	0	0	0	0	0	0
Teta2	-0.003013235	0	0	0	0	0	0	0	0	0	0	0	0	0	0	0
Teta3	0.0044660852	0	0	0	0	0	0	0	0	0	0	0	0	0	0	0
Teta4	0.0033013075	0	0	0	0	0	0	0	0	0	0	0	0	0	0	0
Sigma	0.99720464	0	0	0	0	0	0	0	0	0	0	0	0	0	0	0
WavEnLL_s-1	18116.804	0	0	0	0	0	0	0	0	0	0	0	0	0	0	0
WavEnLH_s-1	1478.1098	0	0	0	0	0	0	0	0	0	0	0	0	0	0	0
WavEnHL_s-1	1309.737	0	0	0	0	0	0	0	0	0	0	0	0	0	0	0
WavEnHH_s-1	1296.1006	0	0	0	0	0	0	0	0	0	0	0	0	0	0	0
WavEnLL_s-2	17031.672	0	0	0	0	0	0	0	0	0	0	0	0	0	0	0
WavEnLH_s-2	393.59857	0	0	0	0	0	0	0	0	0	0	0	0	0	0	0
WavEnHL_s-2	350.93823	0	0	0	0	0	0	0	0	0	0	0	0	0	0	0
WavEnHH_s-2	340.59521	0	0	0	0	0	0	0	0	0	0	0	0	0	0	0
WavEnLL_s-3	16756.303	0	0	0	0	0	0	0	0	0	0	0	0	0	0	0
WavEnLH_s-3	103.8138	0	0	0	0	0	0	0	0	0	0	0	0	0	0	0
WavEnHL_s-3	85.909667	0	0	0	0	0	0	0	0	0	0	0	0	0	0	0
WavEnHH_s-3	85.64575	0	0	0	0	0	0	0	0	0	0	0	0	0	0	0
WavEnLL_s-4	16676.081	0	0	0	0	0	0	0	0	0	0	0	0	0	0	0
WavEnLH_s-4	30.733323	0	0	0	0	0	0	0	0	0	0	0	0	0	0	0
WavEnHL_s-4	22.614411	0	0	0	0	0	0	0	0	0	0	0	0	0	0	0
WavEnHH_s-4	26.874418	0	0	0	0	0	0	0	0	0	0	0	0	0	0	0
