Image File: stone1-a-p022.png 
ROI File: allred.roi 
Image size: 256 x 256
Min. lum.: 1
Max. lum.: 256
Bits/pixel: 8

Normalisation =  No
Histogram analysis = Yes
CO matrix analysis = Yes, Dimensions = 6 x 6, Distances = 1 2 3 4 5
RL matrix analysis = Yes, Dimension = 6
Gradient analysis = Yes, Max pixel value = 16
AR model analysis = Yes
Wavelet analysis = Yes

--------------- CLASS NAMES ----------------

----------------- FEATURES -----------------
_Area	65536	0	0	0	0	0	0	0	0	0	0	0	0	0	0	0
Mean	129.71661	0	0	0	0	0	0	0	0	0	0	0	0	0	0	0
Variance	5639.3069	0	0	0	0	0	0	0	0	0	0	0	0	0	0	0
Skewness	-0.027962188	0	0	0	0	0	0	0	0	0	0	0	0	0	0	0
Kurtosis	-1.2191164	0	0	0	0	0	0	0	0	0	0	0	0	0	0	0
Perc.01%	2	0	0	0	0	0	0	0	0	0	0	0	0	0	0	0
Perc.10%	25	0	0	0	0	0	0	0	0	0	0	0	0	0	0	0
Perc.50%	129	0	0	0	0	0	0	0	0	0	0	0	0	0	0	0
Perc.90%	233	0	0	0	0	0	0	0	0	0	0	0	0	0	0	0
Perc.99%	254	0	0	0	0	0	0	0	0	0	0	0	0	0	0	0
_Area_S(1,0)	130560	0	0	0	0	0	0	0	0	0	0	0	0	0	0	0
S(1,0)AngScMom	0.00026432599	0	0	0	0	0	0	0	0	0	0	0	0	0	0	0
S(1,0)Contrast	666.20276	0	0	0	0	0	0	0	0	0	0	0	0	0	0	0
S(1,0)Correlat	0.053147877	0	0	0	0	0	0	0	0	0	0	0	0	0	0	0
S(1,0)SumOfSqs	351.79873	0	0	0	0	0	0	0	0	0	0	0	0	0	0	0
S(1,0)InvDfMom	0.052782305	0	0	0	0	0	0	0	0	0	0	0	0	0	0	0
S(1,0)SumAverg	65.586857	0	0	0	0	0	0	0	0	0	0	0	0	0	0	0
S(1,0)SumVarnc	740.99218	0	0	0	0	0	0	0	0	0	0	0	0	0	0	0
S(1,0)SumEntrp	2.0383185	0	0	0	0	0	0	0	0	0	0	0	0	0	0	0
S(1,0)Entropy	3.5956927	0	0	0	0	0	0	0	0	0	0	0	0	0	0	0
S(1,0)DifVarnc	227.25404	0	0	0	0	0	0	0	0	0	0	0	0	0	0	0
S(1,0)DifEntrp	1.721799	0	0	0	0	0	0	0	0	0	0	0	0	0	0	0
_Area_S(0,1)	130560	0	0	0	0	0	0	0	0	0	0	0	0	0	0	0
S(0,1)AngScMom	0.00025685781	0	0	0	0	0	0	0	0	0	0	0	0	0	0	0
S(0,1)Contrast	702.72416	0	0	0	0	0	0	0	0	0	0	0	0	0	0	0
S(0,1)Correlat	0.00076464136	0	0	0	0	0	0	0	0	0	0	0	0	0	0	0
S(0,1)SumOfSqs	351.63095	0	0	0	0	0	0	0	0	0	0	0	0	0	0	0
S(0,1)InvDfMom	0.047120887	0	0	0	0	0	0	0	0	0	0	0	0	0	0	0
S(0,1)SumAverg	65.607276	0	0	0	0	0	0	0	0	0	0	0	0	0	0	0
S(0,1)SumVarnc	703.79964	0	0	0	0	0	0	0	0	0	0	0	0	0	0	0
S(0,1)SumEntrp	2.0286104	0	0	0	0	0	0	0	0	0	0	0	0	0	0	0
S(0,1)Entropy	3.6009907	0	0	0	0	0	0	0	0	0	0	0	0	0	0	0
S(0,1)DifVarnc	234.88939	0	0	0	0	0	0	0	0	0	0	0	0	0	0	0
S(0,1)DifEntrp	1.7321176	0	0	0	0	0	0	0	0	0	0	0	0	0	0	0
_Area_S(1,1)	130050	0	0	0	0	0	0	0	0	0	0	0	0	0	0	0
S(1,1)AngScMom	0.00025633308	0	0	0	0	0	0	0	0	0	0	0	0	0	0	0
S(1,1)Contrast	700.90848	0	0	0	0	0	0	0	0	0	0	0	0	0	0	0
S(1,1)Correlat	0.0034117972	0	0	0	0	0	0	0	0	0	0	0	0	0	0	0
S(1,1)SumOfSqs	351.65401	0	0	0	0	0	0	0	0	0	0	0	0	0	0	0
S(1,1)InvDfMom	0.04616061	0	0	0	0	0	0	0	0	0	0	0	0	0	0	0
S(1,1)SumAverg	65.592926	0	0	0	0	0	0	0	0	0	0	0	0	0	0	0
S(1,1)SumVarnc	705.70757	0	0	0	0	0	0	0	0	0	0	0	0	0	0	0
S(1,1)SumEntrp	2.0290841	0	0	0	0	0	0	0	0	0	0	0	0	0	0	0
S(1,1)Entropy	3.6014477	0	0	0	0	0	0	0	0	0	0	0	0	0	0	0
S(1,1)DifVarnc	233.382	0	0	0	0	0	0	0	0	0	0	0	0	0	0	0
S(1,1)DifEntrp	1.7314753	0	0	0	0	0	0	0	0	0	0	0	0	0	0	0
_Area_S(1,-1)	130050	0	0	0	0	0	0	0	0	0	0	0	0	0	0	0
S(1,-1)AngScMom	0.00025697164	0	0	0	0	0	0	0	0	0	0	0	0	0	0	0
S(1,-1)Contrast	701.36506	0	0	0	0	0	0	0	0	0	0	0	0	0	0	0
S(1,-1)Correlat	0.0027665759	0	0	0	0	0	0	0	0	0	0	0	0	0	0	0
S(1,-1)SumOfSqs	351.65541	0	0	0	0	0	0	0	0	0	0	0	0	0	0	0
S(1,-1)InvDfMom	0.046490699	0	0	0	0	0	0	0	0	0	0	0	0	0	0	0
S(1,-1)SumAverg	65.593033	0	0	0	0	0	0	0	0	0	0	0	0	0	0	0
S(1,-1)SumVarnc	705.25659	0	0	0	0	0	0	0	0	0	0	0	0	0	0	0
S(1,-1)SumEntrp	2.0290293	0	0	0	0	0	0	0	0	0	0	0	0	0	0	0
S(1,-1)Entropy	3.6009573	0	0	0	0	0	0	0	0	0	0	0	0	0	0	0
S(1,-1)DifVarnc	232.36034	0	0	0	0	0	0	0	0	0	0	0	0	0	0	0
S(1,-1)DifEntrp	1.7319566	0	0	0	0	0	0	0	0	0	0	0	0	0	0	0
_Area_S(2,0)	130048	0	0	0	0	0	0	0	0	0	0	0	0	0	0	0
S(2,0)AngScMom	0.00025818977	0	0	0	0	0	0	0	0	0	0	0	0	0	0	0
S(2,0)Contrast	692.33603	0	0	0	0	0	0	0	0	0	0	0	0	0	0	0
S(2,0)Correlat	0.016047297	0	0	0	0	0	0	0	0	0	0	0	0	0	0	0
S(2,0)SumOfSqs	351.81367	0	0	0	0	0	0	0	0	0	0	0	0	0	0	0
S(2,0)InvDfMom	0.047323529	0	0	0	0	0	0	0	0	0	0	0	0	0	0	0
S(2,0)SumAverg	65.576126	0	0	0	0	0	0	0	0	0	0	0	0	0	0	0
S(2,0)SumVarnc	714.91866	0	0	0	0	0	0	0	0	0	0	0	0	0	0	0
S(2,0)SumEntrp	2.0318162	0	0	0	0	0	0	0	0	0	0	0	0	0	0	0
S(2,0)Entropy	3.6000188	0	0	0	0	0	0	0	0	0	0	0	0	0	0	0
S(2,0)DifVarnc	231.90676	0	0	0	0	0	0	0	0	0	0	0	0	0	0	0
S(2,0)DifEntrp	1.7294225	0	0	0	0	0	0	0	0	0	0	0	0	0	0	0
_Area_S(0,2)	130048	0	0	0	0	0	0	0	0	0	0	0	0	0	0	0
S(0,2)AngScMom	0.00025673665	0	0	0	0	0	0	0	0	0	0	0	0	0	0	0
S(0,2)Contrast	706.0929	0	0	0	0	0	0	0	0	0	0	0	0	0	0	0
S(0,2)Correlat	-0.003904669	0	0	0	0	0	0	0	0	0	0	0	0	0	0	0
S(0,2)SumOfSqs	351.67328	0	0	0	0	0	0	0	0	0	0	0	0	0	0	0
S(0,2)InvDfMom	0.04604279	0	0	0	0	0	0	0	0	0	0	0	0	0	0	0
S(0,2)SumAverg	65.591336	0	0	0	0	0	0	0	0	0	0	0	0	0	0	0
S(0,2)SumVarnc	700.60023	0	0	0	0	0	0	0	0	0	0	0	0	0	0	0
S(0,2)SumEntrp	2.0275541	0	0	0	0	0	0	0	0	0	0	0	0	0	0	0
S(0,2)Entropy	3.6010705	0	0	0	0	0	0	0	0	0	0	0	0	0	0	0
S(0,2)DifVarnc	235.46437	0	0	0	0	0	0	0	0	0	0	0	0	0	0	0
S(0,2)DifEntrp	1.7328801	0	0	0	0	0	0	0	0	0	0	0	0	0	0	0
_Area_S(2,2)	129032	0	0	0	0	0	0	0	0	0	0	0	0	0	0	0
S(2,2)AngScMom	0.00025674011	0	0	0	0	0	0	0	0	0	0	0	0	0	0	0
S(2,2)Contrast	705.03443	0	0	0	0	0	0	0	0	0	0	0	0	0	0	0
S(2,2)Correlat	-0.0023033345	0	0	0	0	0	0	0	0	0	0	0	0	0	0	0
S(2,2)SumOfSqs	351.70711	0	0	0	0	0	0	0	0	0	0	0	0	0	0	0
S(2,2)InvDfMom	0.04712615	0	0	0	0	0	0	0	0	0	0	0	0	0	0	0
S(2,2)SumAverg	65.566046	0	0	0	0	0	0	0	0	0	0	0	0	0	0	0
S(2,2)SumVarnc	701.79403	0	0	0	0	0	0	0	0	0	0	0	0	0	0	0
S(2,2)SumEntrp	2.0279916	0	0	0	0	0	0	0	0	0	0	0	0	0	0	0
S(2,2)Entropy	3.6011075	0	0	0	0	0	0	0	0	0	0	0	0	0	0	0
S(2,2)DifVarnc	235.74691	0	0	0	0	0	0	0	0	0	0	0	0	0	0	0
S(2,2)DifEntrp	1.7328038	0	0	0	0	0	0	0	0	0	0	0	0	0	0	0
_Area_S(2,-2)	129032	0	0	0	0	0	0	0	0	0	0	0	0	0	0	0
S(2,-2)AngScMom	0.00025708571	0	0	0	0	0	0	0	0	0	0	0	0	0	0	0
S(2,-2)Contrast	702.7095	0	0	0	0	0	0	0	0	0	0	0	0	0	0	0
S(2,-2)Correlat	0.00099908162	0	0	0	0	0	0	0	0	0	0	0	0	0	0	0
S(2,-2)SumOfSqs	351.70613	0	0	0	0	0	0	0	0	0	0	0	0	0	0	0
S(2,-2)InvDfMom	0.047315415	0	0	0	0	0	0	0	0	0	0	0	0	0	0	0
S(2,-2)SumAverg	65.566774	0	0	0	0	0	0	0	0	0	0	0	0	0	0	0
S(2,-2)SumVarnc	704.11503	0	0	0	0	0	0	0	0	0	0	0	0	0	0	0
S(2,-2)SumEntrp	2.0285502	0	0	0	0	0	0	0	0	0	0	0	0	0	0	0
S(2,-2)Entropy	3.6007844	0	0	0	0	0	0	0	0	0	0	0	0	0	0	0
S(2,-2)DifVarnc	234.91769	0	0	0	0	0	0	0	0	0	0	0	0	0	0	0
S(2,-2)DifEntrp	1.7323063	0	0	0	0	0	0	0	0	0	0	0	0	0	0	0
_Area_S(3,0)	129536	0	0	0	0	0	0	0	0	0	0	0	0	0	0	0
S(3,0)AngScMom	0.00025749472	0	0	0	0	0	0	0	0	0	0	0	0	0	0	0
S(3,0)Contrast	695.06832	0	0	0	0	0	0	0	0	0	0	0	0	0	0	0
S(3,0)Correlat	0.012148954	0	0	0	0	0	0	0	0	0	0	0	0	0	0	0
S(3,0)SumOfSqs	351.80826	0	0	0	0	0	0	0	0	0	0	0	0	0	0	0
S(3,0)InvDfMom	0.046960463	0	0	0	0	0	0	0	0	0	0	0	0	0	0	0
S(3,0)SumAverg	65.583421	0	0	0	0	0	0	0	0	0	0	0	0	0	0	0
S(3,0)SumVarnc	712.16473	0	0	0	0	0	0	0	0	0	0	0	0	0	0	0
S(3,0)SumEntrp	2.0308084	0	0	0	0	0	0	0	0	0	0	0	0	0	0	0
S(3,0)Entropy	3.6005352	0	0	0	0	0	0	0	0	0	0	0	0	0	0	0
S(3,0)DifVarnc	232.17743	0	0	0	0	0	0	0	0	0	0	0	0	0	0	0
S(3,0)DifEntrp	1.7301971	0	0	0	0	0	0	0	0	0	0	0	0	0	0	0
_Area_S(0,3)	129536	0	0	0	0	0	0	0	0	0	0	0	0	0	0	0
S(0,3)AngScMom	0.00025643092	0	0	0	0	0	0	0	0	0	0	0	0	0	0	0
S(0,3)Contrast	700.20445	0	0	0	0	0	0	0	0	0	0	0	0	0	0	0
S(0,3)Correlat	0.0043966563	0	0	0	0	0	0	0	0	0	0	0	0	0	0	0
S(0,3)SumOfSqs	351.6483	0	0	0	0	0	0	0	0	0	0	0	0	0	0	0
S(0,3)InvDfMom	0.046791414	0	0	0	0	0	0	0	0	0	0	0	0	0	0	0
S(0,3)SumAverg	65.588284	0	0	0	0	0	0	0	0	0	0	0	0	0	0	0
S(0,3)SumVarnc	706.38876	0	0	0	0	0	0	0	0	0	0	0	0	0	0	0
S(0,3)SumEntrp	2.0290945	0	0	0	0	0	0	0	0	0	0	0	0	0	0	0
S(0,3)Entropy	3.6014078	0	0	0	0	0	0	0	0	0	0	0	0	0	0	0
S(0,3)DifVarnc	233.4969	0	0	0	0	0	0	0	0	0	0	0	0	0	0	0
S(0,3)DifEntrp	1.7316498	0	0	0	0	0	0	0	0	0	0	0	0	0	0	0
_Area_S(3,3)	128018	0	0	0	0	0	0	0	0	0	0	0	0	0	0	0
S(3,3)AngScMom	0.00025669477	0	0	0	0	0	0	0	0	0	0	0	0	0	0	0
S(3,3)Contrast	700.33667	0	0	0	0	0	0	0	0	0	0	0	0	0	0	0
S(3,3)Correlat	0.0043281806	0	0	0	0	0	0	0	0	0	0	0	0	0	0	0
S(3,3)SumOfSqs	351.69052	0	0	0	0	0	0	0	0	0	0	0	0	0	0	0
S(3,3)InvDfMom	0.046029982	0	0	0	0	0	0	0	0	0	0	0	0	0	0	0
S(3,3)SumAverg	65.568842	0	0	0	0	0	0	0	0	0	0	0	0	0	0	0
S(3,3)SumVarnc	706.42539	0	0	0	0	0	0	0	0	0	0	0	0	0	0	0
S(3,3)SumEntrp	2.0292039	0	0	0	0	0	0	0	0	0	0	0	0	0	0	0
S(3,3)Entropy	3.6011453	0	0	0	0	0	0	0	0	0	0	0	0	0	0	0
S(3,3)DifVarnc	233.79854	0	0	0	0	0	0	0	0	0	0	0	0	0	0	0
S(3,3)DifEntrp	1.731495	0	0	0	0	0	0	0	0	0	0	0	0	0	0	0
_Area_S(3,-3)	128018	0	0	0	0	0	0	0	0	0	0	0	0	0	0	0
S(3,-3)AngScMom	0.00025719731	0	0	0	0	0	0	0	0	0	0	0	0	0	0	0
S(3,-3)Contrast	705.81895	0	0	0	0	0	0	0	0	0	0	0	0	0	0	0
S(3,-3)Correlat	-0.0034941385	0	0	0	0	0	0	0	0	0	0	0	0	0	0	0
S(3,-3)SumOfSqs	351.68065	0	0	0	0	0	0	0	0	0	0	0	0	0	0	0
S(3,-3)InvDfMom	0.047228586	0	0	0	0	0	0	0	0	0	0	0	0	0	0	0
S(3,-3)SumAverg	65.571107	0	0	0	0	0	0	0	0	0	0	0	0	0	0	0
S(3,-3)SumVarnc	700.90366	0	0	0	0	0	0	0	0	0	0	0	0	0	0	0
S(3,-3)SumEntrp	2.027597	0	0	0	0	0	0	0	0	0	0	0	0	0	0	0
S(3,-3)Entropy	3.600729	0	0	0	0	0	0	0	0	0	0	0	0	0	0	0
S(3,-3)DifVarnc	235.48362	0	0	0	0	0	0	0	0	0	0	0	0	0	0	0
S(3,-3)DifEntrp	1.7327147	0	0	0	0	0	0	0	0	0	0	0	0	0	0	0
_Area_S(4,0)	129024	0	0	0	0	0	0	0	0	0	0	0	0	0	0	0
S(4,0)AngScMom	0.00025716973	0	0	0	0	0	0	0	0	0	0	0	0	0	0	0
S(4,0)Contrast	694.43477	0	0	0	0	0	0	0	0	0	0	0	0	0	0	0
S(4,0)Correlat	0.013213332	0	0	0	0	0	0	0	0	0	0	0	0	0	0	0
S(4,0)SumOfSqs	351.86672	0	0	0	0	0	0	0	0	0	0	0	0	0	0	0
S(4,0)InvDfMom	0.046996659	0	0	0	0	0	0	0	0	0	0	0	0	0	0	0
S(4,0)SumAverg	65.590061	0	0	0	0	0	0	0	0	0	0	0	0	0	0	0
S(4,0)SumVarnc	713.0321	0	0	0	0	0	0	0	0	0	0	0	0	0	0	0
S(4,0)SumEntrp	2.0311756	0	0	0	0	0	0	0	0	0	0	0	0	0	0	0
S(4,0)Entropy	3.6007961	0	0	0	0	0	0	0	0	0	0	0	0	0	0	0
S(4,0)DifVarnc	232.43669	0	0	0	0	0	0	0	0	0	0	0	0	0	0	0
S(4,0)DifEntrp	1.7300147	0	0	0	0	0	0	0	0	0	0	0	0	0	0	0
_Area_S(0,4)	129024	0	0	0	0	0	0	0	0	0	0	0	0	0	0	0
S(0,4)AngScMom	0.00025702556	0	0	0	0	0	0	0	0	0	0	0	0	0	0	0
S(0,4)Contrast	704.89301	0	0	0	0	0	0	0	0	0	0	0	0	0	0	0
S(0,4)Correlat	-0.0022065317	0	0	0	0	0	0	0	0	0	0	0	0	0	0	0
S(0,4)SumOfSqs	351.67053	0	0	0	0	0	0	0	0	0	0	0	0	0	0	0
S(0,4)InvDfMom	0.046626905	0	0	0	0	0	0	0	0	0	0	0	0	0	0	0
S(0,4)SumAverg	65.589441	0	0	0	0	0	0	0	0	0	0	0	0	0	0	0
S(0,4)SumVarnc	701.78912	0	0	0	0	0	0	0	0	0	0	0	0	0	0	0
S(0,4)SumEntrp	2.0280856	0	0	0	0	0	0	0	0	0	0	0	0	0	0	0
S(0,4)Entropy	3.6008857	0	0	0	0	0	0	0	0	0	0	0	0	0	0	0
S(0,4)DifVarnc	234.90701	0	0	0	0	0	0	0	0	0	0	0	0	0	0	0
S(0,4)DifEntrp	1.7327015	0	0	0	0	0	0	0	0	0	0	0	0	0	0	0
_Area_S(4,4)	127008	0	0	0	0	0	0	0	0	0	0	0	0	0	0	0
S(4,4)AngScMom	0.00025731088	0	0	0	0	0	0	0	0	0	0	0	0	0	0	0
S(4,4)Contrast	702.10903	0	0	0	0	0	0	0	0	0	0	0	0	0	0	0
S(4,4)Correlat	0.0020468337	0	0	0	0	0	0	0	0	0	0	0	0	0	0	0
S(4,4)SumOfSqs	351.77454	0	0	0	0	0	0	0	0	0	0	0	0	0	0	0
S(4,4)InvDfMom	0.047114259	0	0	0	0	0	0	0	0	0	0	0	0	0	0	0
S(4,4)SumAverg	65.576783	0	0	0	0	0	0	0	0	0	0	0	0	0	0	0
S(4,4)SumVarnc	704.98913	0	0	0	0	0	0	0	0	0	0	0	0	0	0	0
S(4,4)SumEntrp	2.0285146	0	0	0	0	0	0	0	0	0	0	0	0	0	0	0
S(4,4)Entropy	3.6005653	0	0	0	0	0	0	0	0	0	0	0	0	0	0	0
S(4,4)DifVarnc	235.26082	0	0	0	0	0	0	0	0	0	0	0	0	0	0	0
S(4,4)DifEntrp	1.7322285	0	0	0	0	0	0	0	0	0	0	0	0	0	0	0
_Area_S(4,-4)	127008	0	0	0	0	0	0	0	0	0	0	0	0	0	0	0
S(4,-4)AngScMom	0.00025742197	0	0	0	0	0	0	0	0	0	0	0	0	0	0	0
S(4,-4)Contrast	704.4672	0	0	0	0	0	0	0	0	0	0	0	0	0	0	0
S(4,-4)Correlat	-0.0013491201	0	0	0	0	0	0	0	0	0	0	0	0	0	0	0
S(4,-4)SumOfSqs	351.75903	0	0	0	0	0	0	0	0	0	0	0	0	0	0	0
S(4,-4)InvDfMom	0.046713591	0	0	0	0	0	0	0	0	0	0	0	0	0	0	0
S(4,-4)SumAverg	65.578782	0	0	0	0	0	0	0	0	0	0	0	0	0	0	0
S(4,-4)SumVarnc	702.56894	0	0	0	0	0	0	0	0	0	0	0	0	0	0	0
S(4,-4)SumEntrp	2.0283044	0	0	0	0	0	0	0	0	0	0	0	0	0	0	0
S(4,-4)Entropy	3.6006199	0	0	0	0	0	0	0	0	0	0	0	0	0	0	0
S(4,-4)DifVarnc	235.27724	0	0	0	0	0	0	0	0	0	0	0	0	0	0	0
S(4,-4)DifEntrp	1.7324129	0	0	0	0	0	0	0	0	0	0	0	0	0	0	0
_Area_S(5,0)	128512	0	0	0	0	0	0	0	0	0	0	0	0	0	0	0
S(5,0)AngScMom	0.00025729591	0	0	0	0	0	0	0	0	0	0	0	0	0	0	0
S(5,0)Contrast	695.87422	0	0	0	0	0	0	0	0	0	0	0	0	0	0	0
S(5,0)Correlat	0.011134717	0	0	0	0	0	0	0	0	0	0	0	0	0	0	0
S(5,0)SumOfSqs	351.85492	0	0	0	0	0	0	0	0	0	0	0	0	0	0	0
S(5,0)InvDfMom	0.046161645	0	0	0	0	0	0	0	0	0	0	0	0	0	0	0
S(5,0)SumAverg	65.583883	0	0	0	0	0	0	0	0	0	0	0	0	0	0	0
S(5,0)SumVarnc	711.54544	0	0	0	0	0	0	0	0	0	0	0	0	0	0	0
S(5,0)SumEntrp	2.0305094	0	0	0	0	0	0	0	0	0	0	0	0	0	0	0
S(5,0)Entropy	3.6006305	0	0	0	0	0	0	0	0	0	0	0	0	0	0	0
S(5,0)DifVarnc	231.34615	0	0	0	0	0	0	0	0	0	0	0	0	0	0	0
S(5,0)DifEntrp	1.7304812	0	0	0	0	0	0	0	0	0	0	0	0	0	0	0
_Area_S(0,5)	128512	0	0	0	0	0	0	0	0	0	0	0	0	0	0	0
S(0,5)AngScMom	0.00025717191	0	0	0	0	0	0	0	0	0	0	0	0	0	0	0
S(0,5)Contrast	703.86188	0	0	0	0	0	0	0	0	0	0	0	0	0	0	0
S(0,5)Correlat	-0.00076669183	0	0	0	0	0	0	0	0	0	0	0	0	0	0	0
S(0,5)SumOfSqs	351.66132	0	0	0	0	0	0	0	0	0	0	0	0	0	0	0
S(0,5)InvDfMom	0.04679481	0	0	0	0	0	0	0	0	0	0	0	0	0	0	0
S(0,5)SumAverg	65.597812	0	0	0	0	0	0	0	0	0	0	0	0	0	0	0
S(0,5)SumVarnc	702.78342	0	0	0	0	0	0	0	0	0	0	0	0	0	0	0
S(0,5)SumEntrp	2.0280079	0	0	0	0	0	0	0	0	0	0	0	0	0	0	0
S(0,5)Entropy	3.6007077	0	0	0	0	0	0	0	0	0	0	0	0	0	0	0
S(0,5)DifVarnc	235.08237	0	0	0	0	0	0	0	0	0	0	0	0	0	0	0
S(0,5)DifEntrp	1.7326221	0	0	0	0	0	0	0	0	0	0	0	0	0	0	0
_Area_S(5,5)	126002	0	0	0	0	0	0	0	0	0	0	0	0	0	0	0
S(5,5)AngScMom	0.00025693364	0	0	0	0	0	0	0	0	0	0	0	0	0	0	0
S(5,5)Contrast	703.42099	0	0	0	0	0	0	0	0	0	0	0	0	0	0	0
S(5,5)Correlat	7.6962073e-05	0	0	0	0	0	0	0	0	0	0	0	0	0	0	0
S(5,5)SumOfSqs	351.73757	0	0	0	0	0	0	0	0	0	0	0	0	0	0	0
S(5,5)InvDfMom	0.046997083	0	0	0	0	0	0	0	0	0	0	0	0	0	0	0
S(5,5)SumAverg	65.577499	0	0	0	0	0	0	0	0	0	0	0	0	0	0	0
S(5,5)SumVarnc	703.52928	0	0	0	0	0	0	0	0	0	0	0	0	0	0	0
S(5,5)SumEntrp	2.0284502	0	0	0	0	0	0	0	0	0	0	0	0	0	0	0
S(5,5)Entropy	3.6008852	0	0	0	0	0	0	0	0	0	0	0	0	0	0	0
S(5,5)DifVarnc	233.48509	0	0	0	0	0	0	0	0	0	0	0	0	0	0	0
S(5,5)DifEntrp	1.7325946	0	0	0	0	0	0	0	0	0	0	0	0	0	0	0
_Area_S(5,-5)	126002	0	0	0	0	0	0	0	0	0	0	0	0	0	0	0
S(5,-5)AngScMom	0.00025675514	0	0	0	0	0	0	0	0	0	0	0	0	0	0	0
S(5,-5)Contrast	708.37425	0	0	0	0	0	0	0	0	0	0	0	0	0	0	0
S(5,-5)Correlat	-0.0069350458	0	0	0	0	0	0	0	0	0	0	0	0	0	0	0
S(5,-5)SumOfSqs	351.74774	0	0	0	0	0	0	0	0	0	0	0	0	0	0	0
S(5,-5)InvDfMom	0.047016523	0	0	0	0	0	0	0	0	0	0	0	0	0	0	0
S(5,-5)SumAverg	65.580419	0	0	0	0	0	0	0	0	0	0	0	0	0	0	0
S(5,-5)SumVarnc	698.6167	0	0	0	0	0	0	0	0	0	0	0	0	0	0	0
S(5,-5)SumEntrp	2.0272009	0	0	0	0	0	0	0	0	0	0	0	0	0	0	0
S(5,-5)Entropy	3.6010988	0	0	0	0	0	0	0	0	0	0	0	0	0	0	0
S(5,-5)DifVarnc	236.1177	0	0	0	0	0	0	0	0	0	0	0	0	0	0	0
S(5,-5)DifEntrp	1.7337424	0	0	0	0	0	0	0	0	0	0	0	0	0	0	0
Horzl_RLNonUni	61880.387	0	0	0	0	0	0	0	0	0	0	0	0	0	0	0
Horzl_GLevNonU	1013.8046	0	0	0	0	0	0	0	0	0	0	0	0	0	0	0
Horzl_LngREmph	1.0595977	0	0	0	0	0	0	0	0	0	0	0	0	0	0	0
Horzl_ShrtREmp	0.98566288	0	0	0	0	0	0	0	0	0	0	0	0	0	0	0
Horzl_Fraction	0.98085022	0	0	0	0	0	0	0	0	0	0	0	0	0	0	0
Vertl_RLNonUni	62444.502	0	0	0	0	0	0	0	0	0	0	0	0	0	0	0
Vertl_GLevNonU	1017.6573	0	0	0	0	0	0	0	0	0	0	0	0	0	0	0
Vertl_LngREmph	1.0498449	0	0	0	0	0	0	0	0	0	0	0	0	0	0	0
Vertl_ShrtREmp	0.98792703	0	0	0	0	0	0	0	0	0	0	0	0	0	0	0
Vertl_Fraction	0.98388672	0	0	0	0	0	0	0	0	0	0	0	0	0	0	0
45dgr_RLNonUni	62637.063	0	0	0	0	0	0	0	0	0	0	0	0	0	0	0
45dgr_GLevNonU	1018.6974	0	0	0	0	0	0	0	0	0	0	0	0	0	0	0
45dgr_LngREmph	1.045915	0	0	0	0	0	0	0	0	0	0	0	0	0	0	0
45dgr_ShrtREmp	0.98867615	0	0	0	0	0	0	0	0	0	0	0	0	0	0	0
45dgr_Fraction	0.98501587	0	0	0	0	0	0	0	0	0	0	0	0	0	0	0
135dr_RLNonUni	62450.81	0	0	0	0	0	0	0	0	0	0	0	0	0	0	0
135dr_GLevNonU	1017.5143	0	0	0	0	0	0	0	0	0	0	0	0	0	0	0
135dr_LngREmph	1.0491564	0	0	0	0	0	0	0	0	0	0	0	0	0	0	0
135dr_ShrtREmp	0.98793488	0	0	0	0	0	0	0	0	0	0	0	0	0	0	0
135dr_Fraction	0.98400879	0	0	0	0	0	0	0	0	0	0	0	0	0	0	0
_AreaGr	64516	0	0	0	0	0	0	0	0	0	0	0	0	0	0	0
GrMean	8.4339308	0	0	0	0	0	0	0	0	0	0	0	0	0	0	0
GrVariance	16.05427	0	0	0	0	0	0	0	0	0	0	0	0	0	0	0
GrSkewness	0.15822215	0	0	0	0	0	0	0	0	0	0	0	0	0	0	0
GrKurtosis	-0.68667935	0	0	0	0	0	0	0	0	0	0	0	0	0	0	0
GrNonZeros	0.99593899	0	0	0	0	0	0	0	0	0	0	0	0	0	0	0
_AreaARM	64770	0	0	0	0	0	0	0	0	0	0	0	0	0	0	0
Teta1	0.052212515	0	0	0	0	0	0	0	0	0	0	0	0	0	0	0
Teta2	0.0022978954	0	0	0	0	0	0	0	0	0	0	0	0	0	0	0
Teta3	0.00067041048	0	0	0	0	0	0	0	0	0	0	0	0	0	0	0
Teta4	0.0038156084	0	0	0	0	0	0	0	0	0	0	0	0	0	0	0
Sigma	0.99820847	0	0	0	0	0	0	0	0	0	0	0	0	0	0	0
WavEnLL_s-1	18055.518	0	0	0	0	0	0	0	0	0	0	0	0	0	0	0
WavEnLH_s-1	1474.7374	0	0	0	0	0	0	0	0	0	0	0	0	0	0	0
WavEnHL_s-1	1336.0763	0	0	0	0	0	0	0	0	0	0	0	0	0	0	0
WavEnHH_s-1	1340.942	0	0	0	0	0	0	0	0	0	0	0	0	0	0	0
WavEnLL_s-2	16949.363	0	0	0	0	0	0	0	0	0	0	0	0	0	0	0
WavEnLH_s-2	397.06524	0	0	0	0	0	0	0	0	0	0	0	0	0	0	0
WavEnHL_s-2	357.94001	0	0	0	0	0	0	0	0	0	0	0	0	0	0	0
WavEnHH_s-2	351.15004	0	0	0	0	0	0	0	0	0	0	0	0	0	0	0
WavEnLL_s-3	16676.314	0	0	0	0	0	0	0	0	0	0	0	0	0	0	0
WavEnLH_s-3	99.257974	0	0	0	0	0	0	0	0	0	0	0	0	0	0	0
WavEnHL_s-3	91.601552	0	0	0	0	0	0	0	0	0	0	0	0	0	0	0
WavEnHH_s-3	82.189244	0	0	0	0	0	0	0	0	0	0	0	0	0	0	0
WavEnLL_s-4	16592.691	0	0	0	0	0	0	0	0	0	0	0	0	0	0	0
WavEnLH_s-4	29.502512	0	0	0	0	0	0	0	0	0	0	0	0	0	0	0
WavEnHL_s-4	29.193839	0	0	0	0	0	0	0	0	0	0	0	0	0	0	0
WavEnHH_s-4	24.926345	0	0	0	0	0	0	0	0	0	0	0	0	0	0	0
