Image File: stone1-a-p008.png 
ROI File: allred.roi 
Image size: 256 x 256
Min. lum.: 1
Max. lum.: 256
Bits/pixel: 8

Normalisation =  No
Histogram analysis = Yes
CO matrix analysis = Yes, Dimensions = 6 x 6, Distances = 1 2 3 4 5
RL matrix analysis = Yes, Dimension = 6
Gradient analysis = Yes, Max pixel value = 16
AR model analysis = Yes
Wavelet analysis = Yes

--------------- CLASS NAMES ----------------

----------------- FEATURES -----------------
_Area	65536	0	0	0	0	0	0	0	0	0	0	0	0	0	0	0
Mean	128.48576	0	0	0	0	0	0	0	0	0	0	0	0	0	0	0
Variance	5617.273	0	0	0	0	0	0	0	0	0	0	0	0	0	0	0
Skewness	-0.0087824642	0	0	0	0	0	0	0	0	0	0	0	0	0	0	0
Kurtosis	-1.2077758	0	0	0	0	0	0	0	0	0	0	0	0	0	0	0
Perc.01%	2	0	0	0	0	0	0	0	0	0	0	0	0	0	0	0
Perc.10%	24	0	0	0	0	0	0	0	0	0	0	0	0	0	0	0
Perc.50%	128	0	0	0	0	0	0	0	0	0	0	0	0	0	0	0
Perc.90%	232	0	0	0	0	0	0	0	0	0	0	0	0	0	0	0
Perc.99%	254	0	0	0	0	0	0	0	0	0	0	0	0	0	0	0
_Area_S(1,0)	130560	0	0	0	0	0	0	0	0	0	0	0	0	0	0	0
S(1,0)AngScMom	0.00026969408	0	0	0	0	0	0	0	0	0	0	0	0	0	0	0
S(1,0)Contrast	650.80588	0	0	0	0	0	0	0	0	0	0	0	0	0	0	0
S(1,0)Correlat	0.071579436	0	0	0	0	0	0	0	0	0	0	0	0	0	0	0
S(1,0)SumOfSqs	350.49088	0	0	0	0	0	0	0	0	0	0	0	0	0	0	0
S(1,0)InvDfMom	0.055501419	0	0	0	0	0	0	0	0	0	0	0	0	0	0	0
S(1,0)SumAverg	64.988143	0	0	0	0	0	0	0	0	0	0	0	0	0	0	0
S(1,0)SumVarnc	751.15764	0	0	0	0	0	0	0	0	0	0	0	0	0	0	0
S(1,0)SumEntrp	2.0406224	0	0	0	0	0	0	0	0	0	0	0	0	0	0	0
S(1,0)Entropy	3.5916585	0	0	0	0	0	0	0	0	0	0	0	0	0	0	0
S(1,0)DifVarnc	224.43652	0	0	0	0	0	0	0	0	0	0	0	0	0	0	0
S(1,0)DifEntrp	1.718081	0	0	0	0	0	0	0	0	0	0	0	0	0	0	0
_Area_S(0,1)	130560	0	0	0	0	0	0	0	0	0	0	0	0	0	0	0
S(0,1)AngScMom	0.00025753856	0	0	0	0	0	0	0	0	0	0	0	0	0	0	0
S(0,1)Contrast	702.18972	0	0	0	0	0	0	0	0	0	0	0	0	0	0	0
S(0,1)Correlat	-0.0025820167	0	0	0	0	0	0	0	0	0	0	0	0	0	0	0
S(0,1)SumOfSqs	350.19066	0	0	0	0	0	0	0	0	0	0	0	0	0	0	0
S(0,1)InvDfMom	0.046320734	0	0	0	0	0	0	0	0	0	0	0	0	0	0	0
S(0,1)SumAverg	65.009758	0	0	0	0	0	0	0	0	0	0	0	0	0	0	0
S(0,1)SumVarnc	698.57293	0	0	0	0	0	0	0	0	0	0	0	0	0	0	0
S(0,1)SumEntrp	2.0273376	0	0	0	0	0	0	0	0	0	0	0	0	0	0	0
S(0,1)Entropy	3.6004417	0	0	0	0	0	0	0	0	0	0	0	0	0	0	0
S(0,1)DifVarnc	234.34833	0	0	0	0	0	0	0	0	0	0	0	0	0	0	0
S(0,1)DifEntrp	1.7321597	0	0	0	0	0	0	0	0	0	0	0	0	0	0	0
_Area_S(1,1)	130050	0	0	0	0	0	0	0	0	0	0	0	0	0	0	0
S(1,1)AngScMom	0.00025757449	0	0	0	0	0	0	0	0	0	0	0	0	0	0	0
S(1,1)Contrast	702.63045	0	0	0	0	0	0	0	0	0	0	0	0	0	0	0
S(1,1)Correlat	-0.0029511598	0	0	0	0	0	0	0	0	0	0	0	0	0	0	0
S(1,1)SumOfSqs	350.28149	0	0	0	0	0	0	0	0	0	0	0	0	0	0	0
S(1,1)InvDfMom	0.047020907	0	0	0	0	0	0	0	0	0	0	0	0	0	0	0
S(1,1)SumAverg	65.005413	0	0	0	0	0	0	0	0	0	0	0	0	0	0	0
S(1,1)SumVarnc	698.4955	0	0	0	0	0	0	0	0	0	0	0	0	0	0	0
S(1,1)SumEntrp	2.0276024	0	0	0	0	0	0	0	0	0	0	0	0	0	0	0
S(1,1)Entropy	3.6004927	0	0	0	0	0	0	0	0	0	0	0	0	0	0	0
S(1,1)DifVarnc	234.60306	0	0	0	0	0	0	0	0	0	0	0	0	0	0	0
S(1,1)DifEntrp	1.7321786	0	0	0	0	0	0	0	0	0	0	0	0	0	0	0
_Area_S(1,-1)	130050	0	0	0	0	0	0	0	0	0	0	0	0	0	0	0
S(1,-1)AngScMom	0.00025730156	0	0	0	0	0	0	0	0	0	0	0	0	0	0	0
S(1,-1)Contrast	700.00068	0	0	0	0	0	0	0	0	0	0	0	0	0	0	0
S(1,-1)Correlat	0.00080074977	0	0	0	0	0	0	0	0	0	0	0	0	0	0	0
S(1,-1)SumOfSqs	350.28083	0	0	0	0	0	0	0	0	0	0	0	0	0	0	0
S(1,-1)InvDfMom	0.046632776	0	0	0	0	0	0	0	0	0	0	0	0	0	0	0
S(1,-1)SumAverg	65.00589	0	0	0	0	0	0	0	0	0	0	0	0	0	0	0
S(1,-1)SumVarnc	701.12263	0	0	0	0	0	0	0	0	0	0	0	0	0	0	0
S(1,-1)SumEntrp	2.0281039	0	0	0	0	0	0	0	0	0	0	0	0	0	0	0
S(1,-1)Entropy	3.6007191	0	0	0	0	0	0	0	0	0	0	0	0	0	0	0
S(1,-1)DifVarnc	232.9795	0	0	0	0	0	0	0	0	0	0	0	0	0	0	0
S(1,-1)DifEntrp	1.7317291	0	0	0	0	0	0	0	0	0	0	0	0	0	0	0
_Area_S(2,0)	130048	0	0	0	0	0	0	0	0	0	0	0	0	0	0	0
S(2,0)AngScMom	0.00025940935	0	0	0	0	0	0	0	0	0	0	0	0	0	0	0
S(2,0)Contrast	686.70068	0	0	0	0	0	0	0	0	0	0	0	0	0	0	0
S(2,0)Correlat	0.020631661	0	0	0	0	0	0	0	0	0	0	0	0	0	0	0
S(2,0)SumOfSqs	350.58346	0	0	0	0	0	0	0	0	0	0	0	0	0	0	0
S(2,0)InvDfMom	0.049246617	0	0	0	0	0	0	0	0	0	0	0	0	0	0	0
S(2,0)SumAverg	64.991495	0	0	0	0	0	0	0	0	0	0	0	0	0	0	0
S(2,0)SumVarnc	715.63316	0	0	0	0	0	0	0	0	0	0	0	0	0	0	0
S(2,0)SumEntrp	2.0322608	0	0	0	0	0	0	0	0	0	0	0	0	0	0	0
S(2,0)Entropy	3.599239	0	0	0	0	0	0	0	0	0	0	0	0	0	0	0
S(2,0)DifVarnc	231.05245	0	0	0	0	0	0	0	0	0	0	0	0	0	0	0
S(2,0)DifEntrp	1.7283918	0	0	0	0	0	0	0	0	0	0	0	0	0	0	0
_Area_S(0,2)	130048	0	0	0	0	0	0	0	0	0	0	0	0	0	0	0
S(0,2)AngScMom	0.00025725709	0	0	0	0	0	0	0	0	0	0	0	0	0	0	0
S(0,2)Contrast	700.28245	0	0	0	0	0	0	0	0	0	0	0	0	0	0	0
S(0,2)Correlat	-0.00019478954	0	0	0	0	0	0	0	0	0	0	0	0	0	0	0
S(0,2)SumOfSqs	350.07303	0	0	0	0	0	0	0	0	0	0	0	0	0	0	0
S(0,2)InvDfMom	0.047266112	0	0	0	0	0	0	0	0	0	0	0	0	0	0	0
S(0,2)SumAverg	64.9988	0	0	0	0	0	0	0	0	0	0	0	0	0	0	0
S(0,2)SumVarnc	700.00969	0	0	0	0	0	0	0	0	0	0	0	0	0	0	0
S(0,2)SumEntrp	2.0273733	0	0	0	0	0	0	0	0	0	0	0	0	0	0	0
S(0,2)Entropy	3.6007691	0	0	0	0	0	0	0	0	0	0	0	0	0	0	0
S(0,2)DifVarnc	233.59648	0	0	0	0	0	0	0	0	0	0	0	0	0	0	0
S(0,2)DifEntrp	1.7317956	0	0	0	0	0	0	0	0	0	0	0	0	0	0	0
_Area_S(2,2)	129032	0	0	0	0	0	0	0	0	0	0	0	0	0	0	0
S(2,2)AngScMom	0.00025765198	0	0	0	0	0	0	0	0	0	0	0	0	0	0	0
S(2,2)Contrast	698.18453	0	0	0	0	0	0	0	0	0	0	0	0	0	0	0
S(2,2)Correlat	0.0032992347	0	0	0	0	0	0	0	0	0	0	0	0	0	0	0
S(2,2)SumOfSqs	350.24781	0	0	0	0	0	0	0	0	0	0	0	0	0	0	0
S(2,2)InvDfMom	0.046181723	0	0	0	0	0	0	0	0	0	0	0	0	0	0	0
S(2,2)SumAverg	64.998186	0	0	0	0	0	0	0	0	0	0	0	0	0	0	0
S(2,2)SumVarnc	702.80673	0	0	0	0	0	0	0	0	0	0	0	0	0	0	0
S(2,2)SumEntrp	2.0283765	0	0	0	0	0	0	0	0	0	0	0	0	0	0	0
S(2,2)Entropy	3.6003951	0	0	0	0	0	0	0	0	0	0	0	0	0	0	0
S(2,2)DifVarnc	232.31169	0	0	0	0	0	0	0	0	0	0	0	0	0	0	0
S(2,2)DifEntrp	1.7310638	0	0	0	0	0	0	0	0	0	0	0	0	0	0	0
_Area_S(2,-2)	129032	0	0	0	0	0	0	0	0	0	0	0	0	0	0	0
S(2,-2)AngScMom	0.00025785175	0	0	0	0	0	0	0	0	0	0	0	0	0	0	0
S(2,-2)Contrast	697.48676	0	0	0	0	0	0	0	0	0	0	0	0	0	0	0
S(2,-2)Correlat	0.0043213318	0	0	0	0	0	0	0	0	0	0	0	0	0	0	0
S(2,-2)SumOfSqs	350.25696	0	0	0	0	0	0	0	0	0	0	0	0	0	0	0
S(2,-2)InvDfMom	0.047703948	0	0	0	0	0	0	0	0	0	0	0	0	0	0	0
S(2,-2)SumAverg	64.997551	0	0	0	0	0	0	0	0	0	0	0	0	0	0	0
S(2,-2)SumVarnc	703.54107	0	0	0	0	0	0	0	0	0	0	0	0	0	0	0
S(2,-2)SumEntrp	2.028565	0	0	0	0	0	0	0	0	0	0	0	0	0	0	0
S(2,-2)Entropy	3.6002373	0	0	0	0	0	0	0	0	0	0	0	0	0	0	0
S(2,-2)DifVarnc	234.3152	0	0	0	0	0	0	0	0	0	0	0	0	0	0	0
S(2,-2)DifEntrp	1.7312608	0	0	0	0	0	0	0	0	0	0	0	0	0	0	0
_Area_S(3,0)	129536	0	0	0	0	0	0	0	0	0	0	0	0	0	0	0
S(3,0)AngScMom	0.00025836435	0	0	0	0	0	0	0	0	0	0	0	0	0	0	0
S(3,0)Contrast	693.71745	0	0	0	0	0	0	0	0	0	0	0	0	0	0	0
S(3,0)Correlat	0.010474479	0	0	0	0	0	0	0	0	0	0	0	0	0	0	0
S(3,0)SumOfSqs	350.53035	0	0	0	0	0	0	0	0	0	0	0	0	0	0	0
S(3,0)InvDfMom	0.047804682	0	0	0	0	0	0	0	0	0	0	0	0	0	0	0
S(3,0)SumAverg	65.009079	0	0	0	0	0	0	0	0	0	0	0	0	0	0	0
S(3,0)SumVarnc	708.40394	0	0	0	0	0	0	0	0	0	0	0	0	0	0	0
S(3,0)SumEntrp	2.0303431	0	0	0	0	0	0	0	0	0	0	0	0	0	0	0
S(3,0)Entropy	3.5999131	0	0	0	0	0	0	0	0	0	0	0	0	0	0	0
S(3,0)DifVarnc	231.21912	0	0	0	0	0	0	0	0	0	0	0	0	0	0	0
S(3,0)DifEntrp	1.7298803	0	0	0	0	0	0	0	0	0	0	0	0	0	0	0
_Area_S(0,3)	129536	0	0	0	0	0	0	0	0	0	0	0	0	0	0	0
S(0,3)AngScMom	0.00025754442	0	0	0	0	0	0	0	0	0	0	0	0	0	0	0
S(0,3)Contrast	700.72142	0	0	0	0	0	0	0	0	0	0	0	0	0	0	0
S(0,3)Correlat	-0.0011131214	0	0	0	0	0	0	0	0	0	0	0	0	0	0	0
S(0,3)SumOfSqs	349.97115	0	0	0	0	0	0	0	0	0	0	0	0	0	0	0
S(0,3)InvDfMom	0.046946656	0	0	0	0	0	0	0	0	0	0	0	0	0	0	0
S(0,3)SumAverg	65.009773	0	0	0	0	0	0	0	0	0	0	0	0	0	0	0
S(0,3)SumVarnc	699.16318	0	0	0	0	0	0	0	0	0	0	0	0	0	0	0
S(0,3)SumEntrp	2.0275382	0	0	0	0	0	0	0	0	0	0	0	0	0	0	0
S(0,3)Entropy	3.6004598	0	0	0	0	0	0	0	0	0	0	0	0	0	0	0
S(0,3)DifVarnc	234.50406	0	0	0	0	0	0	0	0	0	0	0	0	0	0	0
S(0,3)DifEntrp	1.7315828	0	0	0	0	0	0	0	0	0	0	0	0	0	0	0
_Area_S(3,3)	128018	0	0	0	0	0	0	0	0	0	0	0	0	0	0	0
S(3,3)AngScMom	0.00025756952	0	0	0	0	0	0	0	0	0	0	0	0	0	0	0
S(3,3)Contrast	700.71417	0	0	0	0	0	0	0	0	0	0	0	0	0	0	0
S(3,3)Correlat	-0.000742727	0	0	0	0	0	0	0	0	0	0	0	0	0	0	0
S(3,3)SumOfSqs	350.09706	0	0	0	0	0	0	0	0	0	0	0	0	0	0	0
S(3,3)InvDfMom	0.047731866	0	0	0	0	0	0	0	0	0	0	0	0	0	0	0
S(3,3)SumAverg	65.025965	0	0	0	0	0	0	0	0	0	0	0	0	0	0	0
S(3,3)SumVarnc	699.67406	0	0	0	0	0	0	0	0	0	0	0	0	0	0	0
S(3,3)SumEntrp	2.027589	0	0	0	0	0	0	0	0	0	0	0	0	0	0	0
S(3,3)Entropy	3.6004667	0	0	0	0	0	0	0	0	0	0	0	0	0	0	0
S(3,3)DifVarnc	234.17941	0	0	0	0	0	0	0	0	0	0	0	0	0	0	0
S(3,3)DifEntrp	1.7319456	0	0	0	0	0	0	0	0	0	0	0	0	0	0	0
_Area_S(3,-3)	128018	0	0	0	0	0	0	0	0	0	0	0	0	0	0	0
S(3,-3)AngScMom	0.00025756513	0	0	0	0	0	0	0	0	0	0	0	0	0	0	0
S(3,-3)Contrast	698.78908	0	0	0	0	0	0	0	0	0	0	0	0	0	0	0
S(3,-3)Correlat	0.0020024128	0	0	0	0	0	0	0	0	0	0	0	0	0	0	0
S(3,-3)SumOfSqs	350.09557	0	0	0	0	0	0	0	0	0	0	0	0	0	0	0
S(3,-3)InvDfMom	0.046284002	0	0	0	0	0	0	0	0	0	0	0	0	0	0	0
S(3,-3)SumAverg	65.025793	0	0	0	0	0	0	0	0	0	0	0	0	0	0	0
S(3,-3)SumVarnc	701.59322	0	0	0	0	0	0	0	0	0	0	0	0	0	0	0
S(3,-3)SumEntrp	2.0282427	0	0	0	0	0	0	0	0	0	0	0	0	0	0	0
S(3,-3)Entropy	3.6004619	0	0	0	0	0	0	0	0	0	0	0	0	0	0	0
S(3,-3)DifVarnc	232.80284	0	0	0	0	0	0	0	0	0	0	0	0	0	0	0
S(3,-3)DifEntrp	1.7314027	0	0	0	0	0	0	0	0	0	0	0	0	0	0	0
_Area_S(4,0)	129024	0	0	0	0	0	0	0	0	0	0	0	0	0	0	0
S(4,0)AngScMom	0.00025777307	0	0	0	0	0	0	0	0	0	0	0	0	0	0	0
S(4,0)Contrast	695.70323	0	0	0	0	0	0	0	0	0	0	0	0	0	0	0
S(4,0)Correlat	0.0076539631	0	0	0	0	0	0	0	0	0	0	0	0	0	0	0
S(4,0)SumOfSqs	350.5346	0	0	0	0	0	0	0	0	0	0	0	0	0	0	0
S(4,0)InvDfMom	0.046671238	0	0	0	0	0	0	0	0	0	0	0	0	0	0	0
S(4,0)SumAverg	65.00851	0	0	0	0	0	0	0	0	0	0	0	0	0	0	0
S(4,0)SumVarnc	706.43515	0	0	0	0	0	0	0	0	0	0	0	0	0	0	0
S(4,0)SumEntrp	2.0295947	0	0	0	0	0	0	0	0	0	0	0	0	0	0	0
S(4,0)Entropy	3.6003686	0	0	0	0	0	0	0	0	0	0	0	0	0	0	0
S(4,0)DifVarnc	232.38148	0	0	0	0	0	0	0	0	0	0	0	0	0	0	0
S(4,0)DifEntrp	1.7301902	0	0	0	0	0	0	0	0	0	0	0	0	0	0	0
_Area_S(0,4)	129024	0	0	0	0	0	0	0	0	0	0	0	0	0	0	0
S(0,4)AngScMom	0.00025725539	0	0	0	0	0	0	0	0	0	0	0	0	0	0	0
S(0,4)Contrast	696.85083	0	0	0	0	0	0	0	0	0	0	0	0	0	0	0
S(0,4)Correlat	0.0042432481	0	0	0	0	0	0	0	0	0	0	0	0	0	0	0
S(0,4)SumOfSqs	349.91017	0	0	0	0	0	0	0	0	0	0	0	0	0	0	0
S(0,4)InvDfMom	0.046466025	0	0	0	0	0	0	0	0	0	0	0	0	0	0	0
S(0,4)SumAverg	65.007642	0	0	0	0	0	0	0	0	0	0	0	0	0	0	0
S(0,4)SumVarnc	702.78986	0	0	0	0	0	0	0	0	0	0	0	0	0	0	0
S(0,4)SumEntrp	2.028323	0	0	0	0	0	0	0	0	0	0	0	0	0	0	0
S(0,4)Entropy	3.6007428	0	0	0	0	0	0	0	0	0	0	0	0	0	0	0
S(0,4)DifVarnc	232.37658	0	0	0	0	0	0	0	0	0	0	0	0	0	0	0
S(0,4)DifEntrp	1.7308972	0	0	0	0	0	0	0	0	0	0	0	0	0	0	0
_Area_S(4,4)	127008	0	0	0	0	0	0	0	0	0	0	0	0	0	0	0
S(4,4)AngScMom	0.00025769771	0	0	0	0	0	0	0	0	0	0	0	0	0	0	0
S(4,4)Contrast	701.58851	0	0	0	0	0	0	0	0	0	0	0	0	0	0	0
S(4,4)Correlat	-0.0022093773	0	0	0	0	0	0	0	0	0	0	0	0	0	0	0
S(4,4)SumOfSqs	350.02093	0	0	0	0	0	0	0	0	0	0	0	0	0	0	0
S(4,4)InvDfMom	0.047292822	0	0	0	0	0	0	0	0	0	0	0	0	0	0	0
S(4,4)SumAverg	65.023731	0	0	0	0	0	0	0	0	0	0	0	0	0	0	0
S(4,4)SumVarnc	698.4952	0	0	0	0	0	0	0	0	0	0	0	0	0	0	0
S(4,4)SumEntrp	2.0271656	0	0	0	0	0	0	0	0	0	0	0	0	0	0	0
S(4,4)Entropy	3.6004171	0	0	0	0	0	0	0	0	0	0	0	0	0	0	0
S(4,4)DifVarnc	234.67838	0	0	0	0	0	0	0	0	0	0	0	0	0	0	0
S(4,4)DifEntrp	1.7319585	0	0	0	0	0	0	0	0	0	0	0	0	0	0	0
_Area_S(4,-4)	127008	0	0	0	0	0	0	0	0	0	0	0	0	0	0	0
S(4,-4)AngScMom	0.00025735365	0	0	0	0	0	0	0	0	0	0	0	0	0	0	0
S(4,-4)Contrast	703.6818	0	0	0	0	0	0	0	0	0	0	0	0	0	0	0
S(4,-4)Correlat	-0.0051302592	0	0	0	0	0	0	0	0	0	0	0	0	0	0	0
S(4,-4)SumOfSqs	350.04508	0	0	0	0	0	0	0	0	0	0	0	0	0	0	0
S(4,-4)InvDfMom	0.045598529	0	0	0	0	0	0	0	0	0	0	0	0	0	0	0
S(4,-4)SumAverg	65.022975	0	0	0	0	0	0	0	0	0	0	0	0	0	0	0
S(4,-4)SumVarnc	696.49851	0	0	0	0	0	0	0	0	0	0	0	0	0	0	0
S(4,-4)SumEntrp	2.0267131	0	0	0	0	0	0	0	0	0	0	0	0	0	0	0
S(4,-4)Entropy	3.6006588	0	0	0	0	0	0	0	0	0	0	0	0	0	0	0
S(4,-4)DifVarnc	233.77391	0	0	0	0	0	0	0	0	0	0	0	0	0	0	0
S(4,-4)DifEntrp	1.7325083	0	0	0	0	0	0	0	0	0	0	0	0	0	0	0
_Area_S(5,0)	128512	0	0	0	0	0	0	0	0	0	0	0	0	0	0	0
S(5,0)AngScMom	0.00025767919	0	0	0	0	0	0	0	0	0	0	0	0	0	0	0
S(5,0)Contrast	695.40995	0	0	0	0	0	0	0	0	0	0	0	0	0	0	0
S(5,0)Correlat	0.0079321157	0	0	0	0	0	0	0	0	0	0	0	0	0	0	0
S(5,0)SumOfSqs	350.48507	0	0	0	0	0	0	0	0	0	0	0	0	0	0	0
S(5,0)InvDfMom	0.046688534	0	0	0	0	0	0	0	0	0	0	0	0	0	0	0
S(5,0)SumAverg	65.018769	0	0	0	0	0	0	0	0	0	0	0	0	0	0	0
S(5,0)SumVarnc	706.53031	0	0	0	0	0	0	0	0	0	0	0	0	0	0	0
S(5,0)SumEntrp	2.0295174	0	0	0	0	0	0	0	0	0	0	0	0	0	0	0
S(5,0)Entropy	3.6003883	0	0	0	0	0	0	0	0	0	0	0	0	0	0	0
S(5,0)DifVarnc	232.56284	0	0	0	0	0	0	0	0	0	0	0	0	0	0	0
S(5,0)DifEntrp	1.7306143	0	0	0	0	0	0	0	0	0	0	0	0	0	0	0
_Area_S(0,5)	128512	0	0	0	0	0	0	0	0	0	0	0	0	0	0	0
S(0,5)AngScMom	0.00025776433	0	0	0	0	0	0	0	0	0	0	0	0	0	0	0
S(0,5)Contrast	700.5978	0	0	0	0	0	0	0	0	0	0	0	0	0	0	0
S(0,5)Correlat	-0.0011878707	0	0	0	0	0	0	0	0	0	0	0	0	0	0	0
S(0,5)SumOfSqs	349.88328	0	0	0	0	0	0	0	0	0	0	0	0	0	0	0
S(0,5)InvDfMom	0.046340401	0	0	0	0	0	0	0	0	0	0	0	0	0	0	0
S(0,5)SumAverg	65.017337	0	0	0	0	0	0	0	0	0	0	0	0	0	0	0
S(0,5)SumVarnc	698.93533	0	0	0	0	0	0	0	0	0	0	0	0	0	0	0
S(0,5)SumEntrp	2.0276617	0	0	0	0	0	0	0	0	0	0	0	0	0	0	0
S(0,5)Entropy	3.6002722	0	0	0	0	0	0	0	0	0	0	0	0	0	0	0
S(0,5)DifVarnc	233.2654	0	0	0	0	0	0	0	0	0	0	0	0	0	0	0
S(0,5)DifEntrp	1.7315219	0	0	0	0	0	0	0	0	0	0	0	0	0	0	0
_Area_S(5,5)	126002	0	0	0	0	0	0	0	0	0	0	0	0	0	0	0
S(5,5)AngScMom	0.0002580844	0	0	0	0	0	0	0	0	0	0	0	0	0	0	0
S(5,5)Contrast	697.36912	0	0	0	0	0	0	0	0	0	0	0	0	0	0	0
S(5,5)Correlat	0.0035936159	0	0	0	0	0	0	0	0	0	0	0	0	0	0	0
S(5,5)SumOfSqs	349.94212	0	0	0	0	0	0	0	0	0	0	0	0	0	0	0
S(5,5)InvDfMom	0.046195491	0	0	0	0	0	0	0	0	0	0	0	0	0	0	0
S(5,5)SumAverg	65.044269	0	0	0	0	0	0	0	0	0	0	0	0	0	0	0
S(5,5)SumVarnc	702.39935	0	0	0	0	0	0	0	0	0	0	0	0	0	0	0
S(5,5)SumEntrp	2.0282262	0	0	0	0	0	0	0	0	0	0	0	0	0	0	0
S(5,5)Entropy	3.6000397	0	0	0	0	0	0	0	0	0	0	0	0	0	0	0
S(5,5)DifVarnc	231.13793	0	0	0	0	0	0	0	0	0	0	0	0	0	0	0
S(5,5)DifEntrp	1.7310663	0	0	0	0	0	0	0	0	0	0	0	0	0	0	0
_Area_S(5,-5)	126002	0	0	0	0	0	0	0	0	0	0	0	0	0	0	0
S(5,-5)AngScMom	0.00025814562	0	0	0	0	0	0	0	0	0	0	0	0	0	0	0
S(5,-5)Contrast	699.17511	0	0	0	0	0	0	0	0	0	0	0	0	0	0	0
S(5,-5)Correlat	0.001103529	0	0	0	0	0	0	0	0	0	0	0	0	0	0	0
S(5,-5)SumOfSqs	349.97376	0	0	0	0	0	0	0	0	0	0	0	0	0	0	0
S(5,-5)InvDfMom	0.047513526	0	0	0	0	0	0	0	0	0	0	0	0	0	0	0
S(5,-5)SumAverg	65.042444	0	0	0	0	0	0	0	0	0	0	0	0	0	0	0
S(5,-5)SumVarnc	700.71993	0	0	0	0	0	0	0	0	0	0	0	0	0	0	0
S(5,-5)SumEntrp	2.027782	0	0	0	0	0	0	0	0	0	0	0	0	0	0	0
S(5,-5)Entropy	3.6000148	0	0	0	0	0	0	0	0	0	0	0	0	0	0	0
S(5,-5)DifVarnc	234.40486	0	0	0	0	0	0	0	0	0	0	0	0	0	0	0
S(5,-5)DifEntrp	1.7314653	0	0	0	0	0	0	0	0	0	0	0	0	0	0	0
Horzl_RLNonUni	61414.075	0	0	0	0	0	0	0	0	0	0	0	0	0	0	0
Horzl_GLevNonU	1012.9512	0	0	0	0	0	0	0	0	0	0	0	0	0	0	0
Horzl_LngREmph	1.0684615	0	0	0	0	0	0	0	0	0	0	0	0	0	0	0
Horzl_ShrtREmp	0.98379615	0	0	0	0	0	0	0	0	0	0	0	0	0	0	0
Horzl_Fraction	0.97822571	0	0	0	0	0	0	0	0	0	0	0	0	0	0	0
Vertl_RLNonUni	62544.185	0	0	0	0	0	0	0	0	0	0	0	0	0	0	0
Vertl_GLevNonU	1019.9846	0	0	0	0	0	0	0	0	0	0	0	0	0	0	0
Vertl_LngREmph	1.0483941	0	0	0	0	0	0	0	0	0	0	0	0	0	0	0
Vertl_ShrtREmp	0.98833206	0	0	0	0	0	0	0	0	0	0	0	0	0	0	0
Vertl_Fraction	0.984375	0	0	0	0	0	0	0	0	0	0	0	0	0	0	0
45dgr_RLNonUni	62452.903	0	0	0	0	0	0	0	0	0	0	0	0	0	0	0
45dgr_GLevNonU	1019.5238	0	0	0	0	0	0	0	0	0	0	0	0	0	0	0
45dgr_LngREmph	1.0490309	0	0	0	0	0	0	0	0	0	0	0	0	0	0	0
45dgr_ShrtREmp	0.98794096	0	0	0	0	0	0	0	0	0	0	0	0	0	0	0
45dgr_Fraction	0.98403931	0	0	0	0	0	0	0	0	0	0	0	0	0	0	0
135dr_RLNonUni	62495.76	0	0	0	0	0	0	0	0	0	0	0	0	0	0	0
135dr_GLevNonU	1019.6069	0	0	0	0	0	0	0	0	0	0	0	0	0	0	0
135dr_LngREmph	1.0485876	0	0	0	0	0	0	0	0	0	0	0	0	0	0	0
135dr_ShrtREmp	0.98812063	0	0	0	0	0	0	0	0	0	0	0	0	0	0	0
135dr_Fraction	0.98422241	0	0	0	0	0	0	0	0	0	0	0	0	0	0	0
_AreaGr	64516	0	0	0	0	0	0	0	0	0	0	0	0	0	0	0
GrMean	8.3830351	0	0	0	0	0	0	0	0	0	0	0	0	0	0	0
GrVariance	16.081083	0	0	0	0	0	0	0	0	0	0	0	0	0	0	0
GrSkewness	0.17344145	0	0	0	0	0	0	0	0	0	0	0	0	0	0	0
GrKurtosis	-0.67213892	0	0	0	0	0	0	0	0	0	0	0	0	0	0	0
GrNonZeros	0.99584599	0	0	0	0	0	0	0	0	0	0	0	0	0	0	0
_AreaARM	64770	0	0	0	0	0	0	0	0	0	0	0	0	0	0	0
Teta1	0.071052442	0	0	0	0	0	0	0	0	0	0	0	0	0	0	0
Teta2	0.0009948453	0	0	0	0	0	0	0	0	0	0	0	0	0	0	0
Teta3	-0.0020395663	0	0	0	0	0	0	0	0	0	0	0	0	0	0	0
Teta4	-0.0027166226	0	0	0	0	0	0	0	0	0	0	0	0	0	0	0
Sigma	0.99721365	0	0	0	0	0	0	0	0	0	0	0	0	0	0	0
WavEnLL_s-1	17751.239	0	0	0	0	0	0	0	0	0	0	0	0	0	0	0
WavEnLH_s-1	1531.1129	0	0	0	0	0	0	0	0	0	0	0	0	0	0	0
WavEnHL_s-1	1289.8783	0	0	0	0	0	0	0	0	0	0	0	0	0	0	0
WavEnHH_s-1	1297.6631	0	0	0	0	0	0	0	0	0	0	0	0	0	0	0
WavEnLL_s-2	16648.44	0	0	0	0	0	0	0	0	0	0	0	0	0	0	0
WavEnLH_s-2	385.51927	0	0	0	0	0	0	0	0	0	0	0	0	0	0	0
WavEnHL_s-2	359.13429	0	0	0	0	0	0	0	0	0	0	0	0	0	0	0
WavEnHH_s-2	358.14506	0	0	0	0	0	0	0	0	0	0	0	0	0	0	0
WavEnLL_s-3	16358.677	0	0	0	0	0	0	0	0	0	0	0	0	0	0	0
WavEnLH_s-3	103.00017	0	0	0	0	0	0	0	0	0	0	0	0	0	0	0
WavEnHL_s-3	94.689492	0	0	0	0	0	0	0	0	0	0	0	0	0	0	0
WavEnHH_s-3	92.073429	0	0	0	0	0	0	0	0	0	0	0	0	0	0	0
WavEnLL_s-4	16280.72	0	0	0	0	0	0	0	0	0	0	0	0	0	0	0
WavEnLH_s-4	26.964028	0	0	0	0	0	0	0	0	0	0	0	0	0	0	0
WavEnHL_s-4	23.768175	0	0	0	0	0	0	0	0	0	0	0	0	0	0	0
WavEnHH_s-4	27.224351	0	0	0	0	0	0	0	0	0	0	0	0	0	0	0
