Image File: stone1-a-p040.png 
ROI File: allred.roi 
Image size: 256 x 256
Min. lum.: 1
Max. lum.: 256
Bits/pixel: 8

Normalisation =  No
Histogram analysis = Yes
CO matrix analysis = Yes, Dimensions = 6 x 6, Distances = 1 2 3 4 5
RL matrix analysis = Yes, Dimension = 6
Gradient analysis = Yes, Max pixel value = 16
AR model analysis = Yes
Wavelet analysis = Yes

--------------- CLASS NAMES ----------------

----------------- FEATURES -----------------
_Area	65536	0	0	0	0	0	0	0	0	0	0	0	0	0	0	0
Mean	129.34088	0	0	0	0	0	0	0	0	0	0	0	0	0	0	0
Variance	5645.0939	0	0	0	0	0	0	0	0	0	0	0	0	0	0	0
Skewness	-0.020202217	0	0	0	0	0	0	0	0	0	0	0	0	0	0	0
Kurtosis	-1.2157512	0	0	0	0	0	0	0	0	0	0	0	0	0	0	0
Perc.01%	2	0	0	0	0	0	0	0	0	0	0	0	0	0	0	0
Perc.10%	25	0	0	0	0	0	0	0	0	0	0	0	0	0	0	0
Perc.50%	129	0	0	0	0	0	0	0	0	0	0	0	0	0	0	0
Perc.90%	233	0	0	0	0	0	0	0	0	0	0	0	0	0	0	0
Perc.99%	254	0	0	0	0	0	0	0	0	0	0	0	0	0	0	0
_Area_S(1,0)	130560	0	0	0	0	0	0	0	0	0	0	0	0	0	0	0
S(1,0)AngScMom	0.0002710422	0	0	0	0	0	0	0	0	0	0	0	0	0	0	0
S(1,0)Contrast	652.52742	0	0	0	0	0	0	0	0	0	0	0	0	0	0	0
S(1,0)Correlat	0.073271061	0	0	0	0	0	0	0	0	0	0	0	0	0	0	0
S(1,0)SumOfSqs	352.05948	0	0	0	0	0	0	0	0	0	0	0	0	0	0	0
S(1,0)InvDfMom	0.055422178	0	0	0	0	0	0	0	0	0	0	0	0	0	0	0
S(1,0)SumAverg	65.422702	0	0	0	0	0	0	0	0	0	0	0	0	0	0	0
S(1,0)SumVarnc	755.71051	0	0	0	0	0	0	0	0	0	0	0	0	0	0	0
S(1,0)SumEntrp	2.041876	0	0	0	0	0	0	0	0	0	0	0	0	0	0	0
S(1,0)Entropy	3.5909803	0	0	0	0	0	0	0	0	0	0	0	0	0	0	0
S(1,0)DifVarnc	224.04503	0	0	0	0	0	0	0	0	0	0	0	0	0	0	0
S(1,0)DifEntrp	1.7179991	0	0	0	0	0	0	0	0	0	0	0	0	0	0	0
_Area_S(0,1)	130560	0	0	0	0	0	0	0	0	0	0	0	0	0	0	0
S(0,1)AngScMom	0.00025761928	0	0	0	0	0	0	0	0	0	0	0	0	0	0	0
S(0,1)Contrast	705.10305	0	0	0	0	0	0	0	0	0	0	0	0	0	0	0
S(0,1)Correlat	-0.0020423077	0	0	0	0	0	0	0	0	0	0	0	0	0	0	0
S(0,1)SumOfSqs	351.83297	0	0	0	0	0	0	0	0	0	0	0	0	0	0	0
S(0,1)InvDfMom	0.046878028	0	0	0	0	0	0	0	0	0	0	0	0	0	0	0
S(0,1)SumAverg	65.414691	0	0	0	0	0	0	0	0	0	0	0	0	0	0	0
S(0,1)SumVarnc	702.22884	0	0	0	0	0	0	0	0	0	0	0	0	0	0	0
S(0,1)SumEntrp	2.0282796	0	0	0	0	0	0	0	0	0	0	0	0	0	0	0
S(0,1)Entropy	3.6004864	0	0	0	0	0	0	0	0	0	0	0	0	0	0	0
S(0,1)DifVarnc	234.5248	0	0	0	0	0	0	0	0	0	0	0	0	0	0	0
S(0,1)DifEntrp	1.7332041	0	0	0	0	0	0	0	0	0	0	0	0	0	0	0
_Area_S(1,1)	130050	0	0	0	0	0	0	0	0	0	0	0	0	0	0	0
S(1,1)AngScMom	0.00025725344	0	0	0	0	0	0	0	0	0	0	0	0	0	0	0
S(1,1)Contrast	703.78617	0	0	0	0	0	0	0	0	0	0	0	0	0	0	0
S(1,1)Correlat	6.6510621e-06	0	0	0	0	0	0	0	0	0	0	0	0	0	0	0
S(1,1)SumOfSqs	351.89543	0	0	0	0	0	0	0	0	0	0	0	0	0	0	0
S(1,1)InvDfMom	0.046869331	0	0	0	0	0	0	0	0	0	0	0	0	0	0	0
S(1,1)SumAverg	65.421423	0	0	0	0	0	0	0	0	0	0	0	0	0	0	0
S(1,1)SumVarnc	703.79554	0	0	0	0	0	0	0	0	0	0	0	0	0	0	0
S(1,1)SumEntrp	2.0285709	0	0	0	0	0	0	0	0	0	0	0	0	0	0	0
S(1,1)Entropy	3.6007866	0	0	0	0	0	0	0	0	0	0	0	0	0	0	0
S(1,1)DifVarnc	235.24561	0	0	0	0	0	0	0	0	0	0	0	0	0	0	0
S(1,1)DifEntrp	1.7327148	0	0	0	0	0	0	0	0	0	0	0	0	0	0	0
_Area_S(1,-1)	130050	0	0	0	0	0	0	0	0	0	0	0	0	0	0	0
S(1,-1)AngScMom	0.0002576685	0	0	0	0	0	0	0	0	0	0	0	0	0	0	0
S(1,-1)Contrast	705.79748	0	0	0	0	0	0	0	0	0	0	0	0	0	0	0
S(1,-1)Correlat	-0.0028538409	0	0	0	0	0	0	0	0	0	0	0	0	0	0	0
S(1,-1)SumOfSqs	351.89449	0	0	0	0	0	0	0	0	0	0	0	0	0	0	0
S(1,-1)InvDfMom	0.045932388	0	0	0	0	0	0	0	0	0	0	0	0	0	0	0
S(1,-1)SumAverg	65.421284	0	0	0	0	0	0	0	0	0	0	0	0	0	0	0
S(1,-1)SumVarnc	701.78047	0	0	0	0	0	0	0	0	0	0	0	0	0	0	0
S(1,-1)SumEntrp	2.0280587	0	0	0	0	0	0	0	0	0	0	0	0	0	0	0
S(1,-1)Entropy	3.6003896	0	0	0	0	0	0	0	0	0	0	0	0	0	0	0
S(1,-1)DifVarnc	234.86843	0	0	0	0	0	0	0	0	0	0	0	0	0	0	0
S(1,-1)DifEntrp	1.7332071	0	0	0	0	0	0	0	0	0	0	0	0	0	0	0
_Area_S(2,0)	130048	0	0	0	0	0	0	0	0	0	0	0	0	0	0	0
S(2,0)AngScMom	0.0002595483	0	0	0	0	0	0	0	0	0	0	0	0	0	0	0
S(2,0)Contrast	678.40191	0	0	0	0	0	0	0	0	0	0	0	0	0	0	0
S(2,0)Correlat	0.036714631	0	0	0	0	0	0	0	0	0	0	0	0	0	0	0
S(2,0)SumOfSqs	352.12925	0	0	0	0	0	0	0	0	0	0	0	0	0	0	0
S(2,0)InvDfMom	0.049709867	0	0	0	0	0	0	0	0	0	0	0	0	0	0	0
S(2,0)SumAverg	65.425381	0	0	0	0	0	0	0	0	0	0	0	0	0	0	0
S(2,0)SumVarnc	730.1151	0	0	0	0	0	0	0	0	0	0	0	0	0	0	0
S(2,0)SumEntrp	2.0357318	0	0	0	0	0	0	0	0	0	0	0	0	0	0	0
S(2,0)Entropy	3.599212	0	0	0	0	0	0	0	0	0	0	0	0	0	0	0
S(2,0)DifVarnc	229.99471	0	0	0	0	0	0	0	0	0	0	0	0	0	0	0
S(2,0)DifEntrp	1.7261842	0	0	0	0	0	0	0	0	0	0	0	0	0	0	0
_Area_S(0,2)	130048	0	0	0	0	0	0	0	0	0	0	0	0	0	0	0
S(0,2)AngScMom	0.00025762901	0	0	0	0	0	0	0	0	0	0	0	0	0	0	0
S(0,2)Contrast	704.63686	0	0	0	0	0	0	0	0	0	0	0	0	0	0	0
S(0,2)Correlat	-0.0018647565	0	0	0	0	0	0	0	0	0	0	0	0	0	0	0
S(0,2)SumOfSqs	351.66266	0	0	0	0	0	0	0	0	0	0	0	0	0	0	0
S(0,2)InvDfMom	0.046510536	0	0	0	0	0	0	0	0	0	0	0	0	0	0	0
S(0,2)SumAverg	65.395439	0	0	0	0	0	0	0	0	0	0	0	0	0	0	0
S(0,2)SumVarnc	702.0138	0	0	0	0	0	0	0	0	0	0	0	0	0	0	0
S(0,2)SumEntrp	2.0282552	0	0	0	0	0	0	0	0	0	0	0	0	0	0	0
S(0,2)Entropy	3.6005086	0	0	0	0	0	0	0	0	0	0	0	0	0	0	0
S(0,2)DifVarnc	234.86337	0	0	0	0	0	0	0	0	0	0	0	0	0	0	0
S(0,2)DifEntrp	1.7329413	0	0	0	0	0	0	0	0	0	0	0	0	0	0	0
_Area_S(2,2)	129032	0	0	0	0	0	0	0	0	0	0	0	0	0	0	0
S(2,2)AngScMom	0.00025759324	0	0	0	0	0	0	0	0	0	0	0	0	0	0	0
S(2,2)Contrast	702.33765	0	0	0	0	0	0	0	0	0	0	0	0	0	0	0
S(2,2)Correlat	0.0017562771	0	0	0	0	0	0	0	0	0	0	0	0	0	0	0
S(2,2)SumOfSqs	351.78666	0	0	0	0	0	0	0	0	0	0	0	0	0	0	0
S(2,2)InvDfMom	0.046581755	0	0	0	0	0	0	0	0	0	0	0	0	0	0	0
S(2,2)SumAverg	65.405016	0	0	0	0	0	0	0	0	0	0	0	0	0	0	0
S(2,2)SumVarnc	704.80899	0	0	0	0	0	0	0	0	0	0	0	0	0	0	0
S(2,2)SumEntrp	2.0288659	0	0	0	0	0	0	0	0	0	0	0	0	0	0	0
S(2,2)Entropy	3.6005248	0	0	0	0	0	0	0	0	0	0	0	0	0	0	0
S(2,2)DifVarnc	234.21054	0	0	0	0	0	0	0	0	0	0	0	0	0	0	0
S(2,2)DifEntrp	1.73234	0	0	0	0	0	0	0	0	0	0	0	0	0	0	0
_Area_S(2,-2)	129032	0	0	0	0	0	0	0	0	0	0	0	0	0	0	0
S(2,-2)AngScMom	0.00025744776	0	0	0	0	0	0	0	0	0	0	0	0	0	0	0
S(2,-2)Contrast	703.4943	0	0	0	0	0	0	0	0	0	0	0	0	0	0	0
S(2,-2)Correlat	0.00014148885	0	0	0	0	0	0	0	0	0	0	0	0	0	0	0
S(2,-2)SumOfSqs	351.79692	0	0	0	0	0	0	0	0	0	0	0	0	0	0	0
S(2,-2)InvDfMom	0.046876076	0	0	0	0	0	0	0	0	0	0	0	0	0	0	0
S(2,-2)SumAverg	65.404551	0	0	0	0	0	0	0	0	0	0	0	0	0	0	0
S(2,-2)SumVarnc	703.6934	0	0	0	0	0	0	0	0	0	0	0	0	0	0	0
S(2,-2)SumEntrp	2.0286943	0	0	0	0	0	0	0	0	0	0	0	0	0	0	0
S(2,-2)Entropy	3.6006513	0	0	0	0	0	0	0	0	0	0	0	0	0	0	0
S(2,-2)DifVarnc	234.78482	0	0	0	0	0	0	0	0	0	0	0	0	0	0	0
S(2,-2)DifEntrp	1.7327403	0	0	0	0	0	0	0	0	0	0	0	0	0	0	0
_Area_S(3,0)	129536	0	0	0	0	0	0	0	0	0	0	0	0	0	0	0
S(3,0)AngScMom	0.00025856018	0	0	0	0	0	0	0	0	0	0	0	0	0	0	0
S(3,0)Contrast	690.50564	0	0	0	0	0	0	0	0	0	0	0	0	0	0	0
S(3,0)Correlat	0.019410537	0	0	0	0	0	0	0	0	0	0	0	0	0	0	0
S(3,0)SumOfSqs	352.08702	0	0	0	0	0	0	0	0	0	0	0	0	0	0	0
S(3,0)InvDfMom	0.048961255	0	0	0	0	0	0	0	0	0	0	0	0	0	0	0
S(3,0)SumAverg	65.414665	0	0	0	0	0	0	0	0	0	0	0	0	0	0	0
S(3,0)SumVarnc	717.84243	0	0	0	0	0	0	0	0	0	0	0	0	0	0	0
S(3,0)SumEntrp	2.0327886	0	0	0	0	0	0	0	0	0	0	0	0	0	0	0
S(3,0)Entropy	3.5998602	0	0	0	0	0	0	0	0	0	0	0	0	0	0	0
S(3,0)DifVarnc	231.7445	0	0	0	0	0	0	0	0	0	0	0	0	0	0	0
S(3,0)DifEntrp	1.7287343	0	0	0	0	0	0	0	0	0	0	0	0	0	0	0
_Area_S(0,3)	129536	0	0	0	0	0	0	0	0	0	0	0	0	0	0	0
S(0,3)AngScMom	0.00025809771	0	0	0	0	0	0	0	0	0	0	0	0	0	0	0
S(0,3)Contrast	709.15535	0	0	0	0	0	0	0	0	0	0	0	0	0	0	0
S(0,3)Correlat	-0.0082000549	0	0	0	0	0	0	0	0	0	0	0	0	0	0	0
S(0,3)SumOfSqs	351.69377	0	0	0	0	0	0	0	0	0	0	0	0	0	0	0
S(0,3)InvDfMom	0.045862273	0	0	0	0	0	0	0	0	0	0	0	0	0	0	0
S(0,3)SumAverg	65.402328	0	0	0	0	0	0	0	0	0	0	0	0	0	0	0
S(0,3)SumVarnc	697.61972	0	0	0	0	0	0	0	0	0	0	0	0	0	0	0
S(0,3)SumEntrp	2.0270792	0	0	0	0	0	0	0	0	0	0	0	0	0	0	0
S(0,3)Entropy	3.6000862	0	0	0	0	0	0	0	0	0	0	0	0	0	0	0
S(0,3)DifVarnc	235.19379	0	0	0	0	0	0	0	0	0	0	0	0	0	0	0
S(0,3)DifEntrp	1.734123	0	0	0	0	0	0	0	0	0	0	0	0	0	0	0
_Area_S(3,3)	128018	0	0	0	0	0	0	0	0	0	0	0	0	0	0	0
S(3,3)AngScMom	0.00025779309	0	0	0	0	0	0	0	0	0	0	0	0	0	0	0
S(3,3)Contrast	706.21233	0	0	0	0	0	0	0	0	0	0	0	0	0	0	0
S(3,3)Correlat	-0.003801221	0	0	0	0	0	0	0	0	0	0	0	0	0	0	0
S(3,3)SumOfSqs	351.76901	0	0	0	0	0	0	0	0	0	0	0	0	0	0	0
S(3,3)InvDfMom	0.046978835	0	0	0	0	0	0	0	0	0	0	0	0	0	0	0
S(3,3)SumAverg	65.401881	0	0	0	0	0	0	0	0	0	0	0	0	0	0	0
S(3,3)SumVarnc	700.86372	0	0	0	0	0	0	0	0	0	0	0	0	0	0	0
S(3,3)SumEntrp	2.0279397	0	0	0	0	0	0	0	0	0	0	0	0	0	0	0
S(3,3)Entropy	3.6003194	0	0	0	0	0	0	0	0	0	0	0	0	0	0	0
S(3,3)DifVarnc	235.36321	0	0	0	0	0	0	0	0	0	0	0	0	0	0	0
S(3,3)DifEntrp	1.7335026	0	0	0	0	0	0	0	0	0	0	0	0	0	0	0
_Area_S(3,-3)	128018	0	0	0	0	0	0	0	0	0	0	0	0	0	0	0
S(3,-3)AngScMom	0.00025722111	0	0	0	0	0	0	0	0	0	0	0	0	0	0	0
S(3,-3)Contrast	703.77994	0	0	0	0	0	0	0	0	0	0	0	0	0	0	0
S(3,-3)Correlat	-0.00028361602	0	0	0	0	0	0	0	0	0	0	0	0	0	0	0
S(3,-3)SumOfSqs	351.7902	0	0	0	0	0	0	0	0	0	0	0	0	0	0	0
S(3,-3)InvDfMom	0.046501235	0	0	0	0	0	0	0	0	0	0	0	0	0	0	0
S(3,-3)SumAverg	65.399709	0	0	0	0	0	0	0	0	0	0	0	0	0	0	0
S(3,-3)SumVarnc	703.38084	0	0	0	0	0	0	0	0	0	0	0	0	0	0	0
S(3,-3)SumEntrp	2.0283144	0	0	0	0	0	0	0	0	0	0	0	0	0	0	0
S(3,-3)Entropy	3.6008302	0	0	0	0	0	0	0	0	0	0	0	0	0	0	0
S(3,-3)DifVarnc	234.41515	0	0	0	0	0	0	0	0	0	0	0	0	0	0	0
S(3,-3)DifEntrp	1.7325861	0	0	0	0	0	0	0	0	0	0	0	0	0	0	0
_Area_S(4,0)	129024	0	0	0	0	0	0	0	0	0	0	0	0	0	0	0
S(4,0)AngScMom	0.0002580727	0	0	0	0	0	0	0	0	0	0	0	0	0	0	0
S(4,0)Contrast	694.88956	0	0	0	0	0	0	0	0	0	0	0	0	0	0	0
S(4,0)Correlat	0.013247483	0	0	0	0	0	0	0	0	0	0	0	0	0	0	0
S(4,0)SumOfSqs	352.10934	0	0	0	0	0	0	0	0	0	0	0	0	0	0	0
S(4,0)InvDfMom	0.047391948	0	0	0	0	0	0	0	0	0	0	0	0	0	0	0
S(4,0)SumAverg	65.427192	0	0	0	0	0	0	0	0	0	0	0	0	0	0	0
S(4,0)SumVarnc	713.54781	0	0	0	0	0	0	0	0	0	0	0	0	0	0	0
S(4,0)SumEntrp	2.0313746	0	0	0	0	0	0	0	0	0	0	0	0	0	0	0
S(4,0)Entropy	3.6002078	0	0	0	0	0	0	0	0	0	0	0	0	0	0	0
S(4,0)DifVarnc	231.58782	0	0	0	0	0	0	0	0	0	0	0	0	0	0	0
S(4,0)DifEntrp	1.7301923	0	0	0	0	0	0	0	0	0	0	0	0	0	0	0
_Area_S(0,4)	129024	0	0	0	0	0	0	0	0	0	0	0	0	0	0	0
S(0,4)AngScMom	0.00025761953	0	0	0	0	0	0	0	0	0	0	0	0	0	0	0
S(0,4)Contrast	704.27263	0	0	0	0	0	0	0	0	0	0	0	0	0	0	0
S(0,4)Correlat	-0.0014251741	0	0	0	0	0	0	0	0	0	0	0	0	0	0	0
S(0,4)SumOfSqs	351.63517	0	0	0	0	0	0	0	0	0	0	0	0	0	0	0
S(0,4)InvDfMom	0.046252505	0	0	0	0	0	0	0	0	0	0	0	0	0	0	0
S(0,4)SumAverg	65.408296	0	0	0	0	0	0	0	0	0	0	0	0	0	0	0
S(0,4)SumVarnc	702.26807	0	0	0	0	0	0	0	0	0	0	0	0	0	0	0
S(0,4)SumEntrp	2.0281599	0	0	0	0	0	0	0	0	0	0	0	0	0	0	0
S(0,4)Entropy	3.6004697	0	0	0	0	0	0	0	0	0	0	0	0	0	0	0
S(0,4)DifVarnc	234.7019	0	0	0	0	0	0	0	0	0	0	0	0	0	0	0
S(0,4)DifEntrp	1.7329878	0	0	0	0	0	0	0	0	0	0	0	0	0	0	0
_Area_S(4,4)	127008	0	0	0	0	0	0	0	0	0	0	0	0	0	0	0
S(4,4)AngScMom	0.00025785269	0	0	0	0	0	0	0	0	0	0	0	0	0	0	0
S(4,4)Contrast	702.49491	0	0	0	0	0	0	0	0	0	0	0	0	0	0	0
S(4,4)Correlat	0.001326858	0	0	0	0	0	0	0	0	0	0	0	0	0	0	0
S(4,4)SumOfSqs	351.71413	0	0	0	0	0	0	0	0	0	0	0	0	0	0	0
S(4,4)InvDfMom	0.04805633	0	0	0	0	0	0	0	0	0	0	0	0	0	0	0
S(4,4)SumAverg	65.420619	0	0	0	0	0	0	0	0	0	0	0	0	0	0	0
S(4,4)SumVarnc	704.36161	0	0	0	0	0	0	0	0	0	0	0	0	0	0	0
S(4,4)SumEntrp	2.0289072	0	0	0	0	0	0	0	0	0	0	0	0	0	0	0
S(4,4)Entropy	3.6002996	0	0	0	0	0	0	0	0	0	0	0	0	0	0	0
S(4,4)DifVarnc	236.03518	0	0	0	0	0	0	0	0	0	0	0	0	0	0	0
S(4,4)DifEntrp	1.732312	0	0	0	0	0	0	0	0	0	0	0	0	0	0	0
_Area_S(4,-4)	127008	0	0	0	0	0	0	0	0	0	0	0	0	0	0	0
S(4,-4)AngScMom	0.00025778289	0	0	0	0	0	0	0	0	0	0	0	0	0	0	0
S(4,-4)Contrast	702.01323	0	0	0	0	0	0	0	0	0	0	0	0	0	0	0
S(4,-4)Correlat	0.0021532476	0	0	0	0	0	0	0	0	0	0	0	0	0	0	0
S(4,-4)SumOfSqs	351.76405	0	0	0	0	0	0	0	0	0	0	0	0	0	0	0
S(4,-4)InvDfMom	0.046790888	0	0	0	0	0	0	0	0	0	0	0	0	0	0	0
S(4,-4)SumAverg	65.417391	0	0	0	0	0	0	0	0	0	0	0	0	0	0	0
S(4,-4)SumVarnc	705.04297	0	0	0	0	0	0	0	0	0	0	0	0	0	0	0
S(4,-4)SumEntrp	2.0289345	0	0	0	0	0	0	0	0	0	0	0	0	0	0	0
S(4,-4)Entropy	3.6004274	0	0	0	0	0	0	0	0	0	0	0	0	0	0	0
S(4,-4)DifVarnc	234.01975	0	0	0	0	0	0	0	0	0	0	0	0	0	0	0
S(4,-4)DifEntrp	1.7322256	0	0	0	0	0	0	0	0	0	0	0	0	0	0	0
_Area_S(5,0)	128512	0	0	0	0	0	0	0	0	0	0	0	0	0	0	0
S(5,0)AngScMom	0.0002576821	0	0	0	0	0	0	0	0	0	0	0	0	0	0	0
S(5,0)Contrast	697.36364	0	0	0	0	0	0	0	0	0	0	0	0	0	0	0
S(5,0)Correlat	0.0095071098	0	0	0	0	0	0	0	0	0	0	0	0	0	0	0
S(5,0)SumOfSqs	352.02859	0	0	0	0	0	0	0	0	0	0	0	0	0	0	0
S(5,0)InvDfMom	0.046668505	0	0	0	0	0	0	0	0	0	0	0	0	0	0	0
S(5,0)SumAverg	65.430248	0	0	0	0	0	0	0	0	0	0	0	0	0	0	0
S(5,0)SumVarnc	710.75074	0	0	0	0	0	0	0	0	0	0	0	0	0	0	0
S(5,0)SumEntrp	2.0304834	0	0	0	0	0	0	0	0	0	0	0	0	0	0	0
S(5,0)Entropy	3.6004883	0	0	0	0	0	0	0	0	0	0	0	0	0	0	0
S(5,0)DifVarnc	231.97783	0	0	0	0	0	0	0	0	0	0	0	0	0	0	0
S(5,0)DifEntrp	1.730815	0	0	0	0	0	0	0	0	0	0	0	0	0	0	0
_Area_S(0,5)	128512	0	0	0	0	0	0	0	0	0	0	0	0	0	0	0
S(0,5)AngScMom	0.00025753303	0	0	0	0	0	0	0	0	0	0	0	0	0	0	0
S(0,5)Contrast	704.29711	0	0	0	0	0	0	0	0	0	0	0	0	0	0	0
S(0,5)Correlat	-0.0014586468	0	0	0	0	0	0	0	0	0	0	0	0	0	0	0
S(0,5)SumOfSqs	351.63564	0	0	0	0	0	0	0	0	0	0	0	0	0	0	0
S(0,5)InvDfMom	0.046355543	0	0	0	0	0	0	0	0	0	0	0	0	0	0	0
S(0,5)SumAverg	65.419369	0	0	0	0	0	0	0	0	0	0	0	0	0	0	0
S(0,5)SumVarnc	702.24546	0	0	0	0	0	0	0	0	0	0	0	0	0	0	0
S(0,5)SumEntrp	2.0282118	0	0	0	0	0	0	0	0	0	0	0	0	0	0	0
S(0,5)Entropy	3.6005809	0	0	0	0	0	0	0	0	0	0	0	0	0	0	0
S(0,5)DifVarnc	234.28219	0	0	0	0	0	0	0	0	0	0	0	0	0	0	0
S(0,5)DifEntrp	1.7325601	0	0	0	0	0	0	0	0	0	0	0	0	0	0	0
_Area_S(5,5)	126002	0	0	0	0	0	0	0	0	0	0	0	0	0	0	0
S(5,5)AngScMom	0.00025792908	0	0	0	0	0	0	0	0	0	0	0	0	0	0	0
S(5,5)Contrast	703.2908	0	0	0	0	0	0	0	0	0	0	0	0	0	0	0
S(5,5)Correlat	-2.6357667e-05	0	0	0	0	0	0	0	0	0	0	0	0	0	0	0
S(5,5)SumOfSqs	351.63613	0	0	0	0	0	0	0	0	0	0	0	0	0	0	0
S(5,5)InvDfMom	0.046617687	0	0	0	0	0	0	0	0	0	0	0	0	0	0	0
S(5,5)SumAverg	65.436517	0	0	0	0	0	0	0	0	0	0	0	0	0	0	0
S(5,5)SumVarnc	703.25373	0	0	0	0	0	0	0	0	0	0	0	0	0	0	0
S(5,5)SumEntrp	2.0284023	0	0	0	0	0	0	0	0	0	0	0	0	0	0	0
S(5,5)Entropy	3.600128	0	0	0	0	0	0	0	0	0	0	0	0	0	0	0
S(5,5)DifVarnc	234.79759	0	0	0	0	0	0	0	0	0	0	0	0	0	0	0
S(5,5)DifEntrp	1.7326584	0	0	0	0	0	0	0	0	0	0	0	0	0	0	0
_Area_S(5,-5)	126002	0	0	0	0	0	0	0	0	0	0	0	0	0	0	0
S(5,-5)AngScMom	0.00025775171	0	0	0	0	0	0	0	0	0	0	0	0	0	0	0
S(5,-5)Contrast	706.18193	0	0	0	0	0	0	0	0	0	0	0	0	0	0	0
S(5,-5)Correlat	-0.0039355434	0	0	0	0	0	0	0	0	0	0	0	0	0	0	0
S(5,-5)SumOfSqs	351.70681	0	0	0	0	0	0	0	0	0	0	0	0	0	0	0
S(5,-5)InvDfMom	0.046436986	0	0	0	0	0	0	0	0	0	0	0	0	0	0	0
S(5,-5)SumAverg	65.431057	0	0	0	0	0	0	0	0	0	0	0	0	0	0	0
S(5,-5)SumVarnc	700.6453	0	0	0	0	0	0	0	0	0	0	0	0	0	0	0
S(5,-5)SumEntrp	2.0280008	0	0	0	0	0	0	0	0	0	0	0	0	0	0	0
S(5,-5)Entropy	3.6003741	0	0	0	0	0	0	0	0	0	0	0	0	0	0	0
S(5,-5)DifVarnc	235.79723	0	0	0	0	0	0	0	0	0	0	0	0	0	0	0
S(5,-5)DifEntrp	1.7333428	0	0	0	0	0	0	0	0	0	0	0	0	0	0	0
Horzl_RLNonUni	61401.116	0	0	0	0	0	0	0	0	0	0	0	0	0	0	0
Horzl_GLevNonU	1012.3201	0	0	0	0	0	0	0	0	0	0	0	0	0	0	0
Horzl_LngREmph	1.0680226	0	0	0	0	0	0	0	0	0	0	0	0	0	0	0
Horzl_ShrtREmp	0.98372333	0	0	0	0	0	0	0	0	0	0	0	0	0	0	0
Horzl_Fraction	0.97825623	0	0	0	0	0	0	0	0	0	0	0	0	0	0	0
Vertl_RLNonUni	62476.204	0	0	0	0	0	0	0	0	0	0	0	0	0	0	0
Vertl_GLevNonU	1019.297	0	0	0	0	0	0	0	0	0	0	0	0	0	0	0
Vertl_LngREmph	1.0488092	0	0	0	0	0	0	0	0	0	0	0	0	0	0	0
Vertl_ShrtREmp	0.98803888	0	0	0	0	0	0	0	0	0	0	0	0	0	0	0
Vertl_Fraction	0.98413086	0	0	0	0	0	0	0	0	0	0	0	0	0	0	0
45dgr_RLNonUni	62408.845	0	0	0	0	0	0	0	0	0	0	0	0	0	0	0
45dgr_GLevNonU	1018.8036	0	0	0	0	0	0	0	0	0	0	0	0	0	0	0
45dgr_LngREmph	1.0497092	0	0	0	0	0	0	0	0	0	0	0	0	0	0	0
45dgr_ShrtREmp	0.98776227	0	0	0	0	0	0	0	0	0	0	0	0	0	0	0
45dgr_Fraction	0.98381042	0	0	0	0	0	0	0	0	0	0	0	0	0	0	0
135dr_RLNonUni	62573.137	0	0	0	0	0	0	0	0	0	0	0	0	0	0	0
135dr_GLevNonU	1019.9206	0	0	0	0	0	0	0	0	0	0	0	0	0	0	0
135dr_LngREmph	1.0472501	0	0	0	0	0	0	0	0	0	0	0	0	0	0	0
135dr_ShrtREmp	0.98842854	0	0	0	0	0	0	0	0	0	0	0	0	0	0	0
135dr_Fraction	0.9846344	0	0	0	0	0	0	0	0	0	0	0	0	0	0	0
_AreaGr	64516	0	0	0	0	0	0	0	0	0	0	0	0	0	0	0
GrMean	8.3643402	0	0	0	0	0	0	0	0	0	0	0	0	0	0	0
GrVariance	16.01915	0	0	0	0	0	0	0	0	0	0	0	0	0	0	0
GrSkewness	0.16375321	0	0	0	0	0	0	0	0	0	0	0	0	0	0	0
GrKurtosis	-0.6824387	0	0	0	0	0	0	0	0	0	0	0	0	0	0	0
GrNonZeros	0.99564449	0	0	0	0	0	0	0	0	0	0	0	0	0	0	0
_AreaARM	64770	0	0	0	0	0	0	0	0	0	0	0	0	0	0	0
Teta1	0.072912179	0	0	0	0	0	0	0	0	0	0	0	0	0	0	0
Teta2	-0.003223143	0	0	0	0	0	0	0	0	0	0	0	0	0	0	0
Teta3	-0.001820898	0	0	0	0	0	0	0	0	0	0	0	0	0	0	0
Teta4	0.00016434807	0	0	0	0	0	0	0	0	0	0	0	0	0	0	0
Sigma	0.99702313	0	0	0	0	0	0	0	0	0	0	0	0	0	0	0
WavEnLL_s-1	17970.385	0	0	0	0	0	0	0	0	0	0	0	0	0	0	0
WavEnLH_s-1	1530.4328	0	0	0	0	0	0	0	0	0	0	0	0	0	0	0
WavEnHL_s-1	1304.3805	0	0	0	0	0	0	0	0	0	0	0	0	0	0	0
WavEnHH_s-1	1311.277	0	0	0	0	0	0	0	0	0	0	0	0	0	0	0
WavEnLL_s-2	16873.713	0	0	0	0	0	0	0	0	0	0	0	0	0	0	0
WavEnLH_s-2	410.20418	0	0	0	0	0	0	0	0	0	0	0	0	0	0	0
WavEnHL_s-2	346.72796	0	0	0	0	0	0	0	0	0	0	0	0	0	0	0
WavEnHH_s-2	339.74057	0	0	0	0	0	0	0	0	0	0	0	0	0	0	0
WavEnLL_s-3	16585.895	0	0	0	0	0	0	0	0	0	0	0	0	0	0	0
WavEnLH_s-3	103.1881	0	0	0	0	0	0	0	0	0	0	0	0	0	0	0
WavEnHL_s-3	89.253593	0	0	0	0	0	0	0	0	0	0	0	0	0	0	0
WavEnHH_s-3	95.375866	0	0	0	0	0	0	0	0	0	0	0	0	0	0	0
WavEnLL_s-4	16503.458	0	0	0	0	0	0	0	0	0	0	0	0	0	0	0
WavEnLH_s-4	28.645832	0	0	0	0	0	0	0	0	0	0	0	0	0	0	0
WavEnHL_s-4	28.858408	0	0	0	0	0	0	0	0	0	0	0	0	0	0	0
WavEnHH_s-4	24.932499	0	0	0	0	0	0	0	0	0	0	0	0	0	0	0
