Image File: stone1-a-p025.png 
ROI File: allred.roi 
Image size: 256 x 256
Min. lum.: 1
Max. lum.: 256
Bits/pixel: 8

Normalisation =  No
Histogram analysis = Yes
CO matrix analysis = Yes, Dimensions = 6 x 6, Distances = 1 2 3 4 5
RL matrix analysis = Yes, Dimension = 6
Gradient analysis = Yes, Max pixel value = 16
AR model analysis = Yes
Wavelet analysis = Yes

--------------- CLASS NAMES ----------------

----------------- FEATURES -----------------
_Area	65536	0	0	0	0	0	0	0	0	0	0	0	0	0	0	0
Mean	132.7058	0	0	0	0	0	0	0	0	0	0	0	0	0	0	0
Variance	5455.9826	0	0	0	0	0	0	0	0	0	0	0	0	0	0	0
Skewness	-0.052944415	0	0	0	0	0	0	0	0	0	0	0	0	0	0	0
Kurtosis	-1.1909127	0	0	0	0	0	0	0	0	0	0	0	0	0	0	0
Perc.01%	3	0	0	0	0	0	0	0	0	0	0	0	0	0	0	0
Perc.10%	29	0	0	0	0	0	0	0	0	0	0	0	0	0	0	0
Perc.50%	133	0	0	0	0	0	0	0	0	0	0	0	0	0	0	0
Perc.90%	234	0	0	0	0	0	0	0	0	0	0	0	0	0	0	0
Perc.99%	255	0	0	0	0	0	0	0	0	0	0	0	0	0	0	0
_Area_S(1,0)	130560	0	0	0	0	0	0	0	0	0	0	0	0	0	0	0
S(1,0)AngScMom	0.00026421558	0	0	0	0	0	0	0	0	0	0	0	0	0	0	0
S(1,0)Contrast	634.92765	0	0	0	0	0	0	0	0	0	0	0	0	0	0	0
S(1,0)Correlat	0.067312125	0	0	0	0	0	0	0	0	0	0	0	0	0	0	0
S(1,0)SumOfSqs	340.3752	0	0	0	0	0	0	0	0	0	0	0	0	0	0	0
S(1,0)InvDfMom	0.053665047	0	0	0	0	0	0	0	0	0	0	0	0	0	0	0
S(1,0)SumAverg	67.079335	0	0	0	0	0	0	0	0	0	0	0	0	0	0	0
S(1,0)SumVarnc	726.57316	0	0	0	0	0	0	0	0	0	0	0	0	0	0	0
S(1,0)SumEntrp	2.0344957	0	0	0	0	0	0	0	0	0	0	0	0	0	0	0
S(1,0)Entropy	3.5961405	0	0	0	0	0	0	0	0	0	0	0	0	0	0	0
S(1,0)DifVarnc	217.64627	0	0	0	0	0	0	0	0	0	0	0	0	0	0	0
S(1,0)DifEntrp	1.713002	0	0	0	0	0	0	0	0	0	0	0	0	0	0	0
_Area_S(0,1)	130560	0	0	0	0	0	0	0	0	0	0	0	0	0	0	0
S(0,1)AngScMom	0.00025645583	0	0	0	0	0	0	0	0	0	0	0	0	0	0	0
S(0,1)Contrast	681.36072	0	0	0	0	0	0	0	0	0	0	0	0	0	0	0
S(0,1)Correlat	-0.0016811432	0	0	0	0	0	0	0	0	0	0	0	0	0	0	0
S(0,1)SumOfSqs	340.10859	0	0	0	0	0	0	0	0	0	0	0	0	0	0	0
S(0,1)InvDfMom	0.047426382	0	0	0	0	0	0	0	0	0	0	0	0	0	0	0
S(0,1)SumAverg	67.097212	0	0	0	0	0	0	0	0	0	0	0	0	0	0	0
S(0,1)SumVarnc	679.07364	0	0	0	0	0	0	0	0	0	0	0	0	0	0	0
S(0,1)SumEntrp	2.0217996	0	0	0	0	0	0	0	0	0	0	0	0	0	0	0
S(0,1)Entropy	3.6014352	0	0	0	0	0	0	0	0	0	0	0	0	0	0	0
S(0,1)DifVarnc	228.05566	0	0	0	0	0	0	0	0	0	0	0	0	0	0	0
S(0,1)DifEntrp	1.7264633	0	0	0	0	0	0	0	0	0	0	0	0	0	0	0
_Area_S(1,1)	130050	0	0	0	0	0	0	0	0	0	0	0	0	0	0	0
S(1,1)AngScMom	0.00025599594	0	0	0	0	0	0	0	0	0	0	0	0	0	0	0
S(1,1)Contrast	677.442	0	0	0	0	0	0	0	0	0	0	0	0	0	0	0
S(1,1)Correlat	0.0040911295	0	0	0	0	0	0	0	0	0	0	0	0	0	0	0
S(1,1)SumOfSqs	340.11244	0	0	0	0	0	0	0	0	0	0	0	0	0	0	0
S(1,1)InvDfMom	0.047510496	0	0	0	0	0	0	0	0	0	0	0	0	0	0	0
S(1,1)SumAverg	67.094963	0	0	0	0	0	0	0	0	0	0	0	0	0	0	0
S(1,1)SumVarnc	683.00778	0	0	0	0	0	0	0	0	0	0	0	0	0	0	0
S(1,1)SumEntrp	2.023092	0	0	0	0	0	0	0	0	0	0	0	0	0	0	0
S(1,1)Entropy	3.6018014	0	0	0	0	0	0	0	0	0	0	0	0	0	0	0
S(1,1)DifVarnc	226.20967	0	0	0	0	0	0	0	0	0	0	0	0	0	0	0
S(1,1)DifEntrp	1.7255738	0	0	0	0	0	0	0	0	0	0	0	0	0	0	0
_Area_S(1,-1)	130050	0	0	0	0	0	0	0	0	0	0	0	0	0	0	0
S(1,-1)AngScMom	0.00025644175	0	0	0	0	0	0	0	0	0	0	0	0	0	0	0
S(1,-1)Contrast	682.51493	0	0	0	0	0	0	0	0	0	0	0	0	0	0	0
S(1,-1)Correlat	-0.0033541171	0	0	0	0	0	0	0	0	0	0	0	0	0	0	0
S(1,-1)SumOfSqs	340.11667	0	0	0	0	0	0	0	0	0	0	0	0	0	0	0
S(1,-1)InvDfMom	0.047851177	0	0	0	0	0	0	0	0	0	0	0	0	0	0	0
S(1,-1)SumAverg	67.095317	0	0	0	0	0	0	0	0	0	0	0	0	0	0	0
S(1,-1)SumVarnc	677.95176	0	0	0	0	0	0	0	0	0	0	0	0	0	0	0
S(1,-1)SumEntrp	2.021747	0	0	0	0	0	0	0	0	0	0	0	0	0	0	0
S(1,-1)Entropy	3.6014381	0	0	0	0	0	0	0	0	0	0	0	0	0	0	0
S(1,-1)DifVarnc	228.75646	0	0	0	0	0	0	0	0	0	0	0	0	0	0	0
S(1,-1)DifEntrp	1.7269127	0	0	0	0	0	0	0	0	0	0	0	0	0	0	0
_Area_S(2,0)	130048	0	0	0	0	0	0	0	0	0	0	0	0	0	0	0
S(2,0)AngScMom	0.00025828107	0	0	0	0	0	0	0	0	0	0	0	0	0	0	0
S(2,0)Contrast	657.62343	0	0	0	0	0	0	0	0	0	0	0	0	0	0	0
S(2,0)Correlat	0.034018827	0	0	0	0	0	0	0	0	0	0	0	0	0	0	0
S(2,0)SumOfSqs	340.39143	0	0	0	0	0	0	0	0	0	0	0	0	0	0	0
S(2,0)InvDfMom	0.0491329	0	0	0	0	0	0	0	0	0	0	0	0	0	0	0
S(2,0)SumAverg	67.084277	0	0	0	0	0	0	0	0	0	0	0	0	0	0	0
S(2,0)SumVarnc	703.9423	0	0	0	0	0	0	0	0	0	0	0	0	0	0	0
S(2,0)SumEntrp	2.0291099	0	0	0	0	0	0	0	0	0	0	0	0	0	0	0
S(2,0)Entropy	3.6002259	0	0	0	0	0	0	0	0	0	0	0	0	0	0	0
S(2,0)DifVarnc	221.39154	0	0	0	0	0	0	0	0	0	0	0	0	0	0	0
S(2,0)DifEntrp	1.7198398	0	0	0	0	0	0	0	0	0	0	0	0	0	0	0
_Area_S(0,2)	130048	0	0	0	0	0	0	0	0	0	0	0	0	0	0	0
S(0,2)AngScMom	0.00025575063	0	0	0	0	0	0	0	0	0	0	0	0	0	0	0
S(0,2)Contrast	674.69016	0	0	0	0	0	0	0	0	0	0	0	0	0	0	0
S(0,2)Correlat	0.0079415214	0	0	0	0	0	0	0	0	0	0	0	0	0	0	0
S(0,2)SumOfSqs	340.04556	0	0	0	0	0	0	0	0	0	0	0	0	0	0	0
S(0,2)InvDfMom	0.047483276	0	0	0	0	0	0	0	0	0	0	0	0	0	0	0
S(0,2)SumAverg	67.076264	0	0	0	0	0	0	0	0	0	0	0	0	0	0	0
S(0,2)SumVarnc	685.49208	0	0	0	0	0	0	0	0	0	0	0	0	0	0	0
S(0,2)SumEntrp	2.0236404	0	0	0	0	0	0	0	0	0	0	0	0	0	0	0
S(0,2)Entropy	3.6020831	0	0	0	0	0	0	0	0	0	0	0	0	0	0	0
S(0,2)DifVarnc	225.22525	0	0	0	0	0	0	0	0	0	0	0	0	0	0	0
S(0,2)DifEntrp	1.7248872	0	0	0	0	0	0	0	0	0	0	0	0	0	0	0
_Area_S(2,2)	129032	0	0	0	0	0	0	0	0	0	0	0	0	0	0	0
S(2,2)AngScMom	0.00025611185	0	0	0	0	0	0	0	0	0	0	0	0	0	0	0
S(2,2)Contrast	679.79951	0	0	0	0	0	0	0	0	0	0	0	0	0	0	0
S(2,2)Correlat	0.00051500745	0	0	0	0	0	0	0	0	0	0	0	0	0	0	0
S(2,2)SumOfSqs	340.07489	0	0	0	0	0	0	0	0	0	0	0	0	0	0	0
S(2,2)InvDfMom	0.047363155	0	0	0	0	0	0	0	0	0	0	0	0	0	0	0
S(2,2)SumAverg	67.078384	0	0	0	0	0	0	0	0	0	0	0	0	0	0	0
S(2,2)SumVarnc	680.50007	0	0	0	0	0	0	0	0	0	0	0	0	0	0	0
S(2,2)SumEntrp	2.0223203	0	0	0	0	0	0	0	0	0	0	0	0	0	0	0
S(2,2)Entropy	3.6017124	0	0	0	0	0	0	0	0	0	0	0	0	0	0	0
S(2,2)DifVarnc	227.60438	0	0	0	0	0	0	0	0	0	0	0	0	0	0	0
S(2,2)DifEntrp	1.7260724	0	0	0	0	0	0	0	0	0	0	0	0	0	0	0
_Area_S(2,-2)	129032	0	0	0	0	0	0	0	0	0	0	0	0	0	0	0
S(2,-2)AngScMom	0.00025615581	0	0	0	0	0	0	0	0	0	0	0	0	0	0	0
S(2,-2)Contrast	680.11986	0	0	0	0	0	0	0	0	0	0	0	0	0	0	0
S(2,-2)Correlat	2.3928513e-05	0	0	0	0	0	0	0	0	0	0	0	0	0	0	0
S(2,-2)SumOfSqs	340.06807	0	0	0	0	0	0	0	0	0	0	0	0	0	0	0
S(2,-2)InvDfMom	0.046991177	0	0	0	0	0	0	0	0	0	0	0	0	0	0	0
S(2,-2)SumAverg	67.078942	0	0	0	0	0	0	0	0	0	0	0	0	0	0	0
S(2,-2)SumVarnc	680.15241	0	0	0	0	0	0	0	0	0	0	0	0	0	0	0
S(2,-2)SumEntrp	2.0221906	0	0	0	0	0	0	0	0	0	0	0	0	0	0	0
S(2,-2)Entropy	3.6016512	0	0	0	0	0	0	0	0	0	0	0	0	0	0	0
S(2,-2)DifVarnc	226.14443	0	0	0	0	0	0	0	0	0	0	0	0	0	0	0
S(2,-2)DifEntrp	1.7260173	0	0	0	0	0	0	0	0	0	0	0	0	0	0	0
_Area_S(3,0)	129536	0	0	0	0	0	0	0	0	0	0	0	0	0	0	0
S(3,0)AngScMom	0.00025742213	0	0	0	0	0	0	0	0	0	0	0	0	0	0	0
S(3,0)Contrast	662.21813	0	0	0	0	0	0	0	0	0	0	0	0	0	0	0
S(3,0)Correlat	0.027359504	0	0	0	0	0	0	0	0	0	0	0	0	0	0	0
S(3,0)SumOfSqs	340.42287	0	0	0	0	0	0	0	0	0	0	0	0	0	0	0
S(3,0)InvDfMom	0.04844097	0	0	0	0	0	0	0	0	0	0	0	0	0	0	0
S(3,0)SumAverg	67.08742	0	0	0	0	0	0	0	0	0	0	0	0	0	0	0
S(3,0)SumVarnc	699.47334	0	0	0	0	0	0	0	0	0	0	0	0	0	0	0
S(3,0)SumEntrp	2.0277316	0	0	0	0	0	0	0	0	0	0	0	0	0	0	0
S(3,0)Entropy	3.6008466	0	0	0	0	0	0	0	0	0	0	0	0	0	0	0
S(3,0)DifVarnc	222.11645	0	0	0	0	0	0	0	0	0	0	0	0	0	0	0
S(3,0)DifEntrp	1.7214564	0	0	0	0	0	0	0	0	0	0	0	0	0	0	0
_Area_S(0,3)	129536	0	0	0	0	0	0	0	0	0	0	0	0	0	0	0
S(0,3)AngScMom	0.00025618026	0	0	0	0	0	0	0	0	0	0	0	0	0	0	0
S(0,3)Contrast	681.11231	0	0	0	0	0	0	0	0	0	0	0	0	0	0	0
S(0,3)Correlat	-0.0015256877	0	0	0	0	0	0	0	0	0	0	0	0	0	0	0
S(0,3)SumOfSqs	340.03736	0	0	0	0	0	0	0	0	0	0	0	0	0	0	0
S(0,3)InvDfMom	0.047330416	0	0	0	0	0	0	0	0	0	0	0	0	0	0	0
S(0,3)SumAverg	67.087173	0	0	0	0	0	0	0	0	0	0	0	0	0	0	0
S(0,3)SumVarnc	679.03715	0	0	0	0	0	0	0	0	0	0	0	0	0	0	0
S(0,3)SumEntrp	2.0219704	0	0	0	0	0	0	0	0	0	0	0	0	0	0	0
S(0,3)Entropy	3.6016899	0	0	0	0	0	0	0	0	0	0	0	0	0	0	0
S(0,3)DifVarnc	227.90127	0	0	0	0	0	0	0	0	0	0	0	0	0	0	0
S(0,3)DifEntrp	1.7265604	0	0	0	0	0	0	0	0	0	0	0	0	0	0	0
_Area_S(3,3)	128018	0	0	0	0	0	0	0	0	0	0	0	0	0	0	0
S(3,3)AngScMom	0.00025653441	0	0	0	0	0	0	0	0	0	0	0	0	0	0	0
S(3,3)Contrast	680.03231	0	0	0	0	0	0	0	0	0	0	0	0	0	0	0
S(3,3)Correlat	0.00026774973	0	0	0	0	0	0	0	0	0	0	0	0	0	0	0
S(3,3)SumOfSqs	340.10722	0	0	0	0	0	0	0	0	0	0	0	0	0	0	0
S(3,3)InvDfMom	0.047012397	0	0	0	0	0	0	0	0	0	0	0	0	0	0	0
S(3,3)SumAverg	67.091971	0	0	0	0	0	0	0	0	0	0	0	0	0	0	0
S(3,3)SumVarnc	680.39656	0	0	0	0	0	0	0	0	0	0	0	0	0	0	0
S(3,3)SumEntrp	2.0224422	0	0	0	0	0	0	0	0	0	0	0	0	0	0	0
S(3,3)Entropy	3.6013816	0	0	0	0	0	0	0	0	0	0	0	0	0	0	0
S(3,3)DifVarnc	227.31725	0	0	0	0	0	0	0	0	0	0	0	0	0	0	0
S(3,3)DifEntrp	1.7259881	0	0	0	0	0	0	0	0	0	0	0	0	0	0	0
_Area_S(3,-3)	128018	0	0	0	0	0	0	0	0	0	0	0	0	0	0	0
S(3,-3)AngScMom	0.00025652196	0	0	0	0	0	0	0	0	0	0	0	0	0	0	0
S(3,-3)Contrast	674.51816	0	0	0	0	0	0	0	0	0	0	0	0	0	0	0
S(3,-3)Correlat	0.008319324	0	0	0	0	0	0	0	0	0	0	0	0	0	0	0
S(3,-3)SumOfSqs	340.08839	0	0	0	0	0	0	0	0	0	0	0	0	0	0	0
S(3,-3)InvDfMom	0.047544472	0	0	0	0	0	0	0	0	0	0	0	0	0	0	0
S(3,-3)SumAverg	67.093112	0	0	0	0	0	0	0	0	0	0	0	0	0	0	0
S(3,-3)SumVarnc	685.83538	0	0	0	0	0	0	0	0	0	0	0	0	0	0	0
S(3,-3)SumEntrp	2.0237224	0	0	0	0	0	0	0	0	0	0	0	0	0	0	0
S(3,-3)Entropy	3.6013316	0	0	0	0	0	0	0	0	0	0	0	0	0	0	0
S(3,-3)DifVarnc	226.3635	0	0	0	0	0	0	0	0	0	0	0	0	0	0	0
S(3,-3)DifEntrp	1.7244387	0	0	0	0	0	0	0	0	0	0	0	0	0	0	0
_Area_S(4,0)	129024	0	0	0	0	0	0	0	0	0	0	0	0	0	0	0
S(4,0)AngScMom	0.00025695504	0	0	0	0	0	0	0	0	0	0	0	0	0	0	0
S(4,0)Contrast	669.22957	0	0	0	0	0	0	0	0	0	0	0	0	0	0	0
S(4,0)Correlat	0.017349808	0	0	0	0	0	0	0	0	0	0	0	0	0	0	0
S(4,0)SumOfSqs	340.52279	0	0	0	0	0	0	0	0	0	0	0	0	0	0	0
S(4,0)InvDfMom	0.048621271	0	0	0	0	0	0	0	0	0	0	0	0	0	0	0
S(4,0)SumAverg	67.084728	0	0	0	0	0	0	0	0	0	0	0	0	0	0	0
S(4,0)SumVarnc	692.86159	0	0	0	0	0	0	0	0	0	0	0	0	0	0	0
S(4,0)SumEntrp	2.0259787	0	0	0	0	0	0	0	0	0	0	0	0	0	0	0
S(4,0)Entropy	3.6011472	0	0	0	0	0	0	0	0	0	0	0	0	0	0	0
S(4,0)DifVarnc	224.22181	0	0	0	0	0	0	0	0	0	0	0	0	0	0	0
S(4,0)DifEntrp	1.723314	0	0	0	0	0	0	0	0	0	0	0	0	0	0	0
_Area_S(0,4)	129024	0	0	0	0	0	0	0	0	0	0	0	0	0	0	0
S(0,4)AngScMom	0.00025626699	0	0	0	0	0	0	0	0	0	0	0	0	0	0	0
S(0,4)Contrast	678.5516	0	0	0	0	0	0	0	0	0	0	0	0	0	0	0
S(0,4)Correlat	0.0022556572	0	0	0	0	0	0	0	0	0	0	0	0	0	0	0
S(0,4)SumOfSqs	340.04282	0	0	0	0	0	0	0	0	0	0	0	0	0	0	0
S(0,4)InvDfMom	0.04708854	0	0	0	0	0	0	0	0	0	0	0	0	0	0	0
S(0,4)SumAverg	67.111499	0	0	0	0	0	0	0	0	0	0	0	0	0	0	0
S(0,4)SumVarnc	681.61968	0	0	0	0	0	0	0	0	0	0	0	0	0	0	0
S(0,4)SumEntrp	2.0225231	0	0	0	0	0	0	0	0	0	0	0	0	0	0	0
S(0,4)Entropy	3.601614	0	0	0	0	0	0	0	0	0	0	0	0	0	0	0
S(0,4)DifVarnc	225.84142	0	0	0	0	0	0	0	0	0	0	0	0	0	0	0
S(0,4)DifEntrp	1.7257803	0	0	0	0	0	0	0	0	0	0	0	0	0	0	0
_Area_S(4,4)	127008	0	0	0	0	0	0	0	0	0	0	0	0	0	0	0
S(4,4)AngScMom	0.00025687792	0	0	0	0	0	0	0	0	0	0	0	0	0	0	0
S(4,4)Contrast	675.19808	0	0	0	0	0	0	0	0	0	0	0	0	0	0	0
S(4,4)Correlat	0.0076744289	0	0	0	0	0	0	0	0	0	0	0	0	0	0	0
S(4,4)SumOfSqs	340.20996	0	0	0	0	0	0	0	0	0	0	0	0	0	0	0
S(4,4)InvDfMom	0.047809217	0	0	0	0	0	0	0	0	0	0	0	0	0	0	0
S(4,4)SumAverg	67.113583	0	0	0	0	0	0	0	0	0	0	0	0	0	0	0
S(4,4)SumVarnc	685.64175	0	0	0	0	0	0	0	0	0	0	0	0	0	0	0
S(4,4)SumEntrp	2.0236795	0	0	0	0	0	0	0	0	0	0	0	0	0	0	0
S(4,4)Entropy	3.6010242	0	0	0	0	0	0	0	0	0	0	0	0	0	0	0
S(4,4)DifVarnc	226.85093	0	0	0	0	0	0	0	0	0	0	0	0	0	0	0
S(4,4)DifEntrp	1.7248337	0	0	0	0	0	0	0	0	0	0	0	0	0	0	0
_Area_S(4,-4)	127008	0	0	0	0	0	0	0	0	0	0	0	0	0	0	0
S(4,-4)AngScMom	0.00025631888	0	0	0	0	0	0	0	0	0	0	0	0	0	0	0
S(4,-4)Contrast	672.89409	0	0	0	0	0	0	0	0	0	0	0	0	0	0	0
S(4,-4)Correlat	0.010988655	0	0	0	0	0	0	0	0	0	0	0	0	0	0	0
S(4,-4)SumOfSqs	340.18522	0	0	0	0	0	0	0	0	0	0	0	0	0	0	0
S(4,-4)InvDfMom	0.047234152	0	0	0	0	0	0	0	0	0	0	0	0	0	0	0
S(4,-4)SumAverg	67.115489	0	0	0	0	0	0	0	0	0	0	0	0	0	0	0
S(4,-4)SumVarnc	687.8468	0	0	0	0	0	0	0	0	0	0	0	0	0	0	0
S(4,-4)SumEntrp	2.0238839	0	0	0	0	0	0	0	0	0	0	0	0	0	0	0
S(4,-4)Entropy	3.6015281	0	0	0	0	0	0	0	0	0	0	0	0	0	0	0
S(4,-4)DifVarnc	224.93563	0	0	0	0	0	0	0	0	0	0	0	0	0	0	0
S(4,-4)DifEntrp	1.7242257	0	0	0	0	0	0	0	0	0	0	0	0	0	0	0
_Area_S(5,0)	128512	0	0	0	0	0	0	0	0	0	0	0	0	0	0	0
S(5,0)AngScMom	0.00025648685	0	0	0	0	0	0	0	0	0	0	0	0	0	0	0
S(5,0)Contrast	673.598	0	0	0	0	0	0	0	0	0	0	0	0	0	0	0
S(5,0)Correlat	0.011174086	0	0	0	0	0	0	0	0	0	0	0	0	0	0	0
S(5,0)SumOfSqs	340.60495	0	0	0	0	0	0	0	0	0	0	0	0	0	0	0
S(5,0)InvDfMom	0.047167944	0	0	0	0	0	0	0	0	0	0	0	0	0	0	0
S(5,0)SumAverg	67.081782	0	0	0	0	0	0	0	0	0	0	0	0	0	0	0
S(5,0)SumVarnc	688.82179	0	0	0	0	0	0	0	0	0	0	0	0	0	0	0
S(5,0)SumEntrp	2.0244395	0	0	0	0	0	0	0	0	0	0	0	0	0	0	0
S(5,0)Entropy	3.6015057	0	0	0	0	0	0	0	0	0	0	0	0	0	0	0
S(5,0)DifVarnc	223.93243	0	0	0	0	0	0	0	0	0	0	0	0	0	0	0
S(5,0)DifEntrp	1.7244633	0	0	0	0	0	0	0	0	0	0	0	0	0	0	0
_Area_S(0,5)	128512	0	0	0	0	0	0	0	0	0	0	0	0	0	0	0
S(0,5)AngScMom	0.00025609473	0	0	0	0	0	0	0	0	0	0	0	0	0	0	0
S(0,5)Contrast	679.53027	0	0	0	0	0	0	0	0	0	0	0	0	0	0	0
S(0,5)Correlat	0.00083807599	0	0	0	0	0	0	0	0	0	0	0	0	0	0	0
S(0,5)SumOfSqs	340.05012	0	0	0	0	0	0	0	0	0	0	0	0	0	0	0
S(0,5)InvDfMom	0.047071102	0	0	0	0	0	0	0	0	0	0	0	0	0	0	0
S(0,5)SumAverg	67.112503	0	0	0	0	0	0	0	0	0	0	0	0	0	0	0
S(0,5)SumVarnc	680.67022	0	0	0	0	0	0	0	0	0	0	0	0	0	0	0
S(0,5)SumEntrp	2.0222253	0	0	0	0	0	0	0	0	0	0	0	0	0	0	0
S(0,5)Entropy	3.601699	0	0	0	0	0	0	0	0	0	0	0	0	0	0	0
S(0,5)DifVarnc	226.83008	0	0	0	0	0	0	0	0	0	0	0	0	0	0	0
S(0,5)DifEntrp	1.7259479	0	0	0	0	0	0	0	0	0	0	0	0	0	0	0
_Area_S(5,5)	126002	0	0	0	0	0	0	0	0	0	0	0	0	0	0	0
S(5,5)AngScMom	0.00025600283	0	0	0	0	0	0	0	0	0	0	0	0	0	0	0
S(5,5)Contrast	678.12208	0	0	0	0	0	0	0	0	0	0	0	0	0	0	0
S(5,5)Correlat	0.0036674687	0	0	0	0	0	0	0	0	0	0	0	0	0	0	0
S(5,5)SumOfSqs	340.30911	0	0	0	0	0	0	0	0	0	0	0	0	0	0	0
S(5,5)InvDfMom	0.046890193	0	0	0	0	0	0	0	0	0	0	0	0	0	0	0
S(5,5)SumAverg	67.112093	0	0	0	0	0	0	0	0	0	0	0	0	0	0	0
S(5,5)SumVarnc	683.11437	0	0	0	0	0	0	0	0	0	0	0	0	0	0	0
S(5,5)SumEntrp	2.0228714	0	0	0	0	0	0	0	0	0	0	0	0	0	0	0
S(5,5)Entropy	3.6018057	0	0	0	0	0	0	0	0	0	0	0	0	0	0	0
S(5,5)DifVarnc	226.39783	0	0	0	0	0	0	0	0	0	0	0	0	0	0	0
S(5,5)DifEntrp	1.7254374	0	0	0	0	0	0	0	0	0	0	0	0	0	0	0
_Area_S(5,-5)	126002	0	0	0	0	0	0	0	0	0	0	0	0	0	0	0
S(5,-5)AngScMom	0.00025630454	0	0	0	0	0	0	0	0	0	0	0	0	0	0	0
S(5,-5)Contrast	682.18866	0	0	0	0	0	0	0	0	0	0	0	0	0	0	0
S(5,-5)Correlat	-0.0023950217	0	0	0	0	0	0	0	0	0	0	0	0	0	0	0
S(5,-5)SumOfSqs	340.27936	0	0	0	0	0	0	0	0	0	0	0	0	0	0	0
S(5,-5)InvDfMom	0.047494037	0	0	0	0	0	0	0	0	0	0	0	0	0	0	0
S(5,-5)SumAverg	67.113411	0	0	0	0	0	0	0	0	0	0	0	0	0	0	0
S(5,-5)SumVarnc	678.92876	0	0	0	0	0	0	0	0	0	0	0	0	0	0	0
S(5,-5)SumEntrp	2.0217508	0	0	0	0	0	0	0	0	0	0	0	0	0	0	0
S(5,-5)Entropy	3.6015685	0	0	0	0	0	0	0	0	0	0	0	0	0	0	0
S(5,-5)DifVarnc	228.24797	0	0	0	0	0	0	0	0	0	0	0	0	0	0	0
S(5,-5)DifEntrp	1.7268388	0	0	0	0	0	0	0	0	0	0	0	0	0	0	0
Horzl_RLNonUni	61721.614	0	0	0	0	0	0	0	0	0	0	0	0	0	0	0
Horzl_GLevNonU	1011.9345	0	0	0	0	0	0	0	0	0	0	0	0	0	0	0
Horzl_LngREmph	1.0623424	0	0	0	0	0	0	0	0	0	0	0	0	0	0	0
Horzl_ShrtREmp	0.98502108	0	0	0	0	0	0	0	0	0	0	0	0	0	0	0
Horzl_Fraction	0.98001099	0	0	0	0	0	0	0	0	0	0	0	0	0	0	0
Vertl_RLNonUni	62470.022	0	0	0	0	0	0	0	0	0	0	0	0	0	0	0
Vertl_GLevNonU	1016.4273	0	0	0	0	0	0	0	0	0	0	0	0	0	0	0
Vertl_LngREmph	1.049279	0	0	0	0	0	0	0	0	0	0	0	0	0	0	0
Vertl_ShrtREmp	0.98802484	0	0	0	0	0	0	0	0	0	0	0	0	0	0	0
Vertl_Fraction	0.98403931	0	0	0	0	0	0	0	0	0	0	0	0	0	0	0
45dgr_RLNonUni	62475.019	0	0	0	0	0	0	0	0	0	0	0	0	0	0	0
45dgr_GLevNonU	1016.6628	0	0	0	0	0	0	0	0	0	0	0	0	0	0	0
45dgr_LngREmph	1.0490751	0	0	0	0	0	0	0	0	0	0	0	0	0	0	0
45dgr_ShrtREmp	0.98804134	0	0	0	0	0	0	0	0	0	0	0	0	0	0	0
45dgr_Fraction	0.98408508	0	0	0	0	0	0	0	0	0	0	0	0	0	0	0
135dr_RLNonUni	62398.692	0	0	0	0	0	0	0	0	0	0	0	0	0	0	0
135dr_GLevNonU	1016.0197	0	0	0	0	0	0	0	0	0	0	0	0	0	0	0
135dr_LngREmph	1.0503048	0	0	0	0	0	0	0	0	0	0	0	0	0	0	0
135dr_ShrtREmp	0.98773403	0	0	0	0	0	0	0	0	0	0	0	0	0	0	0
135dr_Fraction	0.98368835	0	0	0	0	0	0	0	0	0	0	0	0	0	0	0
_AreaGr	64516	0	0	0	0	0	0	0	0	0	0	0	0	0	0	0
GrMean	8.2154976	0	0	0	0	0	0	0	0	0	0	0	0	0	0	0
GrVariance	15.415451	0	0	0	0	0	0	0	0	0	0	0	0	0	0	0
GrSkewness	0.187685	0	0	0	0	0	0	0	0	0	0	0	0	0	0	0
GrKurtosis	-0.64443152	0	0	0	0	0	0	0	0	0	0	0	0	0	0	0
GrNonZeros	0.99558249	0	0	0	0	0	0	0	0	0	0	0	0	0	0	0
_AreaARM	64770	0	0	0	0	0	0	0	0	0	0	0	0	0	0	0
Teta1	0.066165314	0	0	0	0	0	0	0	0	0	0	0	0	0	0	0
Teta2	-0.0029000734	0	0	0	0	0	0	0	0	0	0	0	0	0	0	0
Teta3	-0.001881742	0	0	0	0	0	0	0	0	0	0	0	0	0	0	0
Teta4	0.0040090507	0	0	0	0	0	0	0	0	0	0	0	0	0	0	0
Sigma	0.99699002	0	0	0	0	0	0	0	0	0	0	0	0	0	0	0
WavEnLL_s-1	18815.948	0	0	0	0	0	0	0	0	0	0	0	0	0	0	0
WavEnLH_s-1	1445.9227	0	0	0	0	0	0	0	0	0	0	0	0	0	0	0
WavEnHL_s-1	1244.5585	0	0	0	0	0	0	0	0	0	0	0	0	0	0	0
WavEnHH_s-1	1295.9695	0	0	0	0	0	0	0	0	0	0	0	0	0	0	0
WavEnLL_s-2	17743.613	0	0	0	0	0	0	0	0	0	0	0	0	0	0	0
WavEnLH_s-2	398.07641	0	0	0	0	0	0	0	0	0	0	0	0	0	0	0
WavEnHL_s-2	341.5606	0	0	0	0	0	0	0	0	0	0	0	0	0	0	0
WavEnHH_s-2	332.69798	0	0	0	0	0	0	0	0	0	0	0	0	0	0	0
WavEnLL_s-3	17457.793	0	0	0	0	0	0	0	0	0	0	0	0	0	0	0
WavEnLH_s-3	101.34778	0	0	0	0	0	0	0	0	0	0	0	0	0	0	0
WavEnHL_s-3	97.345481	0	0	0	0	0	0	0	0	0	0	0	0	0	0	0
WavEnHH_s-3	87.127532	0	0	0	0	0	0	0	0	0	0	0	0	0	0	0
WavEnLL_s-4	17379.799	0	0	0	0	0	0	0	0	0	0	0	0	0	0	0
WavEnLH_s-4	26.113404	0	0	0	0	0	0	0	0	0	0	0	0	0	0	0
WavEnHL_s-4	25.943627	0	0	0	0	0	0	0	0	0	0	0	0	0	0	0
WavEnHH_s-4	25.936404	0	0	0	0	0	0	0	0	0	0	0	0	0	0	0
