Image File: stone1-a-p038.png 
ROI File: allred.roi 
Image size: 256 x 256
Min. lum.: 1
Max. lum.: 256
Bits/pixel: 8

Normalisation =  No
Histogram analysis = Yes
CO matrix analysis = Yes, Dimensions = 6 x 6, Distances = 1 2 3 4 5
RL matrix analysis = Yes, Dimension = 6
Gradient analysis = Yes, Max pixel value = 16
AR model analysis = Yes
Wavelet analysis = Yes

--------------- CLASS NAMES ----------------

----------------- FEATURES -----------------
_Area	65536	0	0	0	0	0	0	0	0	0	0	0	0	0	0	0
Mean	128.86656	0	0	0	0	0	0	0	0	0	0	0	0	0	0	0
Variance	5639.7927	0	0	0	0	0	0	0	0	0	0	0	0	0	0	0
Skewness	-0.016332672	0	0	0	0	0	0	0	0	0	0	0	0	0	0	0
Kurtosis	-1.2178495	0	0	0	0	0	0	0	0	0	0	0	0	0	0	0
Perc.01%	2	0	0	0	0	0	0	0	0	0	0	0	0	0	0	0
Perc.10%	25	0	0	0	0	0	0	0	0	0	0	0	0	0	0	0
Perc.50%	129	0	0	0	0	0	0	0	0	0	0	0	0	0	0	0
Perc.90%	232	0	0	0	0	0	0	0	0	0	0	0	0	0	0	0
Perc.99%	254	0	0	0	0	0	0	0	0	0	0	0	0	0	0	0
_Area_S(1,0)	130560	0	0	0	0	0	0	0	0	0	0	0	0	0	0	0
S(1,0)AngScMom	0.0002631927	0	0	0	0	0	0	0	0	0	0	0	0	0	0	0
S(1,0)Contrast	664.01679	0	0	0	0	0	0	0	0	0	0	0	0	0	0	0
S(1,0)Correlat	0.056414478	0	0	0	0	0	0	0	0	0	0	0	0	0	0	0
S(1,0)SumOfSqs	351.8583	0	0	0	0	0	0	0	0	0	0	0	0	0	0	0
S(1,0)InvDfMom	0.052255813	0	0	0	0	0	0	0	0	0	0	0	0	0	0	0
S(1,0)SumAverg	65.188419	0	0	0	0	0	0	0	0	0	0	0	0	0	0	0
S(1,0)SumVarnc	743.4164	0	0	0	0	0	0	0	0	0	0	0	0	0	0	0
S(1,0)SumEntrp	2.0389169	0	0	0	0	0	0	0	0	0	0	0	0	0	0	0
S(1,0)Entropy	3.5964483	0	0	0	0	0	0	0	0	0	0	0	0	0	0	0
S(1,0)DifVarnc	226.5688	0	0	0	0	0	0	0	0	0	0	0	0	0	0	0
S(1,0)DifEntrp	1.7214261	0	0	0	0	0	0	0	0	0	0	0	0	0	0	0
_Area_S(0,1)	130560	0	0	0	0	0	0	0	0	0	0	0	0	0	0	0
S(0,1)AngScMom	0.00025591565	0	0	0	0	0	0	0	0	0	0	0	0	0	0	0
S(0,1)Contrast	702.3843	0	0	0	0	0	0	0	0	0	0	0	0	0	0	0
S(0,1)Correlat	0.0013545567	0	0	0	0	0	0	0	0	0	0	0	0	0	0	0
S(0,1)SumOfSqs	351.6685	0	0	0	0	0	0	0	0	0	0	0	0	0	0	0
S(0,1)InvDfMom	0.046563847	0	0	0	0	0	0	0	0	0	0	0	0	0	0	0
S(0,1)SumAverg	65.182583	0	0	0	0	0	0	0	0	0	0	0	0	0	0	0
S(0,1)SumVarnc	704.28972	0	0	0	0	0	0	0	0	0	0	0	0	0	0	0
S(0,1)SumEntrp	2.0286219	0	0	0	0	0	0	0	0	0	0	0	0	0	0	0
S(0,1)Entropy	3.6019592	0	0	0	0	0	0	0	0	0	0	0	0	0	0	0
S(0,1)DifVarnc	234.73506	0	0	0	0	0	0	0	0	0	0	0	0	0	0	0
S(0,1)DifEntrp	1.7323517	0	0	0	0	0	0	0	0	0	0	0	0	0	0	0
_Area_S(1,1)	130050	0	0	0	0	0	0	0	0	0	0	0	0	0	0	0
S(1,1)AngScMom	0.00025585203	0	0	0	0	0	0	0	0	0	0	0	0	0	0	0
S(1,1)Contrast	705.97344	0	0	0	0	0	0	0	0	0	0	0	0	0	0	0
S(1,1)Correlat	-0.0037472084	0	0	0	0	0	0	0	0	0	0	0	0	0	0	0
S(1,1)SumOfSqs	351.66894	0	0	0	0	0	0	0	0	0	0	0	0	0	0	0
S(1,1)InvDfMom	0.046301025	0	0	0	0	0	0	0	0	0	0	0	0	0	0	0
S(1,1)SumAverg	65.188266	0	0	0	0	0	0	0	0	0	0	0	0	0	0	0
S(1,1)SumVarnc	700.70233	0	0	0	0	0	0	0	0	0	0	0	0	0	0	0
S(1,1)SumEntrp	2.0276929	0	0	0	0	0	0	0	0	0	0	0	0	0	0	0
S(1,1)Entropy	3.6020262	0	0	0	0	0	0	0	0	0	0	0	0	0	0	0
S(1,1)DifVarnc	235.28732	0	0	0	0	0	0	0	0	0	0	0	0	0	0	0
S(1,1)DifEntrp	1.7327495	0	0	0	0	0	0	0	0	0	0	0	0	0	0	0
_Area_S(1,-1)	130050	0	0	0	0	0	0	0	0	0	0	0	0	0	0	0
S(1,-1)AngScMom	0.00025587804	0	0	0	0	0	0	0	0	0	0	0	0	0	0	0
S(1,-1)Contrast	701.97419	0	0	0	0	0	0	0	0	0	0	0	0	0	0	0
S(1,-1)Correlat	0.0019383757	0	0	0	0	0	0	0	0	0	0	0	0	0	0	0
S(1,-1)SumOfSqs	351.66876	0	0	0	0	0	0	0	0	0	0	0	0	0	0	0
S(1,-1)InvDfMom	0.046133312	0	0	0	0	0	0	0	0	0	0	0	0	0	0	0
S(1,-1)SumAverg	65.18822	0	0	0	0	0	0	0	0	0	0	0	0	0	0	0
S(1,-1)SumVarnc	704.70086	0	0	0	0	0	0	0	0	0	0	0	0	0	0	0
S(1,-1)SumEntrp	2.0286091	0	0	0	0	0	0	0	0	0	0	0	0	0	0	0
S(1,-1)Entropy	3.6019029	0	0	0	0	0	0	0	0	0	0	0	0	0	0	0
S(1,-1)DifVarnc	234.41446	0	0	0	0	0	0	0	0	0	0	0	0	0	0	0
S(1,-1)DifEntrp	1.7317751	0	0	0	0	0	0	0	0	0	0	0	0	0	0	0
_Area_S(2,0)	130048	0	0	0	0	0	0	0	0	0	0	0	0	0	0	0
S(2,0)AngScMom	0.00025684686	0	0	0	0	0	0	0	0	0	0	0	0	0	0	0
S(2,0)Contrast	689.13078	0	0	0	0	0	0	0	0	0	0	0	0	0	0	0
S(2,0)Correlat	0.021061429	0	0	0	0	0	0	0	0	0	0	0	0	0	0	0
S(2,0)SumOfSqs	351.97856	0	0	0	0	0	0	0	0	0	0	0	0	0	0	0
S(2,0)InvDfMom	0.047925049	0	0	0	0	0	0	0	0	0	0	0	0	0	0	0
S(2,0)SumAverg	65.186916	0	0	0	0	0	0	0	0	0	0	0	0	0	0	0
S(2,0)SumVarnc	718.78347	0	0	0	0	0	0	0	0	0	0	0	0	0	0	0
S(2,0)SumEntrp	2.0328597	0	0	0	0	0	0	0	0	0	0	0	0	0	0	0
S(2,0)Entropy	3.6013419	0	0	0	0	0	0	0	0	0	0	0	0	0	0	0
S(2,0)DifVarnc	231.37191	0	0	0	0	0	0	0	0	0	0	0	0	0	0	0
S(2,0)DifEntrp	1.7285373	0	0	0	0	0	0	0	0	0	0	0	0	0	0	0
_Area_S(0,2)	130048	0	0	0	0	0	0	0	0	0	0	0	0	0	0	0
S(0,2)AngScMom	0.00025533141	0	0	0	0	0	0	0	0	0	0	0	0	0	0	0
S(0,2)Contrast	701.67263	0	0	0	0	0	0	0	0	0	0	0	0	0	0	0
S(0,2)Correlat	0.0023104699	0	0	0	0	0	0	0	0	0	0	0	0	0	0	0
S(0,2)SumOfSqs	351.64879	0	0	0	0	0	0	0	0	0	0	0	0	0	0	0
S(0,2)InvDfMom	0.046632885	0	0	0	0	0	0	0	0	0	0	0	0	0	0	0
S(0,2)SumAverg	65.166415	0	0	0	0	0	0	0	0	0	0	0	0	0	0	0
S(0,2)SumVarnc	704.92252	0	0	0	0	0	0	0	0	0	0	0	0	0	0	0
S(0,2)SumEntrp	2.0288291	0	0	0	0	0	0	0	0	0	0	0	0	0	0	0
S(0,2)Entropy	3.6024552	0	0	0	0	0	0	0	0	0	0	0	0	0	0	0
S(0,2)DifVarnc	234.18032	0	0	0	0	0	0	0	0	0	0	0	0	0	0	0
S(0,2)DifEntrp	1.7320162	0	0	0	0	0	0	0	0	0	0	0	0	0	0	0
_Area_S(2,2)	129032	0	0	0	0	0	0	0	0	0	0	0	0	0	0	0
S(2,2)AngScMom	0.00025626393	0	0	0	0	0	0	0	0	0	0	0	0	0	0	0
S(2,2)Contrast	701.64418	0	0	0	0	0	0	0	0	0	0	0	0	0	0	0
S(2,2)Correlat	0.0026783557	0	0	0	0	0	0	0	0	0	0	0	0	0	0	0
S(2,2)SumOfSqs	351.76424	0	0	0	0	0	0	0	0	0	0	0	0	0	0	0
S(2,2)InvDfMom	0.047514038	0	0	0	0	0	0	0	0	0	0	0	0	0	0	0
S(2,2)SumAverg	65.170934	0	0	0	0	0	0	0	0	0	0	0	0	0	0	0
S(2,2)SumVarnc	705.41278	0	0	0	0	0	0	0	0	0	0	0	0	0	0	0
S(2,2)SumEntrp	2.0290797	0	0	0	0	0	0	0	0	0	0	0	0	0	0	0
S(2,2)Entropy	3.6016221	0	0	0	0	0	0	0	0	0	0	0	0	0	0	0
S(2,2)DifVarnc	235.06383	0	0	0	0	0	0	0	0	0	0	0	0	0	0	0
S(2,2)DifEntrp	1.7322102	0	0	0	0	0	0	0	0	0	0	0	0	0	0	0
_Area_S(2,-2)	129032	0	0	0	0	0	0	0	0	0	0	0	0	0	0	0
S(2,-2)AngScMom	0.00025567003	0	0	0	0	0	0	0	0	0	0	0	0	0	0	0
S(2,-2)Contrast	700.73813	0	0	0	0	0	0	0	0	0	0	0	0	0	0	0
S(2,-2)Correlat	0.0039896254	0	0	0	0	0	0	0	0	0	0	0	0	0	0	0
S(2,-2)SumOfSqs	351.7725	0	0	0	0	0	0	0	0	0	0	0	0	0	0	0
S(2,-2)InvDfMom	0.046005656	0	0	0	0	0	0	0	0	0	0	0	0	0	0	0
S(2,-2)SumAverg	65.170547	0	0	0	0	0	0	0	0	0	0	0	0	0	0	0
S(2,-2)SumVarnc	706.35189	0	0	0	0	0	0	0	0	0	0	0	0	0	0	0
S(2,-2)SumEntrp	2.0292022	0	0	0	0	0	0	0	0	0	0	0	0	0	0	0
S(2,-2)Entropy	3.602164	0	0	0	0	0	0	0	0	0	0	0	0	0	0	0
S(2,-2)DifVarnc	232.73375	0	0	0	0	0	0	0	0	0	0	0	0	0	0	0
S(2,-2)DifEntrp	1.7318058	0	0	0	0	0	0	0	0	0	0	0	0	0	0	0
_Area_S(3,0)	129536	0	0	0	0	0	0	0	0	0	0	0	0	0	0	0
S(3,0)AngScMom	0.00025673153	0	0	0	0	0	0	0	0	0	0	0	0	0	0	0
S(3,0)Contrast	695.9423	0	0	0	0	0	0	0	0	0	0	0	0	0	0	0
S(3,0)Correlat	0.011338297	0	0	0	0	0	0	0	0	0	0	0	0	0	0	0
S(3,0)SumOfSqs	351.9618	0	0	0	0	0	0	0	0	0	0	0	0	0	0	0
S(3,0)InvDfMom	0.048498559	0	0	0	0	0	0	0	0	0	0	0	0	0	0	0
S(3,0)SumAverg	65.193815	0	0	0	0	0	0	0	0	0	0	0	0	0	0	0
S(3,0)SumVarnc	711.90489	0	0	0	0	0	0	0	0	0	0	0	0	0	0	0
S(3,0)SumEntrp	2.0310662	0	0	0	0	0	0	0	0	0	0	0	0	0	0	0
S(3,0)Entropy	3.6012574	0	0	0	0	0	0	0	0	0	0	0	0	0	0	0
S(3,0)DifVarnc	233.92398	0	0	0	0	0	0	0	0	0	0	0	0	0	0	0
S(3,0)DifEntrp	1.7304593	0	0	0	0	0	0	0	0	0	0	0	0	0	0	0
_Area_S(0,3)	129536	0	0	0	0	0	0	0	0	0	0	0	0	0	0	0
S(0,3)AngScMom	0.00025579599	0	0	0	0	0	0	0	0	0	0	0	0	0	0	0
S(0,3)Contrast	703.56939	0	0	0	0	0	0	0	0	0	0	0	0	0	0	0
S(0,3)Correlat	-0.00047975579	0	0	0	0	0	0	0	0	0	0	0	0	0	0	0
S(0,3)SumOfSqs	351.616	0	0	0	0	0	0	0	0	0	0	0	0	0	0	0
S(0,3)InvDfMom	0.046889786	0	0	0	0	0	0	0	0	0	0	0	0	0	0	0
S(0,3)SumAverg	65.148839	0	0	0	0	0	0	0	0	0	0	0	0	0	0	0
S(0,3)SumVarnc	702.89463	0	0	0	0	0	0	0	0	0	0	0	0	0	0	0
S(0,3)SumEntrp	2.0283053	0	0	0	0	0	0	0	0	0	0	0	0	0	0	0
S(0,3)Entropy	3.6021447	0	0	0	0	0	0	0	0	0	0	0	0	0	0	0
S(0,3)DifVarnc	234.95599	0	0	0	0	0	0	0	0	0	0	0	0	0	0	0
S(0,3)DifEntrp	1.7326812	0	0	0	0	0	0	0	0	0	0	0	0	0	0	0
_Area_S(3,3)	128018	0	0	0	0	0	0	0	0	0	0	0	0	0	0	0
S(3,3)AngScMom	0.0002563588	0	0	0	0	0	0	0	0	0	0	0	0	0	0	0
S(3,3)Contrast	704.20875	0	0	0	0	0	0	0	0	0	0	0	0	0	0	0
S(3,3)Correlat	-0.0011198265	0	0	0	0	0	0	0	0	0	0	0	0	0	0	0
S(3,3)SumOfSqs	351.71052	0	0	0	0	0	0	0	0	0	0	0	0	0	0	0
S(3,3)InvDfMom	0.045984466	0	0	0	0	0	0	0	0	0	0	0	0	0	0	0
S(3,3)SumAverg	65.161524	0	0	0	0	0	0	0	0	0	0	0	0	0	0	0
S(3,3)SumVarnc	702.63333	0	0	0	0	0	0	0	0	0	0	0	0	0	0	0
S(3,3)SumEntrp	2.0281666	0	0	0	0	0	0	0	0	0	0	0	0	0	0	0
S(3,3)Entropy	3.6015164	0	0	0	0	0	0	0	0	0	0	0	0	0	0	0
S(3,3)DifVarnc	234.15595	0	0	0	0	0	0	0	0	0	0	0	0	0	0	0
S(3,3)DifEntrp	1.732681	0	0	0	0	0	0	0	0	0	0	0	0	0	0	0
_Area_S(3,-3)	128018	0	0	0	0	0	0	0	0	0	0	0	0	0	0	0
S(3,-3)AngScMom	0.00025588909	0	0	0	0	0	0	0	0	0	0	0	0	0	0	0
S(3,-3)Contrast	702.38984	0	0	0	0	0	0	0	0	0	0	0	0	0	0	0
S(3,-3)Correlat	0.0015242008	0	0	0	0	0	0	0	0	0	0	0	0	0	0	0
S(3,-3)SumOfSqs	351.73103	0	0	0	0	0	0	0	0	0	0	0	0	0	0	0
S(3,-3)InvDfMom	0.04686918	0	0	0	0	0	0	0	0	0	0	0	0	0	0	0
S(3,-3)SumAverg	65.161227	0	0	0	0	0	0	0	0	0	0	0	0	0	0	0
S(3,-3)SumVarnc	704.53427	0	0	0	0	0	0	0	0	0	0	0	0	0	0	0
S(3,-3)SumEntrp	2.0288998	0	0	0	0	0	0	0	0	0	0	0	0	0	0	0
S(3,-3)Entropy	3.6020127	0	0	0	0	0	0	0	0	0	0	0	0	0	0	0
S(3,-3)DifVarnc	234.89354	0	0	0	0	0	0	0	0	0	0	0	0	0	0	0
S(3,-3)DifEntrp	1.732068	0	0	0	0	0	0	0	0	0	0	0	0	0	0	0
_Area_S(4,0)	129024	0	0	0	0	0	0	0	0	0	0	0	0	0	0	0
S(4,0)AngScMom	0.00025631998	0	0	0	0	0	0	0	0	0	0	0	0	0	0	0
S(4,0)Contrast	695.41296	0	0	0	0	0	0	0	0	0	0	0	0	0	0	0
S(4,0)Correlat	0.012113536	0	0	0	0	0	0	0	0	0	0	0	0	0	0	0
S(4,0)SumOfSqs	351.97008	0	0	0	0	0	0	0	0	0	0	0	0	0	0	0
S(4,0)InvDfMom	0.047037237	0	0	0	0	0	0	0	0	0	0	0	0	0	0	0
S(4,0)SumAverg	65.192073	0	0	0	0	0	0	0	0	0	0	0	0	0	0	0
S(4,0)SumVarnc	712.46737	0	0	0	0	0	0	0	0	0	0	0	0	0	0	0
S(4,0)SumEntrp	2.0307373	0	0	0	0	0	0	0	0	0	0	0	0	0	0	0
S(4,0)Entropy	3.601609	0	0	0	0	0	0	0	0	0	0	0	0	0	0	0
S(4,0)DifVarnc	232.78762	0	0	0	0	0	0	0	0	0	0	0	0	0	0	0
S(4,0)DifEntrp	1.7301322	0	0	0	0	0	0	0	0	0	0	0	0	0	0	0
_Area_S(0,4)	129024	0	0	0	0	0	0	0	0	0	0	0	0	0	0	0
S(0,4)AngScMom	0.00025545533	0	0	0	0	0	0	0	0	0	0	0	0	0	0	0
S(0,4)Contrast	704.37821	0	0	0	0	0	0	0	0	0	0	0	0	0	0	0
S(0,4)Correlat	-0.0017688938	0	0	0	0	0	0	0	0	0	0	0	0	0	0	0
S(0,4)SumOfSqs	351.56722	0	0	0	0	0	0	0	0	0	0	0	0	0	0	0
S(0,4)InvDfMom	0.04637538	0	0	0	0	0	0	0	0	0	0	0	0	0	0	0
S(0,4)SumAverg	65.137416	0	0	0	0	0	0	0	0	0	0	0	0	0	0	0
S(0,4)SumVarnc	701.89067	0	0	0	0	0	0	0	0	0	0	0	0	0	0	0
S(0,4)SumEntrp	2.0280141	0	0	0	0	0	0	0	0	0	0	0	0	0	0	0
S(0,4)Entropy	3.6023401	0	0	0	0	0	0	0	0	0	0	0	0	0	0	0
S(0,4)DifVarnc	234.82696	0	0	0	0	0	0	0	0	0	0	0	0	0	0	0
S(0,4)DifEntrp	1.7324477	0	0	0	0	0	0	0	0	0	0	0	0	0	0	0
_Area_S(4,4)	127008	0	0	0	0	0	0	0	0	0	0	0	0	0	0	0
S(4,4)AngScMom	0.00025607339	0	0	0	0	0	0	0	0	0	0	0	0	0	0	0
S(4,4)Contrast	703.19055	0	0	0	0	0	0	0	0	0	0	0	0	0	0	0
S(4,4)Correlat	0.00023270982	0	0	0	0	0	0	0	0	0	0	0	0	0	0	0
S(4,4)SumOfSqs	351.67712	0	0	0	0	0	0	0	0	0	0	0	0	0	0	0
S(4,4)InvDfMom	0.045384977	0	0	0	0	0	0	0	0	0	0	0	0	0	0	0
S(4,4)SumAverg	65.147503	0	0	0	0	0	0	0	0	0	0	0	0	0	0	0
S(4,4)SumVarnc	703.51791	0	0	0	0	0	0	0	0	0	0	0	0	0	0	0
S(4,4)SumEntrp	2.0284889	0	0	0	0	0	0	0	0	0	0	0	0	0	0	0
S(4,4)Entropy	3.601744	0	0	0	0	0	0	0	0	0	0	0	0	0	0	0
S(4,4)DifVarnc	234.21751	0	0	0	0	0	0	0	0	0	0	0	0	0	0	0
S(4,4)DifEntrp	1.7317844	0	0	0	0	0	0	0	0	0	0	0	0	0	0	0
_Area_S(4,-4)	127008	0	0	0	0	0	0	0	0	0	0	0	0	0	0	0
S(4,-4)AngScMom	0.00025631429	0	0	0	0	0	0	0	0	0	0	0	0	0	0	0
S(4,-4)Contrast	702.22991	0	0	0	0	0	0	0	0	0	0	0	0	0	0	0
S(4,-4)Correlat	0.0015825466	0	0	0	0	0	0	0	0	0	0	0	0	0	0	0
S(4,-4)SumOfSqs	351.67149	0	0	0	0	0	0	0	0	0	0	0	0	0	0	0
S(4,-4)InvDfMom	0.046436308	0	0	0	0	0	0	0	0	0	0	0	0	0	0	0
S(4,-4)SumAverg	65.147991	0	0	0	0	0	0	0	0	0	0	0	0	0	0	0
S(4,-4)SumVarnc	704.45605	0	0	0	0	0	0	0	0	0	0	0	0	0	0	0
S(4,-4)SumEntrp	2.0286021	0	0	0	0	0	0	0	0	0	0	0	0	0	0	0
S(4,-4)Entropy	3.601595	0	0	0	0	0	0	0	0	0	0	0	0	0	0	0
S(4,-4)DifVarnc	233.72939	0	0	0	0	0	0	0	0	0	0	0	0	0	0	0
S(4,-4)DifEntrp	1.7322012	0	0	0	0	0	0	0	0	0	0	0	0	0	0	0
_Area_S(5,0)	128512	0	0	0	0	0	0	0	0	0	0	0	0	0	0	0
S(5,0)AngScMom	0.00025615939	0	0	0	0	0	0	0	0	0	0	0	0	0	0	0
S(5,0)Contrast	696.37645	0	0	0	0	0	0	0	0	0	0	0	0	0	0	0
S(5,0)Correlat	0.010754579	0	0	0	0	0	0	0	0	0	0	0	0	0	0	0
S(5,0)SumOfSqs	351.97355	0	0	0	0	0	0	0	0	0	0	0	0	0	0	0
S(5,0)InvDfMom	0.047675528	0	0	0	0	0	0	0	0	0	0	0	0	0	0	0
S(5,0)SumAverg	65.196853	0	0	0	0	0	0	0	0	0	0	0	0	0	0	0
S(5,0)SumVarnc	711.51776	0	0	0	0	0	0	0	0	0	0	0	0	0	0	0
S(5,0)SumEntrp	2.0307823	0	0	0	0	0	0	0	0	0	0	0	0	0	0	0
S(5,0)Entropy	3.6018403	0	0	0	0	0	0	0	0	0	0	0	0	0	0	0
S(5,0)DifVarnc	233.10402	0	0	0	0	0	0	0	0	0	0	0	0	0	0	0
S(5,0)DifEntrp	1.7308287	0	0	0	0	0	0	0	0	0	0	0	0	0	0	0
_Area_S(0,5)	128512	0	0	0	0	0	0	0	0	0	0	0	0	0	0	0
S(0,5)AngScMom	0.00025607705	0	0	0	0	0	0	0	0	0	0	0	0	0	0	0
S(0,5)Contrast	705.37063	0	0	0	0	0	0	0	0	0	0	0	0	0	0	0
S(0,5)Correlat	-0.0032128214	0	0	0	0	0	0	0	0	0	0	0	0	0	0	0
S(0,5)SumOfSqs	351.55583	0	0	0	0	0	0	0	0	0	0	0	0	0	0	0
S(0,5)InvDfMom	0.046433438	0	0	0	0	0	0	0	0	0	0	0	0	0	0	0
S(0,5)SumAverg	65.132672	0	0	0	0	0	0	0	0	0	0	0	0	0	0	0
S(0,5)SumVarnc	700.85268	0	0	0	0	0	0	0	0	0	0	0	0	0	0	0
S(0,5)SumEntrp	2.0277866	0	0	0	0	0	0	0	0	0	0	0	0	0	0	0
S(0,5)Entropy	3.6017905	0	0	0	0	0	0	0	0	0	0	0	0	0	0	0
S(0,5)DifVarnc	234.79005	0	0	0	0	0	0	0	0	0	0	0	0	0	0	0
S(0,5)DifEntrp	1.7326422	0	0	0	0	0	0	0	0	0	0	0	0	0	0	0
_Area_S(5,5)	126002	0	0	0	0	0	0	0	0	0	0	0	0	0	0	0
S(5,5)AngScMom	0.000255782	0	0	0	0	0	0	0	0	0	0	0	0	0	0	0
S(5,5)Contrast	704.72112	0	0	0	0	0	0	0	0	0	0	0	0	0	0	0
S(5,5)Correlat	-0.0019751707	0	0	0	0	0	0	0	0	0	0	0	0	0	0	0
S(5,5)SumOfSqs	351.66596	0	0	0	0	0	0	0	0	0	0	0	0	0	0	0
S(5,5)InvDfMom	0.046864886	0	0	0	0	0	0	0	0	0	0	0	0	0	0	0
S(5,5)SumAverg	65.146982	0	0	0	0	0	0	0	0	0	0	0	0	0	0	0
S(5,5)SumVarnc	701.94271	0	0	0	0	0	0	0	0	0	0	0	0	0	0	0
S(5,5)SumEntrp	2.0278852	0	0	0	0	0	0	0	0	0	0	0	0	0	0	0
S(5,5)Entropy	3.6020057	0	0	0	0	0	0	0	0	0	0	0	0	0	0	0
S(5,5)DifVarnc	234.56015	0	0	0	0	0	0	0	0	0	0	0	0	0	0	0
S(5,5)DifEntrp	1.7328001	0	0	0	0	0	0	0	0	0	0	0	0	0	0	0
_Area_S(5,-5)	126002	0	0	0	0	0	0	0	0	0	0	0	0	0	0	0
S(5,-5)AngScMom	0.00025629345	0	0	0	0	0	0	0	0	0	0	0	0	0	0	0
S(5,-5)Contrast	700.47188	0	0	0	0	0	0	0	0	0	0	0	0	0	0	0
S(5,-5)Correlat	0.0040878048	0	0	0	0	0	0	0	0	0	0	0	0	0	0	0
S(5,-5)SumOfSqs	351.67351	0	0	0	0	0	0	0	0	0	0	0	0	0	0	0
S(5,-5)InvDfMom	0.047060672	0	0	0	0	0	0	0	0	0	0	0	0	0	0	0
S(5,-5)SumAverg	65.14676	0	0	0	0	0	0	0	0	0	0	0	0	0	0	0
S(5,-5)SumVarnc	706.22217	0	0	0	0	0	0	0	0	0	0	0	0	0	0	0
S(5,-5)SumEntrp	2.0292236	0	0	0	0	0	0	0	0	0	0	0	0	0	0	0
S(5,-5)Entropy	3.6015684	0	0	0	0	0	0	0	0	0	0	0	0	0	0	0
S(5,-5)DifVarnc	236.32285	0	0	0	0	0	0	0	0	0	0	0	0	0	0	0
S(5,-5)DifEntrp	1.7316681	0	0	0	0	0	0	0	0	0	0	0	0	0	0	0
Horzl_RLNonUni	61880.948	0	0	0	0	0	0	0	0	0	0	0	0	0	0	0
Horzl_GLevNonU	1011.9267	0	0	0	0	0	0	0	0	0	0	0	0	0	0	0
Horzl_LngREmph	1.0601469	0	0	0	0	0	0	0	0	0	0	0	0	0	0	0
Horzl_ShrtREmp	0.9856823	0	0	0	0	0	0	0	0	0	0	0	0	0	0	0
Horzl_Fraction	0.98077393	0	0	0	0	0	0	0	0	0	0	0	0	0	0	0
Vertl_RLNonUni	62468.426	0	0	0	0	0	0	0	0	0	0	0	0	0	0	0
Vertl_GLevNonU	1015.8349	0	0	0	0	0	0	0	0	0	0	0	0	0	0	0
Vertl_LngREmph	1.0488728	0	0	0	0	0	0	0	0	0	0	0	0	0	0	0
Vertl_ShrtREmp	0.98800577	0	0	0	0	0	0	0	0	0	0	0	0	0	0	0
Vertl_Fraction	0.98410034	0	0	0	0	0	0	0	0	0	0	0	0	0	0	0
45dgr_RLNonUni	62673.82	0	0	0	0	0	0	0	0	0	0	0	0	0	0	0
45dgr_GLevNonU	1016.9333	0	0	0	0	0	0	0	0	0	0	0	0	0	0	0
45dgr_LngREmph	1.0459418	0	0	0	0	0	0	0	0	0	0	0	0	0	0	0
45dgr_ShrtREmp	0.98884156	0	0	0	0	0	0	0	0	0	0	0	0	0	0	0
45dgr_Fraction	0.98510742	0	0	0	0	0	0	0	0	0	0	0	0	0	0	0
135dr_RLNonUni	62644.56	0	0	0	0	0	0	0	0	0	0	0	0	0	0	0
135dr_GLevNonU	1016.6903	0	0	0	0	0	0	0	0	0	0	0	0	0	0	0
135dr_LngREmph	1.0462263	0	0	0	0	0	0	0	0	0	0	0	0	0	0	0
135dr_ShrtREmp	0.98871883	0	0	0	0	0	0	0	0	0	0	0	0	0	0	0
135dr_Fraction	0.98498535	0	0	0	0	0	0	0	0	0	0	0	0	0	0	0
_AreaGr	64516	0	0	0	0	0	0	0	0	0	0	0	0	0	0	0
GrMean	8.402153	0	0	0	0	0	0	0	0	0	0	0	0	0	0	0
GrVariance	15.97015	0	0	0	0	0	0	0	0	0	0	0	0	0	0	0
GrSkewness	0.16716496	0	0	0	0	0	0	0	0	0	0	0	0	0	0	0
GrKurtosis	-0.66791889	0	0	0	0	0	0	0	0	0	0	0	0	0	0	0
GrNonZeros	0.99609399	0	0	0	0	0	0	0	0	0	0	0	0	0	0	0
_AreaARM	64770	0	0	0	0	0	0	0	0	0	0	0	0	0	0	0
Teta1	0.055347532	0	0	0	0	0	0	0	0	0	0	0	0	0	0	0
Teta2	0.0015057006	0	0	0	0	0	0	0	0	0	0	0	0	0	0	0
Teta3	0.002299364	0	0	0	0	0	0	0	0	0	0	0	0	0	0	0
Teta4	-0.0039662291	0	0	0	0	0	0	0	0	0	0	0	0	0	0	0
Sigma	0.9977788	0	0	0	0	0	0	0	0	0	0	0	0	0	0	0
WavEnLL_s-1	17820.865	0	0	0	0	0	0	0	0	0	0	0	0	0	0	0
WavEnLH_s-1	1516.1762	0	0	0	0	0	0	0	0	0	0	0	0	0	0	0
WavEnHL_s-1	1332.3768	0	0	0	0	0	0	0	0	0	0	0	0	0	0	0
WavEnHH_s-1	1320.2328	0	0	0	0	0	0	0	0	0	0	0	0	0	0	0
WavEnLL_s-2	16741.708	0	0	0	0	0	0	0	0	0	0	0	0	0	0	0
WavEnLH_s-2	386.24583	0	0	0	0	0	0	0	0	0	0	0	0	0	0	0
WavEnHL_s-2	350.04905	0	0	0	0	0	0	0	0	0	0	0	0	0	0	0
WavEnHH_s-2	342.86179	0	0	0	0	0	0	0	0	0	0	0	0	0	0	0
WavEnLL_s-3	16455.49	0	0	0	0	0	0	0	0	0	0	0	0	0	0	0
WavEnLH_s-3	100.34594	0	0	0	0	0	0	0	0	0	0	0	0	0	0	0
WavEnHL_s-3	89.268402	0	0	0	0	0	0	0	0	0	0	0	0	0	0	0
WavEnHH_s-3	96.603888	0	0	0	0	0	0	0	0	0	0	0	0	0	0	0
WavEnLL_s-4	16380.063	0	0	0	0	0	0	0	0	0	0	0	0	0	0	0
WavEnLH_s-4	26.239845	0	0	0	0	0	0	0	0	0	0	0	0	0	0	0
WavEnHL_s-4	25.241696	0	0	0	0	0	0	0	0	0	0	0	0	0	0	0
WavEnHH_s-4	23.944993	0	0	0	0	0	0	0	0	0	0	0	0	0	0	0
