Image File: stone1-a-p003.png 
ROI File: allred.roi 
Image size: 256 x 256
Min. lum.: 1
Max. lum.: 256
Bits/pixel: 8

Normalisation =  No
Histogram analysis = Yes
CO matrix analysis = Yes, Dimensions = 6 x 6, Distances = 1 2 3 4 5
RL matrix analysis = Yes, Dimension = 6
Gradient analysis = Yes, Max pixel value = 16
AR model analysis = Yes
Wavelet analysis = Yes

--------------- CLASS NAMES ----------------

----------------- FEATURES -----------------
_Area	65536	0	0	0	0	0	0	0	0	0	0	0	0	0	0	0
Mean	126.89774	0	0	0	0	0	0	0	0	0	0	0	0	0	0	0
Variance	5685.0741	0	0	0	0	0	0	0	0	0	0	0	0	0	0	0
Skewness	0.01155692	0	0	0	0	0	0	0	0	0	0	0	0	0	0	0
Kurtosis	-1.2205157	0	0	0	0	0	0	0	0	0	0	0	0	0	0	0
Perc.01%	2	0	0	0	0	0	0	0	0	0	0	0	0	0	0	0
Perc.10%	22	0	0	0	0	0	0	0	0	0	0	0	0	0	0	0
Perc.50%	127	0	0	0	0	0	0	0	0	0	0	0	0	0	0	0
Perc.90%	232	0	0	0	0	0	0	0	0	0	0	0	0	0	0	0
Perc.99%	254	0	0	0	0	0	0	0	0	0	0	0	0	0	0	0
_Area_S(1,0)	130560	0	0	0	0	0	0	0	0	0	0	0	0	0	0	0
S(1,0)AngScMom	0.00026388025	0	0	0	0	0	0	0	0	0	0	0	0	0	0	0
S(1,0)Contrast	674.43105	0	0	0	0	0	0	0	0	0	0	0	0	0	0	0
S(1,0)Correlat	0.048990483	0	0	0	0	0	0	0	0	0	0	0	0	0	0	0
S(1,0)SumOfSqs	354.58691	0	0	0	0	0	0	0	0	0	0	0	0	0	0	0
S(1,0)InvDfMom	0.052131931	0	0	0	0	0	0	0	0	0	0	0	0	0	0	0
S(1,0)SumAverg	64.219746	0	0	0	0	0	0	0	0	0	0	0	0	0	0	0
S(1,0)SumVarnc	743.91659	0	0	0	0	0	0	0	0	0	0	0	0	0	0	0
S(1,0)SumEntrp	2.0390629	0	0	0	0	0	0	0	0	0	0	0	0	0	0	0
S(1,0)Entropy	3.5961966	0	0	0	0	0	0	0	0	0	0	0	0	0	0	0
S(1,0)DifVarnc	230.35355	0	0	0	0	0	0	0	0	0	0	0	0	0	0	0
S(1,0)DifEntrp	1.7242085	0	0	0	0	0	0	0	0	0	0	0	0	0	0	0
_Area_S(0,1)	130560	0	0	0	0	0	0	0	0	0	0	0	0	0	0	0
S(0,1)AngScMom	0.00025676711	0	0	0	0	0	0	0	0	0	0	0	0	0	0	0
S(0,1)Contrast	709.18778	0	0	0	0	0	0	0	0	0	0	0	0	0	0	0
S(0,1)Correlat	-0.00057752663	0	0	0	0	0	0	0	0	0	0	0	0	0	0	0
S(0,1)SumOfSqs	354.38922	0	0	0	0	0	0	0	0	0	0	0	0	0	0	0
S(0,1)InvDfMom	0.04698623	0	0	0	0	0	0	0	0	0	0	0	0	0	0	0
S(0,1)SumAverg	64.216054	0	0	0	0	0	0	0	0	0	0	0	0	0	0	0
S(0,1)SumVarnc	708.3691	0	0	0	0	0	0	0	0	0	0	0	0	0	0	0
S(0,1)SumEntrp	2.0298754	0	0	0	0	0	0	0	0	0	0	0	0	0	0	0
S(0,1)Entropy	3.6013773	0	0	0	0	0	0	0	0	0	0	0	0	0	0	0
S(0,1)DifVarnc	237.06171	0	0	0	0	0	0	0	0	0	0	0	0	0	0	0
S(0,1)DifEntrp	1.7342584	0	0	0	0	0	0	0	0	0	0	0	0	0	0	0
_Area_S(1,1)	130050	0	0	0	0	0	0	0	0	0	0	0	0	0	0	0
S(1,1)AngScMom	0.0002562386	0	0	0	0	0	0	0	0	0	0	0	0	0	0	0
S(1,1)Contrast	704.97658	0	0	0	0	0	0	0	0	0	0	0	0	0	0	0
S(1,1)Correlat	0.0053193402	0	0	0	0	0	0	0	0	0	0	0	0	0	0	0
S(1,1)SumOfSqs	354.37332	0	0	0	0	0	0	0	0	0	0	0	0	0	0	0
S(1,1)InvDfMom	0.048269726	0	0	0	0	0	0	0	0	0	0	0	0	0	0	0
S(1,1)SumAverg	64.224837	0	0	0	0	0	0	0	0	0	0	0	0	0	0	0
S(1,1)SumVarnc	712.51671	0	0	0	0	0	0	0	0	0	0	0	0	0	0	0
S(1,1)SumEntrp	2.0308683	0	0	0	0	0	0	0	0	0	0	0	0	0	0	0
S(1,1)Entropy	3.6018171	0	0	0	0	0	0	0	0	0	0	0	0	0	0	0
S(1,1)DifVarnc	236.36811	0	0	0	0	0	0	0	0	0	0	0	0	0	0	0
S(1,1)DifEntrp	1.7332366	0	0	0	0	0	0	0	0	0	0	0	0	0	0	0
_Area_S(1,-1)	130050	0	0	0	0	0	0	0	0	0	0	0	0	0	0	0
S(1,-1)AngScMom	0.00025640911	0	0	0	0	0	0	0	0	0	0	0	0	0	0	0
S(1,-1)Contrast	712.16432	0	0	0	0	0	0	0	0	0	0	0	0	0	0	0
S(1,-1)Correlat	-0.0048503666	0	0	0	0	0	0	0	0	0	0	0	0	0	0	0
S(1,-1)SumOfSqs	354.36337	0	0	0	0	0	0	0	0	0	0	0	0	0	0	0
S(1,-1)InvDfMom	0.046340632	0	0	0	0	0	0	0	0	0	0	0	0	0	0	0
S(1,-1)SumAverg	64.225067	0	0	0	0	0	0	0	0	0	0	0	0	0	0	0
S(1,-1)SumVarnc	705.28915	0	0	0	0	0	0	0	0	0	0	0	0	0	0	0
S(1,-1)SumEntrp	2.0290495	0	0	0	0	0	0	0	0	0	0	0	0	0	0	0
S(1,-1)Entropy	3.6016701	0	0	0	0	0	0	0	0	0	0	0	0	0	0	0
S(1,-1)DifVarnc	236.27773	0	0	0	0	0	0	0	0	0	0	0	0	0	0	0
S(1,-1)DifEntrp	1.7348449	0	0	0	0	0	0	0	0	0	0	0	0	0	0	0
_Area_S(2,0)	130048	0	0	0	0	0	0	0	0	0	0	0	0	0	0	0
S(2,0)AngScMom	0.00025799974	0	0	0	0	0	0	0	0	0	0	0	0	0	0	0
S(2,0)Contrast	694.81917	0	0	0	0	0	0	0	0	0	0	0	0	0	0	0
S(2,0)Correlat	0.020149717	0	0	0	0	0	0	0	0	0	0	0	0	0	0	0
S(2,0)SumOfSqs	354.55374	0	0	0	0	0	0	0	0	0	0	0	0	0	0	0
S(2,0)InvDfMom	0.048307526	0	0	0	0	0	0	0	0	0	0	0	0	0	0	0
S(2,0)SumAverg	64.224225	0	0	0	0	0	0	0	0	0	0	0	0	0	0	0
S(2,0)SumVarnc	723.3958	0	0	0	0	0	0	0	0	0	0	0	0	0	0	0
S(2,0)SumEntrp	2.0341558	0	0	0	0	0	0	0	0	0	0	0	0	0	0	0
S(2,0)Entropy	3.6005282	0	0	0	0	0	0	0	0	0	0	0	0	0	0	0
S(2,0)DifVarnc	233.40203	0	0	0	0	0	0	0	0	0	0	0	0	0	0	0
S(2,0)DifEntrp	1.730264	0	0	0	0	0	0	0	0	0	0	0	0	0	0	0
_Area_S(0,2)	130048	0	0	0	0	0	0	0	0	0	0	0	0	0	0	0
S(0,2)AngScMom	0.0002565647	0	0	0	0	0	0	0	0	0	0	0	0	0	0	0
S(0,2)Contrast	708.21383	0	0	0	0	0	0	0	0	0	0	0	0	0	0	0
S(0,2)Correlat	0.0004307561	0	0	0	0	0	0	0	0	0	0	0	0	0	0	0
S(0,2)SumOfSqs	354.25951	0	0	0	0	0	0	0	0	0	0	0	0	0	0	0
S(0,2)InvDfMom	0.048398927	0	0	0	0	0	0	0	0	0	0	0	0	0	0	0
S(0,2)SumAverg	64.189438	0	0	0	0	0	0	0	0	0	0	0	0	0	0	0
S(0,2)SumVarnc	708.82423	0	0	0	0	0	0	0	0	0	0	0	0	0	0	0
S(0,2)SumEntrp	2.0299101	0	0	0	0	0	0	0	0	0	0	0	0	0	0	0
S(0,2)Entropy	3.601556	0	0	0	0	0	0	0	0	0	0	0	0	0	0	0
S(0,2)DifVarnc	238.25966	0	0	0	0	0	0	0	0	0	0	0	0	0	0	0
S(0,2)DifEntrp	1.7339367	0	0	0	0	0	0	0	0	0	0	0	0	0	0	0
_Area_S(2,2)	129032	0	0	0	0	0	0	0	0	0	0	0	0	0	0	0
S(2,2)AngScMom	0.00025674191	0	0	0	0	0	0	0	0	0	0	0	0	0	0	0
S(2,2)Contrast	707.28562	0	0	0	0	0	0	0	0	0	0	0	0	0	0	0
S(2,2)Correlat	0.0015857567	0	0	0	0	0	0	0	0	0	0	0	0	0	0	0
S(2,2)SumOfSqs	354.20449	0	0	0	0	0	0	0	0	0	0	0	0	0	0	0
S(2,2)InvDfMom	0.045692624	0	0	0	0	0	0	0	0	0	0	0	0	0	0	0
S(2,2)SumAverg	64.203283	0	0	0	0	0	0	0	0	0	0	0	0	0	0	0
S(2,2)SumVarnc	709.53235	0	0	0	0	0	0	0	0	0	0	0	0	0	0	0
S(2,2)SumEntrp	2.03013	0	0	0	0	0	0	0	0	0	0	0	0	0	0	0
S(2,2)Entropy	3.60144	0	0	0	0	0	0	0	0	0	0	0	0	0	0	0
S(2,2)DifVarnc	235.14909	0	0	0	0	0	0	0	0	0	0	0	0	0	0	0
S(2,2)DifEntrp	1.7334236	0	0	0	0	0	0	0	0	0	0	0	0	0	0	0
_Area_S(2,-2)	129032	0	0	0	0	0	0	0	0	0	0	0	0	0	0	0
S(2,-2)AngScMom	0.00025655535	0	0	0	0	0	0	0	0	0	0	0	0	0	0	0
S(2,-2)Contrast	707.6705	0	0	0	0	0	0	0	0	0	0	0	0	0	0	0
S(2,-2)Correlat	0.00099483187	0	0	0	0	0	0	0	0	0	0	0	0	0	0	0
S(2,-2)SumOfSqs	354.18761	0	0	0	0	0	0	0	0	0	0	0	0	0	0	0
S(2,-2)InvDfMom	0.046587194	0	0	0	0	0	0	0	0	0	0	0	0	0	0	0
S(2,-2)SumAverg	64.202337	0	0	0	0	0	0	0	0	0	0	0	0	0	0	0
S(2,-2)SumVarnc	709.07993	0	0	0	0	0	0	0	0	0	0	0	0	0	0	0
S(2,-2)SumEntrp	2.0301822	0	0	0	0	0	0	0	0	0	0	0	0	0	0	0
S(2,-2)Entropy	3.6015626	0	0	0	0	0	0	0	0	0	0	0	0	0	0	0
S(2,-2)DifVarnc	236.04509	0	0	0	0	0	0	0	0	0	0	0	0	0	0	0
S(2,-2)DifEntrp	1.7337063	0	0	0	0	0	0	0	0	0	0	0	0	0	0	0
_Area_S(3,0)	129536	0	0	0	0	0	0	0	0	0	0	0	0	0	0	0
S(3,0)AngScMom	0.00025710627	0	0	0	0	0	0	0	0	0	0	0	0	0	0	0
S(3,0)Contrast	695.3863	0	0	0	0	0	0	0	0	0	0	0	0	0	0	0
S(3,0)Correlat	0.019398533	0	0	0	0	0	0	0	0	0	0	0	0	0	0	0
S(3,0)SumOfSqs	354.57131	0	0	0	0	0	0	0	0	0	0	0	0	0	0	0
S(3,0)InvDfMom	0.048309871	0	0	0	0	0	0	0	0	0	0	0	0	0	0	0
S(3,0)SumAverg	64.220201	0	0	0	0	0	0	0	0	0	0	0	0	0	0	0
S(3,0)SumVarnc	722.89895	0	0	0	0	0	0	0	0	0	0	0	0	0	0	0
S(3,0)SumEntrp	2.0338848	0	0	0	0	0	0	0	0	0	0	0	0	0	0	0
S(3,0)Entropy	3.6012227	0	0	0	0	0	0	0	0	0	0	0	0	0	0	0
S(3,0)DifVarnc	233.8756	0	0	0	0	0	0	0	0	0	0	0	0	0	0	0
S(3,0)DifEntrp	1.7303645	0	0	0	0	0	0	0	0	0	0	0	0	0	0	0
_Area_S(0,3)	129536	0	0	0	0	0	0	0	0	0	0	0	0	0	0	0
S(0,3)AngScMom	0.00025644856	0	0	0	0	0	0	0	0	0	0	0	0	0	0	0
S(0,3)Contrast	708.32572	0	0	0	0	0	0	0	0	0	0	0	0	0	0	0
S(0,3)Correlat	0.00038535875	0	0	0	0	0	0	0	0	0	0	0	0	0	0	0
S(0,3)SumOfSqs	354.29939	0	0	0	0	0	0	0	0	0	0	0	0	0	0	0
S(0,3)InvDfMom	0.046392388	0	0	0	0	0	0	0	0	0	0	0	0	0	0	0
S(0,3)SumAverg	64.1896	0	0	0	0	0	0	0	0	0	0	0	0	0	0	0
S(0,3)SumVarnc	708.87185	0	0	0	0	0	0	0	0	0	0	0	0	0	0	0
S(0,3)SumEntrp	2.0300565	0	0	0	0	0	0	0	0	0	0	0	0	0	0	0
S(0,3)Entropy	3.6016886	0	0	0	0	0	0	0	0	0	0	0	0	0	0	0
S(0,3)DifVarnc	236.57601	0	0	0	0	0	0	0	0	0	0	0	0	0	0	0
S(0,3)DifEntrp	1.7337256	0	0	0	0	0	0	0	0	0	0	0	0	0	0	0
_Area_S(3,3)	128018	0	0	0	0	0	0	0	0	0	0	0	0	0	0	0
S(3,3)AngScMom	0.00025704257	0	0	0	0	0	0	0	0	0	0	0	0	0	0	0
S(3,3)Contrast	712.14868	0	0	0	0	0	0	0	0	0	0	0	0	0	0	0
S(3,3)Correlat	-0.0051373965	0	0	0	0	0	0	0	0	0	0	0	0	0	0	0
S(3,3)SumOfSqs	354.2544	0	0	0	0	0	0	0	0	0	0	0	0	0	0	0
S(3,3)InvDfMom	0.046791247	0	0	0	0	0	0	0	0	0	0	0	0	0	0	0
S(3,3)SumAverg	64.197925	0	0	0	0	0	0	0	0	0	0	0	0	0	0	0
S(3,3)SumVarnc	704.8689	0	0	0	0	0	0	0	0	0	0	0	0	0	0	0
S(3,3)SumEntrp	2.0290201	0	0	0	0	0	0	0	0	0	0	0	0	0	0	0
S(3,3)Entropy	3.6011823	0	0	0	0	0	0	0	0	0	0	0	0	0	0	0
S(3,3)DifVarnc	236.55251	0	0	0	0	0	0	0	0	0	0	0	0	0	0	0
S(3,3)DifEntrp	1.7349467	0	0	0	0	0	0	0	0	0	0	0	0	0	0	0
_Area_S(3,-3)	128018	0	0	0	0	0	0	0	0	0	0	0	0	0	0	0
S(3,-3)AngScMom	0.00025660031	0	0	0	0	0	0	0	0	0	0	0	0	0	0	0
S(3,-3)Contrast	704.0432	0	0	0	0	0	0	0	0	0	0	0	0	0	0	0
S(3,-3)Correlat	0.0062262528	0	0	0	0	0	0	0	0	0	0	0	0	0	0	0
S(3,-3)SumOfSqs	354.22711	0	0	0	0	0	0	0	0	0	0	0	0	0	0	0
S(3,-3)InvDfMom	0.046336554	0	0	0	0	0	0	0	0	0	0	0	0	0	0	0
S(3,-3)SumAverg	64.19805	0	0	0	0	0	0	0	0	0	0	0	0	0	0	0
S(3,-3)SumVarnc	712.86523	0	0	0	0	0	0	0	0	0	0	0	0	0	0	0
S(3,-3)SumEntrp	2.0308385	0	0	0	0	0	0	0	0	0	0	0	0	0	0	0
S(3,-3)Entropy	3.601523	0	0	0	0	0	0	0	0	0	0	0	0	0	0	0
S(3,-3)DifVarnc	235.35171	0	0	0	0	0	0	0	0	0	0	0	0	0	0	0
S(3,-3)DifEntrp	1.7328481	0	0	0	0	0	0	0	0	0	0	0	0	0	0	0
_Area_S(4,0)	129024	0	0	0	0	0	0	0	0	0	0	0	0	0	0	0
S(4,0)AngScMom	0.0002564597	0	0	0	0	0	0	0	0	0	0	0	0	0	0	0
S(4,0)Contrast	700.4333	0	0	0	0	0	0	0	0	0	0	0	0	0	0	0
S(4,0)Correlat	0.012324261	0	0	0	0	0	0	0	0	0	0	0	0	0	0	0
S(4,0)SumOfSqs	354.58667	0	0	0	0	0	0	0	0	0	0	0	0	0	0	0
S(4,0)InvDfMom	0.046511357	0	0	0	0	0	0	0	0	0	0	0	0	0	0	0
S(4,0)SumAverg	64.206892	0	0	0	0	0	0	0	0	0	0	0	0	0	0	0
S(4,0)SumVarnc	717.91337	0	0	0	0	0	0	0	0	0	0	0	0	0	0	0
S(4,0)SumEntrp	2.0321658	0	0	0	0	0	0	0	0	0	0	0	0	0	0	0
S(4,0)Entropy	3.6016091	0	0	0	0	0	0	0	0	0	0	0	0	0	0	0
S(4,0)DifVarnc	234.07163	0	0	0	0	0	0	0	0	0	0	0	0	0	0	0
S(4,0)DifEntrp	1.7317635	0	0	0	0	0	0	0	0	0	0	0	0	0	0	0
_Area_S(0,4)	129024	0	0	0	0	0	0	0	0	0	0	0	0	0	0	0
S(0,4)AngScMom	0.00025667391	0	0	0	0	0	0	0	0	0	0	0	0	0	0	0
S(0,4)Contrast	708.7276	0	0	0	0	0	0	0	0	0	0	0	0	0	0	0
S(0,4)Correlat	-0.00015151103	0	0	0	0	0	0	0	0	0	0	0	0	0	0	0
S(0,4)SumOfSqs	354.31012	0	0	0	0	0	0	0	0	0	0	0	0	0	0	0
S(0,4)InvDfMom	0.047219081	0	0	0	0	0	0	0	0	0	0	0	0	0	0	0
S(0,4)SumAverg	64.194181	0	0	0	0	0	0	0	0	0	0	0	0	0	0	0
S(0,4)SumVarnc	708.51287	0	0	0	0	0	0	0	0	0	0	0	0	0	0	0
S(0,4)SumEntrp	2.0297684	0	0	0	0	0	0	0	0	0	0	0	0	0	0	0
S(0,4)Entropy	3.6015235	0	0	0	0	0	0	0	0	0	0	0	0	0	0	0
S(0,4)DifVarnc	238.04303	0	0	0	0	0	0	0	0	0	0	0	0	0	0	0
S(0,4)DifEntrp	1.7339712	0	0	0	0	0	0	0	0	0	0	0	0	0	0	0
_Area_S(4,4)	127008	0	0	0	0	0	0	0	0	0	0	0	0	0	0	0
S(4,4)AngScMom	0.00025657602	0	0	0	0	0	0	0	0	0	0	0	0	0	0	0
S(4,4)Contrast	708.02885	0	0	0	0	0	0	0	0	0	0	0	0	0	0	0
S(4,4)Correlat	0.000734694	0	0	0	0	0	0	0	0	0	0	0	0	0	0	0
S(4,4)SumOfSqs	354.27471	0	0	0	0	0	0	0	0	0	0	0	0	0	0	0
S(4,4)InvDfMom	0.045874274	0	0	0	0	0	0	0	0	0	0	0	0	0	0	0
S(4,4)SumAverg	64.189972	0	0	0	0	0	0	0	0	0	0	0	0	0	0	0
S(4,4)SumVarnc	709.06998	0	0	0	0	0	0	0	0	0	0	0	0	0	0	0
S(4,4)SumEntrp	2.0300407	0	0	0	0	0	0	0	0	0	0	0	0	0	0	0
S(4,4)Entropy	3.6014872	0	0	0	0	0	0	0	0	0	0	0	0	0	0	0
S(4,4)DifVarnc	235.19922	0	0	0	0	0	0	0	0	0	0	0	0	0	0	0
S(4,4)DifEntrp	1.7335768	0	0	0	0	0	0	0	0	0	0	0	0	0	0	0
_Area_S(4,-4)	127008	0	0	0	0	0	0	0	0	0	0	0	0	0	0	0
S(4,-4)AngScMom	0.00025644224	0	0	0	0	0	0	0	0	0	0	0	0	0	0	0
S(4,-4)Contrast	706.85795	0	0	0	0	0	0	0	0	0	0	0	0	0	0	0
S(4,-4)Correlat	0.0022685591	0	0	0	0	0	0	0	0	0	0	0	0	0	0	0
S(4,-4)SumOfSqs	354.23257	0	0	0	0	0	0	0	0	0	0	0	0	0	0	0
S(4,-4)InvDfMom	0.045595565	0	0	0	0	0	0	0	0	0	0	0	0	0	0	0
S(4,-4)SumAverg	64.189705	0	0	0	0	0	0	0	0	0	0	0	0	0	0	0
S(4,-4)SumVarnc	710.07234	0	0	0	0	0	0	0	0	0	0	0	0	0	0	0
S(4,-4)SumEntrp	2.0302547	0	0	0	0	0	0	0	0	0	0	0	0	0	0	0
S(4,-4)Entropy	3.6016556	0	0	0	0	0	0	0	0	0	0	0	0	0	0	0
S(4,-4)DifVarnc	233.53306	0	0	0	0	0	0	0	0	0	0	0	0	0	0	0
S(4,-4)DifEntrp	1.7333012	0	0	0	0	0	0	0	0	0	0	0	0	0	0	0
_Area_S(5,0)	128512	0	0	0	0	0	0	0	0	0	0	0	0	0	0	0
S(5,0)AngScMom	0.00025703301	0	0	0	0	0	0	0	0	0	0	0	0	0	0	0
S(5,0)Contrast	704.91851	0	0	0	0	0	0	0	0	0	0	0	0	0	0	0
S(5,0)Correlat	0.0061033223	0	0	0	0	0	0	0	0	0	0	0	0	0	0	0
S(5,0)SumOfSqs	354.62364	0	0	0	0	0	0	0	0	0	0	0	0	0	0	0
S(5,0)InvDfMom	0.04737365	0	0	0	0	0	0	0	0	0	0	0	0	0	0	0
S(5,0)SumAverg	64.218003	0	0	0	0	0	0	0	0	0	0	0	0	0	0	0
S(5,0)SumVarnc	713.57604	0	0	0	0	0	0	0	0	0	0	0	0	0	0	0
S(5,0)SumEntrp	2.0311671	0	0	0	0	0	0	0	0	0	0	0	0	0	0	0
S(5,0)Entropy	3.6011965	0	0	0	0	0	0	0	0	0	0	0	0	0	0	0
S(5,0)DifVarnc	235.97253	0	0	0	0	0	0	0	0	0	0	0	0	0	0	0
S(5,0)DifEntrp	1.7329849	0	0	0	0	0	0	0	0	0	0	0	0	0	0	0
_Area_S(0,5)	128512	0	0	0	0	0	0	0	0	0	0	0	0	0	0	0
S(0,5)AngScMom	0.00025688151	0	0	0	0	0	0	0	0	0	0	0	0	0	0	0
S(0,5)Contrast	711.1918	0	0	0	0	0	0	0	0	0	0	0	0	0	0	0
S(0,5)Correlat	-0.0035822613	0	0	0	0	0	0	0	0	0	0	0	0	0	0	0
S(0,5)SumOfSqs	354.32661	0	0	0	0	0	0	0	0	0	0	0	0	0	0	0
S(0,5)InvDfMom	0.046601298	0	0	0	0	0	0	0	0	0	0	0	0	0	0	0
S(0,5)SumAverg	64.194472	0	0	0	0	0	0	0	0	0	0	0	0	0	0	0
S(0,5)SumVarnc	706.11463	0	0	0	0	0	0	0	0	0	0	0	0	0	0	0
S(0,5)SumEntrp	2.0294377	0	0	0	0	0	0	0	0	0	0	0	0	0	0	0
S(0,5)Entropy	3.601275	0	0	0	0	0	0	0	0	0	0	0	0	0	0	0
S(0,5)DifVarnc	235.80441	0	0	0	0	0	0	0	0	0	0	0	0	0	0	0
S(0,5)DifEntrp	1.734412	0	0	0	0	0	0	0	0	0	0	0	0	0	0	0
_Area_S(5,5)	126002	0	0	0	0	0	0	0	0	0	0	0	0	0	0	0
S(5,5)AngScMom	0.00025690794	0	0	0	0	0	0	0	0	0	0	0	0	0	0	0
S(5,5)Contrast	704.885	0	0	0	0	0	0	0	0	0	0	0	0	0	0	0
S(5,5)Correlat	0.0053188887	0	0	0	0	0	0	0	0	0	0	0	0	0	0	0
S(5,5)SumOfSqs	354.32713	0	0	0	0	0	0	0	0	0	0	0	0	0	0	0
S(5,5)InvDfMom	0.047089449	0	0	0	0	0	0	0	0	0	0	0	0	0	0	0
S(5,5)SumAverg	64.198187	0	0	0	0	0	0	0	0	0	0	0	0	0	0	0
S(5,5)SumVarnc	712.42351	0	0	0	0	0	0	0	0	0	0	0	0	0	0	0
S(5,5)SumEntrp	2.030641	0	0	0	0	0	0	0	0	0	0	0	0	0	0	0
S(5,5)Entropy	3.6012532	0	0	0	0	0	0	0	0	0	0	0	0	0	0	0
S(5,5)DifVarnc	236.28459	0	0	0	0	0	0	0	0	0	0	0	0	0	0	0
S(5,5)DifEntrp	1.7327458	0	0	0	0	0	0	0	0	0	0	0	0	0	0	0
_Area_S(5,-5)	126002	0	0	0	0	0	0	0	0	0	0	0	0	0	0	0
S(5,-5)AngScMom	0.00025670223	0	0	0	0	0	0	0	0	0	0	0	0	0	0	0
S(5,-5)Contrast	706.28144	0	0	0	0	0	0	0	0	0	0	0	0	0	0	0
S(5,-5)Correlat	0.0032410436	0	0	0	0	0	0	0	0	0	0	0	0	0	0	0
S(5,-5)SumOfSqs	354.28899	0	0	0	0	0	0	0	0	0	0	0	0	0	0	0
S(5,-5)InvDfMom	0.046743036	0	0	0	0	0	0	0	0	0	0	0	0	0	0	0
S(5,-5)SumAverg	64.199695	0	0	0	0	0	0	0	0	0	0	0	0	0	0	0
S(5,-5)SumVarnc	710.8745	0	0	0	0	0	0	0	0	0	0	0	0	0	0	0
S(5,-5)SumEntrp	2.0304184	0	0	0	0	0	0	0	0	0	0	0	0	0	0	0
S(5,-5)Entropy	3.6013873	0	0	0	0	0	0	0	0	0	0	0	0	0	0	0
S(5,-5)DifVarnc	236.0833	0	0	0	0	0	0	0	0	0	0	0	0	0	0	0
S(5,-5)DifEntrp	1.733342	0	0	0	0	0	0	0	0	0	0	0	0	0	0	0
Horzl_RLNonUni	61910.667	0	0	0	0	0	0	0	0	0	0	0	0	0	0	0
Horzl_GLevNonU	1013.3127	0	0	0	0	0	0	0	0	0	0	0	0	0	0	0
Horzl_LngREmph	1.0590431	0	0	0	0	0	0	0	0	0	0	0	0	0	0	0
Horzl_ShrtREmp	0.98578415	0	0	0	0	0	0	0	0	0	0	0	0	0	0	0
Horzl_Fraction	0.98101807	0	0	0	0	0	0	0	0	0	0	0	0	0	0	0
Vertl_RLNonUni	62377.119	0	0	0	0	0	0	0	0	0	0	0	0	0	0	0
Vertl_GLevNonU	1016.835	0	0	0	0	0	0	0	0	0	0	0	0	0	0	0
Vertl_LngREmph	1.0507144	0	0	0	0	0	0	0	0	0	0	0	0	0	0	0
Vertl_ShrtREmp	0.98764891	0	0	0	0	0	0	0	0	0	0	0	0	0	0	0
Vertl_Fraction	0.98356628	0	0	0	0	0	0	0	0	0	0	0	0	0	0	0
45dgr_RLNonUni	62361.416	0	0	0	0	0	0	0	0	0	0	0	0	0	0	0
45dgr_GLevNonU	1016.6512	0	0	0	0	0	0	0	0	0	0	0	0	0	0	0
45dgr_LngREmph	1.0510294	0	0	0	0	0	0	0	0	0	0	0	0	0	0	0
45dgr_ShrtREmp	0.98758742	0	0	0	0	0	0	0	0	0	0	0	0	0	0	0
45dgr_Fraction	0.98347473	0	0	0	0	0	0	0	0	0	0	0	0	0	0	0
135dr_RLNonUni	62516.288	0	0	0	0	0	0	0	0	0	0	0	0	0	0	0
135dr_GLevNonU	1017.6565	0	0	0	0	0	0	0	0	0	0	0	0	0	0	0
135dr_LngREmph	1.0482258	0	0	0	0	0	0	0	0	0	0	0	0	0	0	0
135dr_ShrtREmp	0.9882019	0	0	0	0	0	0	0	0	0	0	0	0	0	0	0
135dr_Fraction	0.98432922	0	0	0	0	0	0	0	0	0	0	0	0	0	0	0
_AreaGr	64516	0	0	0	0	0	0	0	0	0	0	0	0	0	0	0
GrMean	8.428263	0	0	0	0	0	0	0	0	0	0	0	0	0	0	0
GrVariance	16.179104	0	0	0	0	0	0	0	0	0	0	0	0	0	0	0
GrSkewness	0.15785091	0	0	0	0	0	0	0	0	0	0	0	0	0	0	0
GrKurtosis	-0.68752912	0	0	0	0	0	0	0	0	0	0	0	0	0	0	0
GrNonZeros	0.99586149	0	0	0	0	0	0	0	0	0	0	0	0	0	0	0
_AreaARM	64770	0	0	0	0	0	0	0	0	0	0	0	0	0	0	0
Teta1	0.048263044	0	0	0	0	0	0	0	0	0	0	0	0	0	0	0
Teta2	-0.0043732688	0	0	0	0	0	0	0	0	0	0	0	0	0	0	0
Teta3	-0.0011766951	0	0	0	0	0	0	0	0	0	0	0	0	0	0	0
Teta4	0.0054266519	0	0	0	0	0	0	0	0	0	0	0	0	0	0	0
Sigma	0.99828868	0	0	0	0	0	0	0	0	0	0	0	0	0	0	0
WavEnLL_s-1	17349.744	0	0	0	0	0	0	0	0	0	0	0	0	0	0	0
WavEnLH_s-1	1480.0883	0	0	0	0	0	0	0	0	0	0	0	0	0	0	0
WavEnHL_s-1	1361.9015	0	0	0	0	0	0	0	0	0	0	0	0	0	0	0
WavEnHH_s-1	1343.5798	0	0	0	0	0	0	0	0	0	0	0	0	0	0	0
WavEnLL_s-2	16252.784	0	0	0	0	0	0	0	0	0	0	0	0	0	0	0
WavEnLH_s-2	393.90192	0	0	0	0	0	0	0	0	0	0	0	0	0	0	0
WavEnHL_s-2	351.50669	0	0	0	0	0	0	0	0	0	0	0	0	0	0	0
WavEnHH_s-2	351.55165	0	0	0	0	0	0	0	0	0	0	0	0	0	0	0
WavEnLL_s-3	15960.801	0	0	0	0	0	0	0	0	0	0	0	0	0	0	0
WavEnLH_s-3	104.04464	0	0	0	0	0	0	0	0	0	0	0	0	0	0	0
WavEnHL_s-3	95.568212	0	0	0	0	0	0	0	0	0	0	0	0	0	0	0
WavEnHH_s-3	92.369762	0	0	0	0	0	0	0	0	0	0	0	0	0	0	0
WavEnLL_s-4	15879.751	0	0	0	0	0	0	0	0	0	0	0	0	0	0	0
WavEnLH_s-4	26.94004	0	0	0	0	0	0	0	0	0	0	0	0	0	0	0
WavEnHL_s-4	26.583324	0	0	0	0	0	0	0	0	0	0	0	0	0	0	0
WavEnHH_s-4	27.527249	0	0	0	0	0	0	0	0	0	0	0	0	0	0	0
