Image File: stone1-a-p013.png 
ROI File: allred.roi 
Image size: 256 x 256
Min. lum.: 1
Max. lum.: 256
Bits/pixel: 8

Normalisation =  No
Histogram analysis = Yes
CO matrix analysis = Yes, Dimensions = 6 x 6, Distances = 1 2 3 4 5
RL matrix analysis = Yes, Dimension = 6
Gradient analysis = Yes, Max pixel value = 16
AR model analysis = Yes
Wavelet analysis = Yes

--------------- CLASS NAMES ----------------

----------------- FEATURES -----------------
_Area	65536	0	0	0	0	0	0	0	0	0	0	0	0	0	0	0
Mean	130.14368	0	0	0	0	0	0	0	0	0	0	0	0	0	0	0
Variance	5626.3807	0	0	0	0	0	0	0	0	0	0	0	0	0	0	0
Skewness	-0.029420113	0	0	0	0	0	0	0	0	0	0	0	0	0	0	0
Kurtosis	-1.2105342	0	0	0	0	0	0	0	0	0	0	0	0	0	0	0
Perc.01%	2	0	0	0	0	0	0	0	0	0	0	0	0	0	0	0
Perc.10%	25	0	0	0	0	0	0	0	0	0	0	0	0	0	0	0
Perc.50%	130	0	0	0	0	0	0	0	0	0	0	0	0	0	0	0
Perc.90%	233	0	0	0	0	0	0	0	0	0	0	0	0	0	0	0
Perc.99%	254	0	0	0	0	0	0	0	0	0	0	0	0	0	0	0
_Area_S(1,0)	130560	0	0	0	0	0	0	0	0	0	0	0	0	0	0	0
S(1,0)AngScMom	0.00026470215	0	0	0	0	0	0	0	0	0	0	0	0	0	0	0
S(1,0)Contrast	661.43606	0	0	0	0	0	0	0	0	0	0	0	0	0	0	0
S(1,0)Correlat	0.057837647	0	0	0	0	0	0	0	0	0	0	0	0	0	0	0
S(1,0)SumOfSqs	351.02021	0	0	0	0	0	0	0	0	0	0	0	0	0	0	0
S(1,0)InvDfMom	0.05304667	0	0	0	0	0	0	0	0	0	0	0	0	0	0	0
S(1,0)SumAverg	65.814185	0	0	0	0	0	0	0	0	0	0	0	0	0	0	0
S(1,0)SumVarnc	742.64479	0	0	0	0	0	0	0	0	0	0	0	0	0	0	0
S(1,0)SumEntrp	2.038783	0	0	0	0	0	0	0	0	0	0	0	0	0	0	0
S(1,0)Entropy	3.5954028	0	0	0	0	0	0	0	0	0	0	0	0	0	0	0
S(1,0)DifVarnc	225.37491	0	0	0	0	0	0	0	0	0	0	0	0	0	0	0
S(1,0)DifEntrp	1.7209292	0	0	0	0	0	0	0	0	0	0	0	0	0	0	0
_Area_S(0,1)	130560	0	0	0	0	0	0	0	0	0	0	0	0	0	0	0
S(0,1)AngScMom	0.00025635387	0	0	0	0	0	0	0	0	0	0	0	0	0	0	0
S(0,1)Contrast	702.98732	0	0	0	0	0	0	0	0	0	0	0	0	0	0	0
S(0,1)Correlat	-0.0016546909	0	0	0	0	0	0	0	0	0	0	0	0	0	0	0
S(0,1)SumOfSqs	350.91301	0	0	0	0	0	0	0	0	0	0	0	0	0	0	0
S(0,1)InvDfMom	0.047235957	0	0	0	0	0	0	0	0	0	0	0	0	0	0	0
S(0,1)SumAverg	65.81443	0	0	0	0	0	0	0	0	0	0	0	0	0	0	0
S(0,1)SumVarnc	700.66471	0	0	0	0	0	0	0	0	0	0	0	0	0	0	0
S(0,1)SumEntrp	2.0278603	0	0	0	0	0	0	0	0	0	0	0	0	0	0	0
S(0,1)Entropy	3.6014899	0	0	0	0	0	0	0	0	0	0	0	0	0	0	0
S(0,1)DifVarnc	235.12936	0	0	0	0	0	0	0	0	0	0	0	0	0	0	0
S(0,1)DifEntrp	1.7325608	0	0	0	0	0	0	0	0	0	0	0	0	0	0	0
_Area_S(1,1)	130050	0	0	0	0	0	0	0	0	0	0	0	0	0	0	0
S(1,1)AngScMom	0.00025678208	0	0	0	0	0	0	0	0	0	0	0	0	0	0	0
S(1,1)Contrast	704.91114	0	0	0	0	0	0	0	0	0	0	0	0	0	0	0
S(1,1)Correlat	-0.0044085107	0	0	0	0	0	0	0	0	0	0	0	0	0	0	0
S(1,1)SumOfSqs	350.90859	0	0	0	0	0	0	0	0	0	0	0	0	0	0	0
S(1,1)InvDfMom	0.047078104	0	0	0	0	0	0	0	0	0	0	0	0	0	0	0
S(1,1)SumAverg	65.816455	0	0	0	0	0	0	0	0	0	0	0	0	0	0	0
S(1,1)SumVarnc	698.7232	0	0	0	0	0	0	0	0	0	0	0	0	0	0	0
S(1,1)SumEntrp	2.0273136	0	0	0	0	0	0	0	0	0	0	0	0	0	0	0
S(1,1)Entropy	3.6011531	0	0	0	0	0	0	0	0	0	0	0	0	0	0	0
S(1,1)DifVarnc	235.16543	0	0	0	0	0	0	0	0	0	0	0	0	0	0	0
S(1,1)DifEntrp	1.7329674	0	0	0	0	0	0	0	0	0	0	0	0	0	0	0
_Area_S(1,-1)	130050	0	0	0	0	0	0	0	0	0	0	0	0	0	0	0
S(1,-1)AngScMom	0.0002569118	0	0	0	0	0	0	0	0	0	0	0	0	0	0	0
S(1,-1)Contrast	698.48978	0	0	0	0	0	0	0	0	0	0	0	0	0	0	0
S(1,-1)Correlat	0.0047435509	0	0	0	0	0	0	0	0	0	0	0	0	0	0	0
S(1,-1)SumOfSqs	350.90945	0	0	0	0	0	0	0	0	0	0	0	0	0	0	0
S(1,-1)InvDfMom	0.046213238	0	0	0	0	0	0	0	0	0	0	0	0	0	0	0
S(1,-1)SumAverg	65.816532	0	0	0	0	0	0	0	0	0	0	0	0	0	0	0
S(1,-1)SumVarnc	705.14801	0	0	0	0	0	0	0	0	0	0	0	0	0	0	0
S(1,-1)SumEntrp	2.0288124	0	0	0	0	0	0	0	0	0	0	0	0	0	0	0
S(1,-1)Entropy	3.6009398	0	0	0	0	0	0	0	0	0	0	0	0	0	0	0
S(1,-1)DifVarnc	233.77885	0	0	0	0	0	0	0	0	0	0	0	0	0	0	0
S(1,-1)DifEntrp	1.7308479	0	0	0	0	0	0	0	0	0	0	0	0	0	0	0
_Area_S(2,0)	130048	0	0	0	0	0	0	0	0	0	0	0	0	0	0	0
S(2,0)AngScMom	0.00025760311	0	0	0	0	0	0	0	0	0	0	0	0	0	0	0
S(2,0)Contrast	684.58754	0	0	0	0	0	0	0	0	0	0	0	0	0	0	0
S(2,0)Correlat	0.024929438	0	0	0	0	0	0	0	0	0	0	0	0	0	0	0
S(2,0)SumOfSqs	351.04513	0	0	0	0	0	0	0	0	0	0	0	0	0	0	0
S(2,0)InvDfMom	0.047670427	0	0	0	0	0	0	0	0	0	0	0	0	0	0	0
S(2,0)SumAverg	65.810993	0	0	0	0	0	0	0	0	0	0	0	0	0	0	0
S(2,0)SumVarnc	719.59297	0	0	0	0	0	0	0	0	0	0	0	0	0	0	0
S(2,0)SumEntrp	2.0332589	0	0	0	0	0	0	0	0	0	0	0	0	0	0	0
S(2,0)Entropy	3.6006135	0	0	0	0	0	0	0	0	0	0	0	0	0	0	0
S(2,0)DifVarnc	229.8062	0	0	0	0	0	0	0	0	0	0	0	0	0	0	0
S(2,0)DifEntrp	1.727034	0	0	0	0	0	0	0	0	0	0	0	0	0	0	0
_Area_S(0,2)	130048	0	0	0	0	0	0	0	0	0	0	0	0	0	0	0
S(0,2)AngScMom	0.00025665931	0	0	0	0	0	0	0	0	0	0	0	0	0	0	0
S(0,2)Contrast	698.13023	0	0	0	0	0	0	0	0	0	0	0	0	0	0	0
S(0,2)Correlat	0.0052599282	0	0	0	0	0	0	0	0	0	0	0	0	0	0	0
S(0,2)SumOfSqs	350.91088	0	0	0	0	0	0	0	0	0	0	0	0	0	0	0
S(0,2)InvDfMom	0.046930314	0	0	0	0	0	0	0	0	0	0	0	0	0	0	0
S(0,2)SumAverg	65.786079	0	0	0	0	0	0	0	0	0	0	0	0	0	0	0
S(0,2)SumVarnc	705.51329	0	0	0	0	0	0	0	0	0	0	0	0	0	0	0
S(0,2)SumEntrp	2.028949	0	0	0	0	0	0	0	0	0	0	0	0	0	0	0
S(0,2)Entropy	3.6012062	0	0	0	0	0	0	0	0	0	0	0	0	0	0	0
S(0,2)DifVarnc	233.4302	0	0	0	0	0	0	0	0	0	0	0	0	0	0	0
S(0,2)DifEntrp	1.7311711	0	0	0	0	0	0	0	0	0	0	0	0	0	0	0
_Area_S(2,2)	129032	0	0	0	0	0	0	0	0	0	0	0	0	0	0	0
S(2,2)AngScMom	0.0002566541	0	0	0	0	0	0	0	0	0	0	0	0	0	0	0
S(2,2)Contrast	699.95998	0	0	0	0	0	0	0	0	0	0	0	0	0	0	0
S(2,2)Correlat	0.0027269767	0	0	0	0	0	0	0	0	0	0	0	0	0	0	0
S(2,2)SumOfSqs	350.93699	0	0	0	0	0	0	0	0	0	0	0	0	0	0	0
S(2,2)InvDfMom	0.04708114	0	0	0	0	0	0	0	0	0	0	0	0	0	0	0
S(2,2)SumAverg	65.785604	0	0	0	0	0	0	0	0	0	0	0	0	0	0	0
S(2,2)SumVarnc	703.78797	0	0	0	0	0	0	0	0	0	0	0	0	0	0	0
S(2,2)SumEntrp	2.028537	0	0	0	0	0	0	0	0	0	0	0	0	0	0	0
S(2,2)Entropy	3.6012111	0	0	0	0	0	0	0	0	0	0	0	0	0	0	0
S(2,2)DifVarnc	235.00002	0	0	0	0	0	0	0	0	0	0	0	0	0	0	0
S(2,2)DifEntrp	1.7317136	0	0	0	0	0	0	0	0	0	0	0	0	0	0	0
_Area_S(2,-2)	129032	0	0	0	0	0	0	0	0	0	0	0	0	0	0	0
S(2,-2)AngScMom	0.00025639595	0	0	0	0	0	0	0	0	0	0	0	0	0	0	0
S(2,-2)Contrast	702.47938	0	0	0	0	0	0	0	0	0	0	0	0	0	0	0
S(2,-2)Correlat	-0.00088123336	0	0	0	0	0	0	0	0	0	0	0	0	0	0	0
S(2,-2)SumOfSqs	350.93044	0	0	0	0	0	0	0	0	0	0	0	0	0	0	0
S(2,-2)InvDfMom	0.046193363	0	0	0	0	0	0	0	0	0	0	0	0	0	0	0
S(2,-2)SumAverg	65.784984	0	0	0	0	0	0	0	0	0	0	0	0	0	0	0
S(2,-2)SumVarnc	701.24238	0	0	0	0	0	0	0	0	0	0	0	0	0	0	0
S(2,-2)SumEntrp	2.0279148	0	0	0	0	0	0	0	0	0	0	0	0	0	0	0
S(2,-2)Entropy	3.6013941	0	0	0	0	0	0	0	0	0	0	0	0	0	0	0
S(2,-2)DifVarnc	233.48798	0	0	0	0	0	0	0	0	0	0	0	0	0	0	0
S(2,-2)DifEntrp	1.7322668	0	0	0	0	0	0	0	0	0	0	0	0	0	0	0
_Area_S(3,0)	129536	0	0	0	0	0	0	0	0	0	0	0	0	0	0	0
S(3,0)AngScMom	0.00025721152	0	0	0	0	0	0	0	0	0	0	0	0	0	0	0
S(3,0)Contrast	692.79774	0	0	0	0	0	0	0	0	0	0	0	0	0	0	0
S(3,0)Correlat	0.013338533	0	0	0	0	0	0	0	0	0	0	0	0	0	0	0
S(3,0)SumOfSqs	351.08179	0	0	0	0	0	0	0	0	0	0	0	0	0	0	0
S(3,0)InvDfMom	0.047137331	0	0	0	0	0	0	0	0	0	0	0	0	0	0	0
S(3,0)SumAverg	65.820467	0	0	0	0	0	0	0	0	0	0	0	0	0	0	0
S(3,0)SumVarnc	711.5294	0	0	0	0	0	0	0	0	0	0	0	0	0	0	0
S(3,0)SumEntrp	2.030818	0	0	0	0	0	0	0	0	0	0	0	0	0	0	0
S(3,0)Entropy	3.6007907	0	0	0	0	0	0	0	0	0	0	0	0	0	0	0
S(3,0)DifVarnc	231.57357	0	0	0	0	0	0	0	0	0	0	0	0	0	0	0
S(3,0)DifEntrp	1.7297301	0	0	0	0	0	0	0	0	0	0	0	0	0	0	0
_Area_S(0,3)	129536	0	0	0	0	0	0	0	0	0	0	0	0	0	0	0
S(0,3)AngScMom	0.00025656394	0	0	0	0	0	0	0	0	0	0	0	0	0	0	0
S(0,3)Contrast	697.47994	0	0	0	0	0	0	0	0	0	0	0	0	0	0	0
S(0,3)Correlat	0.005985013	0	0	0	0	0	0	0	0	0	0	0	0	0	0	0
S(0,3)SumOfSqs	350.83975	0	0	0	0	0	0	0	0	0	0	0	0	0	0	0
S(0,3)InvDfMom	0.046008047	0	0	0	0	0	0	0	0	0	0	0	0	0	0	0
S(0,3)SumAverg	65.783149	0	0	0	0	0	0	0	0	0	0	0	0	0	0	0
S(0,3)SumVarnc	705.87907	0	0	0	0	0	0	0	0	0	0	0	0	0	0	0
S(0,3)SumEntrp	2.0292895	0	0	0	0	0	0	0	0	0	0	0	0	0	0	0
S(0,3)Entropy	3.601241	0	0	0	0	0	0	0	0	0	0	0	0	0	0	0
S(0,3)DifVarnc	233.69837	0	0	0	0	0	0	0	0	0	0	0	0	0	0	0
S(0,3)DifEntrp	1.7307193	0	0	0	0	0	0	0	0	0	0	0	0	0	0	0
_Area_S(3,3)	128018	0	0	0	0	0	0	0	0	0	0	0	0	0	0	0
S(3,3)AngScMom	0.00025649023	0	0	0	0	0	0	0	0	0	0	0	0	0	0	0
S(3,3)Contrast	701.84054	0	0	0	0	0	0	0	0	0	0	0	0	0	0	0
S(3,3)Correlat	-4.1417485e-05	0	0	0	0	0	0	0	0	0	0	0	0	0	0	0
S(3,3)SumOfSqs	350.90574	0	0	0	0	0	0	0	0	0	0	0	0	0	0	0
S(3,3)InvDfMom	0.046230289	0	0	0	0	0	0	0	0	0	0	0	0	0	0	0
S(3,3)SumAverg	65.793513	0	0	0	0	0	0	0	0	0	0	0	0	0	0	0
S(3,3)SumVarnc	701.7824	0	0	0	0	0	0	0	0	0	0	0	0	0	0	0
S(3,3)SumEntrp	2.0280585	0	0	0	0	0	0	0	0	0	0	0	0	0	0	0
S(3,3)Entropy	3.6013348	0	0	0	0	0	0	0	0	0	0	0	0	0	0	0
S(3,3)DifVarnc	232.42362	0	0	0	0	0	0	0	0	0	0	0	0	0	0	0
S(3,3)DifEntrp	1.7320964	0	0	0	0	0	0	0	0	0	0	0	0	0	0	0
_Area_S(3,-3)	128018	0	0	0	0	0	0	0	0	0	0	0	0	0	0	0
S(3,-3)AngScMom	0.00025660031	0	0	0	0	0	0	0	0	0	0	0	0	0	0	0
S(3,-3)Contrast	699.80026	0	0	0	0	0	0	0	0	0	0	0	0	0	0	0
S(3,-3)Correlat	0.0028289641	0	0	0	0	0	0	0	0	0	0	0	0	0	0	0
S(3,-3)SumOfSqs	350.89279	0	0	0	0	0	0	0	0	0	0	0	0	0	0	0
S(3,-3)InvDfMom	0.048027122	0	0	0	0	0	0	0	0	0	0	0	0	0	0	0
S(3,-3)SumAverg	65.792857	0	0	0	0	0	0	0	0	0	0	0	0	0	0	0
S(3,-3)SumVarnc	703.77091	0	0	0	0	0	0	0	0	0	0	0	0	0	0	0
S(3,-3)SumEntrp	2.0286106	0	0	0	0	0	0	0	0	0	0	0	0	0	0	0
S(3,-3)Entropy	3.6012175	0	0	0	0	0	0	0	0	0	0	0	0	0	0	0
S(3,-3)DifVarnc	234.50647	0	0	0	0	0	0	0	0	0	0	0	0	0	0	0
S(3,-3)DifEntrp	1.7317515	0	0	0	0	0	0	0	0	0	0	0	0	0	0	0
_Area_S(4,0)	129024	0	0	0	0	0	0	0	0	0	0	0	0	0	0	0
S(4,0)AngScMom	0.00025695143	0	0	0	0	0	0	0	0	0	0	0	0	0	0	0
S(4,0)Contrast	693.17634	0	0	0	0	0	0	0	0	0	0	0	0	0	0	0
S(4,0)Correlat	0.012607511	0	0	0	0	0	0	0	0	0	0	0	0	0	0	0
S(4,0)SumOfSqs	351.01358	0	0	0	0	0	0	0	0	0	0	0	0	0	0	0
S(4,0)InvDfMom	0.047075446	0	0	0	0	0	0	0	0	0	0	0	0	0	0	0
S(4,0)SumAverg	65.823909	0	0	0	0	0	0	0	0	0	0	0	0	0	0	0
S(4,0)SumVarnc	710.87797	0	0	0	0	0	0	0	0	0	0	0	0	0	0	0
S(4,0)SumEntrp	2.0306207	0	0	0	0	0	0	0	0	0	0	0	0	0	0	0
S(4,0)Entropy	3.600974	0	0	0	0	0	0	0	0	0	0	0	0	0	0	0
S(4,0)DifVarnc	231.79777	0	0	0	0	0	0	0	0	0	0	0	0	0	0	0
S(4,0)DifEntrp	1.7297277	0	0	0	0	0	0	0	0	0	0	0	0	0	0	0
_Area_S(0,4)	129024	0	0	0	0	0	0	0	0	0	0	0	0	0	0	0
S(0,4)AngScMom	0.00025655293	0	0	0	0	0	0	0	0	0	0	0	0	0	0	0
S(0,4)Contrast	697.69607	0	0	0	0	0	0	0	0	0	0	0	0	0	0	0
S(0,4)Correlat	0.0057602157	0	0	0	0	0	0	0	0	0	0	0	0	0	0	0
S(0,4)SumOfSqs	350.86912	0	0	0	0	0	0	0	0	0	0	0	0	0	0	0
S(0,4)InvDfMom	0.046583576	0	0	0	0	0	0	0	0	0	0	0	0	0	0	0
S(0,4)SumAverg	65.785079	0	0	0	0	0	0	0	0	0	0	0	0	0	0	0
S(0,4)SumVarnc	705.7804	0	0	0	0	0	0	0	0	0	0	0	0	0	0	0
S(0,4)SumEntrp	2.0294669	0	0	0	0	0	0	0	0	0	0	0	0	0	0	0
S(0,4)Entropy	3.601286	0	0	0	0	0	0	0	0	0	0	0	0	0	0	0
S(0,4)DifVarnc	233.50373	0	0	0	0	0	0	0	0	0	0	0	0	0	0	0
S(0,4)DifEntrp	1.7305791	0	0	0	0	0	0	0	0	0	0	0	0	0	0	0
_Area_S(4,4)	127008	0	0	0	0	0	0	0	0	0	0	0	0	0	0	0
S(4,4)AngScMom	0.00025667707	0	0	0	0	0	0	0	0	0	0	0	0	0	0	0
S(4,4)Contrast	704.23532	0	0	0	0	0	0	0	0	0	0	0	0	0	0	0
S(4,4)Correlat	-0.0035472	0	0	0	0	0	0	0	0	0	0	0	0	0	0	0
S(4,4)SumOfSqs	350.87305	0	0	0	0	0	0	0	0	0	0	0	0	0	0	0
S(4,4)InvDfMom	0.046945164	0	0	0	0	0	0	0	0	0	0	0	0	0	0	0
S(4,4)SumAverg	65.796548	0	0	0	0	0	0	0	0	0	0	0	0	0	0	0
S(4,4)SumVarnc	699.25686	0	0	0	0	0	0	0	0	0	0	0	0	0	0	0
S(4,4)SumEntrp	2.027493	0	0	0	0	0	0	0	0	0	0	0	0	0	0	0
S(4,4)Entropy	3.6011742	0	0	0	0	0	0	0	0	0	0	0	0	0	0	0
S(4,4)DifVarnc	236.13828	0	0	0	0	0	0	0	0	0	0	0	0	0	0	0
S(4,4)DifEntrp	1.7325538	0	0	0	0	0	0	0	0	0	0	0	0	0	0	0
_Area_S(4,-4)	127008	0	0	0	0	0	0	0	0	0	0	0	0	0	0	0
S(4,-4)AngScMom	0.00025669988	0	0	0	0	0	0	0	0	0	0	0	0	0	0	0
S(4,-4)Contrast	702.36881	0	0	0	0	0	0	0	0	0	0	0	0	0	0	0
S(4,-4)Correlat	-0.00094361911	0	0	0	0	0	0	0	0	0	0	0	0	0	0	0
S(4,-4)SumOfSqs	350.85333	0	0	0	0	0	0	0	0	0	0	0	0	0	0	0
S(4,-4)InvDfMom	0.046412663	0	0	0	0	0	0	0	0	0	0	0	0	0	0	0
S(4,-4)SumAverg	65.797131	0	0	0	0	0	0	0	0	0	0	0	0	0	0	0
S(4,-4)SumVarnc	701.04452	0	0	0	0	0	0	0	0	0	0	0	0	0	0	0
S(4,-4)SumEntrp	2.0277227	0	0	0	0	0	0	0	0	0	0	0	0	0	0	0
S(4,-4)Entropy	3.6011566	0	0	0	0	0	0	0	0	0	0	0	0	0	0	0
S(4,-4)DifVarnc	234.96448	0	0	0	0	0	0	0	0	0	0	0	0	0	0	0
S(4,-4)DifEntrp	1.7322043	0	0	0	0	0	0	0	0	0	0	0	0	0	0	0
_Area_S(5,0)	128512	0	0	0	0	0	0	0	0	0	0	0	0	0	0	0
S(5,0)AngScMom	0.00025678621	0	0	0	0	0	0	0	0	0	0	0	0	0	0	0
S(5,0)Contrast	696.32612	0	0	0	0	0	0	0	0	0	0	0	0	0	0	0
S(5,0)Correlat	0.0083824071	0	0	0	0	0	0	0	0	0	0	0	0	0	0	0
S(5,0)SumOfSqs	351.10617	0	0	0	0	0	0	0	0	0	0	0	0	0	0	0
S(5,0)InvDfMom	0.048088821	0	0	0	0	0	0	0	0	0	0	0	0	0	0	0
S(5,0)SumAverg	65.822133	0	0	0	0	0	0	0	0	0	0	0	0	0	0	0
S(5,0)SumVarnc	708.09858	0	0	0	0	0	0	0	0	0	0	0	0	0	0	0
S(5,0)SumEntrp	2.0298883	0	0	0	0	0	0	0	0	0	0	0	0	0	0	0
S(5,0)Entropy	3.6011693	0	0	0	0	0	0	0	0	0	0	0	0	0	0	0
S(5,0)DifVarnc	233.85592	0	0	0	0	0	0	0	0	0	0	0	0	0	0	0
S(5,0)DifEntrp	1.7304728	0	0	0	0	0	0	0	0	0	0	0	0	0	0	0
_Area_S(0,5)	128512	0	0	0	0	0	0	0	0	0	0	0	0	0	0	0
S(0,5)AngScMom	0.00025627626	0	0	0	0	0	0	0	0	0	0	0	0	0	0	0
S(0,5)Contrast	702.4364	0	0	0	0	0	0	0	0	0	0	0	0	0	0	0
S(0,5)Correlat	-0.00097708096	0	0	0	0	0	0	0	0	0	0	0	0	0	0	0
S(0,5)SumOfSqs	350.87536	0	0	0	0	0	0	0	0	0	0	0	0	0	0	0
S(0,5)InvDfMom	0.047426388	0	0	0	0	0	0	0	0	0	0	0	0	0	0	0
S(0,5)SumAverg	65.785499	0	0	0	0	0	0	0	0	0	0	0	0	0	0	0
S(0,5)SumVarnc	701.06506	0	0	0	0	0	0	0	0	0	0	0	0	0	0	0
S(0,5)SumEntrp	2.0277435	0	0	0	0	0	0	0	0	0	0	0	0	0	0	0
S(0,5)Entropy	3.6015348	0	0	0	0	0	0	0	0	0	0	0	0	0	0	0
S(0,5)DifVarnc	234.23896	0	0	0	0	0	0	0	0	0	0	0	0	0	0	0
S(0,5)DifEntrp	1.7320675	0	0	0	0	0	0	0	0	0	0	0	0	0	0	0
_Area_S(5,5)	126002	0	0	0	0	0	0	0	0	0	0	0	0	0	0	0
S(5,5)AngScMom	0.00025657638	0	0	0	0	0	0	0	0	0	0	0	0	0	0	0
S(5,5)Contrast	702.90143	0	0	0	0	0	0	0	0	0	0	0	0	0	0	0
S(5,5)Correlat	-0.0013844846	0	0	0	0	0	0	0	0	0	0	0	0	0	0	0
S(5,5)SumOfSqs	350.96481	0	0	0	0	0	0	0	0	0	0	0	0	0	0	0
S(5,5)InvDfMom	0.046488052	0	0	0	0	0	0	0	0	0	0	0	0	0	0	0
S(5,5)SumAverg	65.796146	0	0	0	0	0	0	0	0	0	0	0	0	0	0	0
S(5,5)SumVarnc	700.95781	0	0	0	0	0	0	0	0	0	0	0	0	0	0	0
S(5,5)SumEntrp	2.0278192	0	0	0	0	0	0	0	0	0	0	0	0	0	0	0
S(5,5)Entropy	3.6012679	0	0	0	0	0	0	0	0	0	0	0	0	0	0	0
S(5,5)DifVarnc	233.75591	0	0	0	0	0	0	0	0	0	0	0	0	0	0	0
S(5,5)DifEntrp	1.731973	0	0	0	0	0	0	0	0	0	0	0	0	0	0	0
_Area_S(5,-5)	126002	0	0	0	0	0	0	0	0	0	0	0	0	0	0	0
S(5,-5)AngScMom	0.00025689925	0	0	0	0	0	0	0	0	0	0	0	0	0	0	0
S(5,-5)Contrast	701.20455	0	0	0	0	0	0	0	0	0	0	0	0	0	0	0
S(5,-5)Correlat	0.0010310103	0	0	0	0	0	0	0	0	0	0	0	0	0	0	0
S(5,-5)SumOfSqs	350.96412	0	0	0	0	0	0	0	0	0	0	0	0	0	0	0
S(5,-5)InvDfMom	0.047683151	0	0	0	0	0	0	0	0	0	0	0	0	0	0	0
S(5,-5)SumAverg	65.796035	0	0	0	0	0	0	0	0	0	0	0	0	0	0	0
S(5,-5)SumVarnc	702.65194	0	0	0	0	0	0	0	0	0	0	0	0	0	0	0
S(5,-5)SumEntrp	2.0284241	0	0	0	0	0	0	0	0	0	0	0	0	0	0	0
S(5,-5)Entropy	3.6009706	0	0	0	0	0	0	0	0	0	0	0	0	0	0	0
S(5,-5)DifVarnc	234.41248	0	0	0	0	0	0	0	0	0	0	0	0	0	0	0
S(5,-5)DifEntrp	1.7319363	0	0	0	0	0	0	0	0	0	0	0	0	0	0	0
Horzl_RLNonUni	61669.667	0	0	0	0	0	0	0	0	0	0	0	0	0	0	0
Horzl_GLevNonU	1012.2053	0	0	0	0	0	0	0	0	0	0	0	0	0	0	0
Horzl_LngREmph	1.0634374	0	0	0	0	0	0	0	0	0	0	0	0	0	0	0
Horzl_ShrtREmp	0.98481665	0	0	0	0	0	0	0	0	0	0	0	0	0	0	0
Horzl_Fraction	0.97969055	0	0	0	0	0	0	0	0	0	0	0	0	0	0	0
Vertl_RLNonUni	62406.782	0	0	0	0	0	0	0	0	0	0	0	0	0	0	0
Vertl_GLevNonU	1017.2612	0	0	0	0	0	0	0	0	0	0	0	0	0	0	0
Vertl_LngREmph	1.0498658	0	0	0	0	0	0	0	0	0	0	0	0	0	0	0
Vertl_ShrtREmp	0.98775758	0	0	0	0	0	0	0	0	0	0	0	0	0	0	0
Vertl_Fraction	0.98377991	0	0	0	0	0	0	0	0	0	0	0	0	0	0	0
45dgr_RLNonUni	62414.271	0	0	0	0	0	0	0	0	0	0	0	0	0	0	0
45dgr_GLevNonU	1017.1283	0	0	0	0	0	0	0	0	0	0	0	0	0	0	0
45dgr_LngREmph	1.0502086	0	0	0	0	0	0	0	0	0	0	0	0	0	0	0
45dgr_ShrtREmp	0.98780169	0	0	0	0	0	0	0	0	0	0	0	0	0	0	0
45dgr_Fraction	0.98374939	0	0	0	0	0	0	0	0	0	0	0	0	0	0	0
135dr_RLNonUni	62638.973	0	0	0	0	0	0	0	0	0	0	0	0	0	0	0
135dr_GLevNonU	1018.5475	0	0	0	0	0	0	0	0	0	0	0	0	0	0	0
135dr_LngREmph	1.045946	0	0	0	0	0	0	0	0	0	0	0	0	0	0	0
135dr_ShrtREmp	0.98868561	0	0	0	0	0	0	0	0	0	0	0	0	0	0	0
135dr_Fraction	0.98501587	0	0	0	0	0	0	0	0	0	0	0	0	0	0	0
_AreaGr	64516	0	0	0	0	0	0	0	0	0	0	0	0	0	0	0
GrMean	8.3743786	0	0	0	0	0	0	0	0	0	0	0	0	0	0	0
GrVariance	16.045848	0	0	0	0	0	0	0	0	0	0	0	0	0	0	0
GrSkewness	0.17134787	0	0	0	0	0	0	0	0	0	0	0	0	0	0	0
GrKurtosis	-0.68961112	0	0	0	0	0	0	0	0	0	0	0	0	0	0	0
GrNonZeros	0.99600099	0	0	0	0	0	0	0	0	0	0	0	0	0	0	0
_AreaARM	64770	0	0	0	0	0	0	0	0	0	0	0	0	0	0	0
Teta1	0.056869262	0	0	0	0	0	0	0	0	0	0	0	0	0	0	0
Teta2	0.0047331913	0	0	0	0	0	0	0	0	0	0	0	0	0	0	0
Teta3	-0.0015129303	0	0	0	0	0	0	0	0	0	0	0	0	0	0	0
Teta4	-0.0044568183	0	0	0	0	0	0	0	0	0	0	0	0	0	0	0
Sigma	0.99787549	0	0	0	0	0	0	0	0	0	0	0	0	0	0	0
WavEnLL_s-1	18150.889	0	0	0	0	0	0	0	0	0	0	0	0	0	0	0
WavEnLH_s-1	1489.723	0	0	0	0	0	0	0	0	0	0	0	0	0	0	0
WavEnHL_s-1	1329.3234	0	0	0	0	0	0	0	0	0	0	0	0	0	0	0
WavEnHH_s-1	1334.5346	0	0	0	0	0	0	0	0	0	0	0	0	0	0	0
WavEnLL_s-2	17079.714	0	0	0	0	0	0	0	0	0	0	0	0	0	0	0
WavEnLH_s-2	385.20252	0	0	0	0	0	0	0	0	0	0	0	0	0	0	0
WavEnHL_s-2	344.60955	0	0	0	0	0	0	0	0	0	0	0	0	0	0	0
WavEnHH_s-2	341.36254	0	0	0	0	0	0	0	0	0	0	0	0	0	0	0
WavEnLL_s-3	16783.959	0	0	0	0	0	0	0	0	0	0	0	0	0	0	0
WavEnLH_s-3	104.08111	0	0	0	0	0	0	0	0	0	0	0	0	0	0	0
WavEnHL_s-3	100.32403	0	0	0	0	0	0	0	0	0	0	0	0	0	0	0
WavEnHH_s-3	91.349615	0	0	0	0	0	0	0	0	0	0	0	0	0	0	0
WavEnLL_s-4	16703.218	0	0	0	0	0	0	0	0	0	0	0	0	0	0	0
WavEnLH_s-4	29.614622	0	0	0	0	0	0	0	0	0	0	0	0	0	0	0
WavEnHL_s-4	24.421354	0	0	0	0	0	0	0	0	0	0	0	0	0	0	0
WavEnHH_s-4	26.705084	0	0	0	0	0	0	0	0	0	0	0	0	0	0	0
