Image File: stone1-a-p005.png 
ROI File: allred.roi 
Image size: 256 x 256
Min. lum.: 1
Max. lum.: 256
Bits/pixel: 8

Normalisation =  No
Histogram analysis = Yes
CO matrix analysis = Yes, Dimensions = 6 x 6, Distances = 1 2 3 4 5
RL matrix analysis = Yes, Dimension = 6
Gradient analysis = Yes, Max pixel value = 16
AR model analysis = Yes
Wavelet analysis = Yes

--------------- CLASS NAMES ----------------

----------------- FEATURES -----------------
_Area	65536	0	0	0	0	0	0	0	0	0	0	0	0	0	0	0
Mean	127.51663	0	0	0	0	0	0	0	0	0	0	0	0	0	0	0
Variance	5687.6793	0	0	0	0	0	0	0	0	0	0	0	0	0	0	0
Skewness	0.0051146742	0	0	0	0	0	0	0	0	0	0	0	0	0	0	0
Kurtosis	-1.2161267	0	0	0	0	0	0	0	0	0	0	0	0	0	0	0
Perc.01%	2	0	0	0	0	0	0	0	0	0	0	0	0	0	0	0
Perc.10%	23	0	0	0	0	0	0	0	0	0	0	0	0	0	0	0
Perc.50%	128	0	0	0	0	0	0	0	0	0	0	0	0	0	0	0
Perc.90%	232	0	0	0	0	0	0	0	0	0	0	0	0	0	0	0
Perc.99%	254	0	0	0	0	0	0	0	0	0	0	0	0	0	0	0
_Area_S(1,0)	130560	0	0	0	0	0	0	0	0	0	0	0	0	0	0	0
S(1,0)AngScMom	0.0002656388	0	0	0	0	0	0	0	0	0	0	0	0	0	0	0
S(1,0)Contrast	665.33631	0	0	0	0	0	0	0	0	0	0	0	0	0	0	0
S(1,0)Correlat	0.062115034	0	0	0	0	0	0	0	0	0	0	0	0	0	0	0
S(1,0)SumOfSqs	354.70038	0	0	0	0	0	0	0	0	0	0	0	0	0	0	0
S(1,0)InvDfMom	0.051607279	0	0	0	0	0	0	0	0	0	0	0	0	0	0	0
S(1,0)SumAverg	64.515227	0	0	0	0	0	0	0	0	0	0	0	0	0	0	0
S(1,0)SumVarnc	753.46521	0	0	0	0	0	0	0	0	0	0	0	0	0	0	0
S(1,0)SumEntrp	2.0412876	0	0	0	0	0	0	0	0	0	0	0	0	0	0	0
S(1,0)Entropy	3.5949873	0	0	0	0	0	0	0	0	0	0	0	0	0	0	0
S(1,0)DifVarnc	226.88683	0	0	0	0	0	0	0	0	0	0	0	0	0	0	0
S(1,0)DifEntrp	1.7218679	0	0	0	0	0	0	0	0	0	0	0	0	0	0	0
_Area_S(0,1)	130560	0	0	0	0	0	0	0	0	0	0	0	0	0	0	0
S(0,1)AngScMom	0.00025630624	0	0	0	0	0	0	0	0	0	0	0	0	0	0	0
S(0,1)Contrast	708.15311	0	0	0	0	0	0	0	0	0	0	0	0	0	0	0
S(0,1)Correlat	0.0013858719	0	0	0	0	0	0	0	0	0	0	0	0	0	0	0
S(0,1)SumOfSqs	354.56794	0	0	0	0	0	0	0	0	0	0	0	0	0	0	0
S(0,1)InvDfMom	0.046147848	0	0	0	0	0	0	0	0	0	0	0	0	0	0	0
S(0,1)SumAverg	64.519317	0	0	0	0	0	0	0	0	0	0	0	0	0	0	0
S(0,1)SumVarnc	710.11865	0	0	0	0	0	0	0	0	0	0	0	0	0	0	0
S(0,1)SumEntrp	2.0303703	0	0	0	0	0	0	0	0	0	0	0	0	0	0	0
S(0,1)Entropy	3.6017031	0	0	0	0	0	0	0	0	0	0	0	0	0	0	0
S(0,1)DifVarnc	235.86261	0	0	0	0	0	0	0	0	0	0	0	0	0	0	0
S(0,1)DifEntrp	1.7338351	0	0	0	0	0	0	0	0	0	0	0	0	0	0	0
_Area_S(1,1)	130050	0	0	0	0	0	0	0	0	0	0	0	0	0	0	0
S(1,1)AngScMom	0.00025661476	0	0	0	0	0	0	0	0	0	0	0	0	0	0	0
S(1,1)Contrast	710.3451	0	0	0	0	0	0	0	0	0	0	0	0	0	0	0
S(1,1)Correlat	-0.0017190909	0	0	0	0	0	0	0	0	0	0	0	0	0	0	0
S(1,1)SumOfSqs	354.56302	0	0	0	0	0	0	0	0	0	0	0	0	0	0	0
S(1,1)InvDfMom	0.04657104	0	0	0	0	0	0	0	0	0	0	0	0	0	0	0
S(1,1)SumAverg	64.518385	0	0	0	0	0	0	0	0	0	0	0	0	0	0	0
S(1,1)SumVarnc	707.90699	0	0	0	0	0	0	0	0	0	0	0	0	0	0	0
S(1,1)SumEntrp	2.0298349	0	0	0	0	0	0	0	0	0	0	0	0	0	0	0
S(1,1)Entropy	3.6014758	0	0	0	0	0	0	0	0	0	0	0	0	0	0	0
S(1,1)DifVarnc	236.15119	0	0	0	0	0	0	0	0	0	0	0	0	0	0	0
S(1,1)DifEntrp	1.7345986	0	0	0	0	0	0	0	0	0	0	0	0	0	0	0
_Area_S(1,-1)	130050	0	0	0	0	0	0	0	0	0	0	0	0	0	0	0
S(1,-1)AngScMom	0.00025680573	0	0	0	0	0	0	0	0	0	0	0	0	0	0	0
S(1,-1)Contrast	709.85681	0	0	0	0	0	0	0	0	0	0	0	0	0	0	0
S(1,-1)Correlat	-0.0010405267	0	0	0	0	0	0	0	0	0	0	0	0	0	0	0
S(1,-1)SumOfSqs	354.55948	0	0	0	0	0	0	0	0	0	0	0	0	0	0	0
S(1,-1)InvDfMom	0.045880237	0	0	0	0	0	0	0	0	0	0	0	0	0	0	0
S(1,-1)SumAverg	64.518216	0	0	0	0	0	0	0	0	0	0	0	0	0	0	0
S(1,-1)SumVarnc	708.38109	0	0	0	0	0	0	0	0	0	0	0	0	0	0	0
S(1,-1)SumEntrp	2.029792	0	0	0	0	0	0	0	0	0	0	0	0	0	0	0
S(1,-1)Entropy	3.6011385	0	0	0	0	0	0	0	0	0	0	0	0	0	0	0
S(1,-1)DifVarnc	235.28172	0	0	0	0	0	0	0	0	0	0	0	0	0	0	0
S(1,-1)DifEntrp	1.7342561	0	0	0	0	0	0	0	0	0	0	0	0	0	0	0
_Area_S(2,0)	130048	0	0	0	0	0	0	0	0	0	0	0	0	0	0	0
S(2,0)AngScMom	0.00025788491	0	0	0	0	0	0	0	0	0	0	0	0	0	0	0
S(2,0)Contrast	688.86828	0	0	0	0	0	0	0	0	0	0	0	0	0	0	0
S(2,0)Correlat	0.029072063	0	0	0	0	0	0	0	0	0	0	0	0	0	0	0
S(2,0)SumOfSqs	354.74738	0	0	0	0	0	0	0	0	0	0	0	0	0	0	0
S(2,0)InvDfMom	0.048263687	0	0	0	0	0	0	0	0	0	0	0	0	0	0	0
S(2,0)SumAverg	64.526898	0	0	0	0	0	0	0	0	0	0	0	0	0	0	0
S(2,0)SumVarnc	730.12123	0	0	0	0	0	0	0	0	0	0	0	0	0	0	0
S(2,0)SumEntrp	2.0357739	0	0	0	0	0	0	0	0	0	0	0	0	0	0	0
S(2,0)Entropy	3.6006252	0	0	0	0	0	0	0	0	0	0	0	0	0	0	0
S(2,0)DifVarnc	231.70346	0	0	0	0	0	0	0	0	0	0	0	0	0	0	0
S(2,0)DifEntrp	1.728662	0	0	0	0	0	0	0	0	0	0	0	0	0	0	0
_Area_S(0,2)	130048	0	0	0	0	0	0	0	0	0	0	0	0	0	0	0
S(0,2)AngScMom	0.00025657487	0	0	0	0	0	0	0	0	0	0	0	0	0	0	0
S(0,2)Contrast	710.16265	0	0	0	0	0	0	0	0	0	0	0	0	0	0	0
S(0,2)Correlat	-0.0015073765	0	0	0	0	0	0	0	0	0	0	0	0	0	0	0
S(0,2)SumOfSqs	354.54689	0	0	0	0	0	0	0	0	0	0	0	0	0	0	0
S(0,2)InvDfMom	0.04774077	0	0	0	0	0	0	0	0	0	0	0	0	0	0	0
S(0,2)SumAverg	64.489942	0	0	0	0	0	0	0	0	0	0	0	0	0	0	0
S(0,2)SumVarnc	708.0249	0	0	0	0	0	0	0	0	0	0	0	0	0	0	0
S(0,2)SumEntrp	2.0299143	0	0	0	0	0	0	0	0	0	0	0	0	0	0	0
S(0,2)Entropy	3.6014563	0	0	0	0	0	0	0	0	0	0	0	0	0	0	0
S(0,2)DifVarnc	238.0122	0	0	0	0	0	0	0	0	0	0	0	0	0	0	0
S(0,2)DifEntrp	1.7345152	0	0	0	0	0	0	0	0	0	0	0	0	0	0	0
_Area_S(2,2)	129032	0	0	0	0	0	0	0	0	0	0	0	0	0	0	0
S(2,2)AngScMom	0.00025655187	0	0	0	0	0	0	0	0	0	0	0	0	0	0	0
S(2,2)Contrast	710.4849	0	0	0	0	0	0	0	0	0	0	0	0	0	0	0
S(2,2)Correlat	-0.0018646381	0	0	0	0	0	0	0	0	0	0	0	0	0	0	0
S(2,2)SumOfSqs	354.58129	0	0	0	0	0	0	0	0	0	0	0	0	0	0	0
S(2,2)InvDfMom	0.046916784	0	0	0	0	0	0	0	0	0	0	0	0	0	0	0
S(2,2)SumAverg	64.501147	0	0	0	0	0	0	0	0	0	0	0	0	0	0	0
S(2,2)SumVarnc	707.84024	0	0	0	0	0	0	0	0	0	0	0	0	0	0	0
S(2,2)SumEntrp	2.0296848	0	0	0	0	0	0	0	0	0	0	0	0	0	0	0
S(2,2)Entropy	3.6015078	0	0	0	0	0	0	0	0	0	0	0	0	0	0	0
S(2,2)DifVarnc	236.96852	0	0	0	0	0	0	0	0	0	0	0	0	0	0	0
S(2,2)DifEntrp	1.7341235	0	0	0	0	0	0	0	0	0	0	0	0	0	0	0
_Area_S(2,-2)	129032	0	0	0	0	0	0	0	0	0	0	0	0	0	0	0
S(2,-2)AngScMom	0.0002565091	0	0	0	0	0	0	0	0	0	0	0	0	0	0	0
S(2,-2)Contrast	708.17757	0	0	0	0	0	0	0	0	0	0	0	0	0	0	0
S(2,-2)Correlat	0.0013858462	0	0	0	0	0	0	0	0	0	0	0	0	0	0	0
S(2,-2)SumOfSqs	354.58018	0	0	0	0	0	0	0	0	0	0	0	0	0	0	0
S(2,-2)InvDfMom	0.047074594	0	0	0	0	0	0	0	0	0	0	0	0	0	0	0
S(2,-2)SumAverg	64.499938	0	0	0	0	0	0	0	0	0	0	0	0	0	0	0
S(2,-2)SumVarnc	710.14314	0	0	0	0	0	0	0	0	0	0	0	0	0	0	0
S(2,-2)SumEntrp	2.0304453	0	0	0	0	0	0	0	0	0	0	0	0	0	0	0
S(2,-2)Entropy	3.6015212	0	0	0	0	0	0	0	0	0	0	0	0	0	0	0
S(2,-2)DifVarnc	235.23575	0	0	0	0	0	0	0	0	0	0	0	0	0	0	0
S(2,-2)DifEntrp	1.7339514	0	0	0	0	0	0	0	0	0	0	0	0	0	0	0
_Area_S(3,0)	129536	0	0	0	0	0	0	0	0	0	0	0	0	0	0	0
S(3,0)AngScMom	0.00025730353	0	0	0	0	0	0	0	0	0	0	0	0	0	0	0
S(3,0)Contrast	695.05904	0	0	0	0	0	0	0	0	0	0	0	0	0	0	0
S(3,0)Correlat	0.020319486	0	0	0	0	0	0	0	0	0	0	0	0	0	0	0
S(3,0)SumOfSqs	354.73761	0	0	0	0	0	0	0	0	0	0	0	0	0	0	0
S(3,0)InvDfMom	0.048015458	0	0	0	0	0	0	0	0	0	0	0	0	0	0	0
S(3,0)SumAverg	64.526865	0	0	0	0	0	0	0	0	0	0	0	0	0	0	0
S(3,0)SumVarnc	723.89139	0	0	0	0	0	0	0	0	0	0	0	0	0	0	0
S(3,0)SumEntrp	2.0341747	0	0	0	0	0	0	0	0	0	0	0	0	0	0	0
S(3,0)Entropy	3.6010708	0	0	0	0	0	0	0	0	0	0	0	0	0	0	0
S(3,0)DifVarnc	233.09713	0	0	0	0	0	0	0	0	0	0	0	0	0	0	0
S(3,0)DifEntrp	1.7305377	0	0	0	0	0	0	0	0	0	0	0	0	0	0	0
_Area_S(0,3)	129536	0	0	0	0	0	0	0	0	0	0	0	0	0	0	0
S(0,3)AngScMom	0.00025654738	0	0	0	0	0	0	0	0	0	0	0	0	0	0	0
S(0,3)Contrast	708.51646	0	0	0	0	0	0	0	0	0	0	0	0	0	0	0
S(0,3)Correlat	0.00093956019	0	0	0	0	0	0	0	0	0	0	0	0	0	0	0
S(0,3)SumOfSqs	354.59139	0	0	0	0	0	0	0	0	0	0	0	0	0	0	0
S(0,3)InvDfMom	0.04531788	0	0	0	0	0	0	0	0	0	0	0	0	0	0	0
S(0,3)SumAverg	64.485518	0	0	0	0	0	0	0	0	0	0	0	0	0	0	0
S(0,3)SumVarnc	709.8491	0	0	0	0	0	0	0	0	0	0	0	0	0	0	0
S(0,3)SumEntrp	2.0303239	0	0	0	0	0	0	0	0	0	0	0	0	0	0	0
S(0,3)Entropy	3.601468	0	0	0	0	0	0	0	0	0	0	0	0	0	0	0
S(0,3)DifVarnc	235.20811	0	0	0	0	0	0	0	0	0	0	0	0	0	0	0
S(0,3)DifEntrp	1.7338466	0	0	0	0	0	0	0	0	0	0	0	0	0	0	0
_Area_S(3,3)	128018	0	0	0	0	0	0	0	0	0	0	0	0	0	0	0
S(3,3)AngScMom	0.00025617978	0	0	0	0	0	0	0	0	0	0	0	0	0	0	0
S(3,3)Contrast	710.435	0	0	0	0	0	0	0	0	0	0	0	0	0	0	0
S(3,3)Correlat	-0.0016768757	0	0	0	0	0	0	0	0	0	0	0	0	0	0	0
S(3,3)SumOfSqs	354.62284	0	0	0	0	0	0	0	0	0	0	0	0	0	0	0
S(3,3)InvDfMom	0.045993958	0	0	0	0	0	0	0	0	0	0	0	0	0	0	0
S(3,3)SumAverg	64.49818	0	0	0	0	0	0	0	0	0	0	0	0	0	0	0
S(3,3)SumVarnc	708.05637	0	0	0	0	0	0	0	0	0	0	0	0	0	0	0
S(3,3)SumEntrp	2.0297755	0	0	0	0	0	0	0	0	0	0	0	0	0	0	0
S(3,3)Entropy	3.601719	0	0	0	0	0	0	0	0	0	0	0	0	0	0	0
S(3,3)DifVarnc	236.24081	0	0	0	0	0	0	0	0	0	0	0	0	0	0	0
S(3,3)DifEntrp	1.734595	0	0	0	0	0	0	0	0	0	0	0	0	0	0	0
_Area_S(3,-3)	128018	0	0	0	0	0	0	0	0	0	0	0	0	0	0	0
S(3,-3)AngScMom	0.00025678642	0	0	0	0	0	0	0	0	0	0	0	0	0	0	0
S(3,-3)Contrast	712.84626	0	0	0	0	0	0	0	0	0	0	0	0	0	0	0
S(3,-3)Correlat	-0.0051042482	0	0	0	0	0	0	0	0	0	0	0	0	0	0	0
S(3,-3)SumOfSqs	354.61309	0	0	0	0	0	0	0	0	0	0	0	0	0	0	0
S(3,-3)InvDfMom	0.046875973	0	0	0	0	0	0	0	0	0	0	0	0	0	0	0
S(3,-3)SumAverg	64.494524	0	0	0	0	0	0	0	0	0	0	0	0	0	0	0
S(3,-3)SumVarnc	705.60612	0	0	0	0	0	0	0	0	0	0	0	0	0	0	0
S(3,-3)SumEntrp	2.0291211	0	0	0	0	0	0	0	0	0	0	0	0	0	0	0
S(3,-3)Entropy	3.6012886	0	0	0	0	0	0	0	0	0	0	0	0	0	0	0
S(3,-3)DifVarnc	237.58187	0	0	0	0	0	0	0	0	0	0	0	0	0	0	0
S(3,-3)DifEntrp	1.7349946	0	0	0	0	0	0	0	0	0	0	0	0	0	0	0
_Area_S(4,0)	129024	0	0	0	0	0	0	0	0	0	0	0	0	0	0	0
S(4,0)AngScMom	0.00025693846	0	0	0	0	0	0	0	0	0	0	0	0	0	0	0
S(4,0)Contrast	700.88708	0	0	0	0	0	0	0	0	0	0	0	0	0	0	0
S(4,0)Correlat	0.012115193	0	0	0	0	0	0	0	0	0	0	0	0	0	0	0
S(4,0)SumOfSqs	354.7413	0	0	0	0	0	0	0	0	0	0	0	0	0	0	0
S(4,0)InvDfMom	0.048018123	0	0	0	0	0	0	0	0	0	0	0	0	0	0	0
S(4,0)SumAverg	64.529157	0	0	0	0	0	0	0	0	0	0	0	0	0	0	0
S(4,0)SumVarnc	718.07811	0	0	0	0	0	0	0	0	0	0	0	0	0	0	0
S(4,0)SumEntrp	2.0326307	0	0	0	0	0	0	0	0	0	0	0	0	0	0	0
S(4,0)Entropy	3.6011188	0	0	0	0	0	0	0	0	0	0	0	0	0	0	0
S(4,0)DifVarnc	234.57361	0	0	0	0	0	0	0	0	0	0	0	0	0	0	0
S(4,0)DifEntrp	1.7320643	0	0	0	0	0	0	0	0	0	0	0	0	0	0	0
_Area_S(0,4)	129024	0	0	0	0	0	0	0	0	0	0	0	0	0	0	0
S(0,4)AngScMom	0.00025670683	0	0	0	0	0	0	0	0	0	0	0	0	0	0	0
S(0,4)Contrast	707.14755	0	0	0	0	0	0	0	0	0	0	0	0	0	0	0
S(0,4)Correlat	0.0027407101	0	0	0	0	0	0	0	0	0	0	0	0	0	0	0
S(0,4)SumOfSqs	354.54548	0	0	0	0	0	0	0	0	0	0	0	0	0	0	0
S(0,4)InvDfMom	0.047256666	0	0	0	0	0	0	0	0	0	0	0	0	0	0	0
S(0,4)SumAverg	64.492017	0	0	0	0	0	0	0	0	0	0	0	0	0	0	0
S(0,4)SumVarnc	711.03438	0	0	0	0	0	0	0	0	0	0	0	0	0	0	0
S(0,4)SumEntrp	2.0306437	0	0	0	0	0	0	0	0	0	0	0	0	0	0	0
S(0,4)Entropy	3.6014177	0	0	0	0	0	0	0	0	0	0	0	0	0	0	0
S(0,4)DifVarnc	235.68784	0	0	0	0	0	0	0	0	0	0	0	0	0	0	0
S(0,4)DifEntrp	1.7334216	0	0	0	0	0	0	0	0	0	0	0	0	0	0	0
_Area_S(4,4)	127008	0	0	0	0	0	0	0	0	0	0	0	0	0	0	0
S(4,4)AngScMom	0.00025669926	0	0	0	0	0	0	0	0	0	0	0	0	0	0	0
S(4,4)Contrast	710.35173	0	0	0	0	0	0	0	0	0	0	0	0	0	0	0
S(4,4)Correlat	-0.0016535374	0	0	0	0	0	0	0	0	0	0	0	0	0	0	0
S(4,4)SumOfSqs	354.58954	0	0	0	0	0	0	0	0	0	0	0	0	0	0	0
S(4,4)InvDfMom	0.04633501	0	0	0	0	0	0	0	0	0	0	0	0	0	0	0
S(4,4)SumAverg	64.508377	0	0	0	0	0	0	0	0	0	0	0	0	0	0	0
S(4,4)SumVarnc	708.00642	0	0	0	0	0	0	0	0	0	0	0	0	0	0	0
S(4,4)SumEntrp	2.0299123	0	0	0	0	0	0	0	0	0	0	0	0	0	0	0
S(4,4)Entropy	3.6014043	0	0	0	0	0	0	0	0	0	0	0	0	0	0	0
S(4,4)DifVarnc	236.41888	0	0	0	0	0	0	0	0	0	0	0	0	0	0	0
S(4,4)DifEntrp	1.7346214	0	0	0	0	0	0	0	0	0	0	0	0	0	0	0
_Area_S(4,-4)	127008	0	0	0	0	0	0	0	0	0	0	0	0	0	0	0
S(4,-4)AngScMom	0.00025711411	0	0	0	0	0	0	0	0	0	0	0	0	0	0	0
S(4,-4)Contrast	707.67711	0	0	0	0	0	0	0	0	0	0	0	0	0	0	0
S(4,-4)Correlat	0.0020707902	0	0	0	0	0	0	0	0	0	0	0	0	0	0	0
S(4,-4)SumOfSqs	354.5728	0	0	0	0	0	0	0	0	0	0	0	0	0	0	0
S(4,-4)InvDfMom	0.045902985	0	0	0	0	0	0	0	0	0	0	0	0	0	0	0
S(4,-4)SumAverg	64.503543	0	0	0	0	0	0	0	0	0	0	0	0	0	0	0
S(4,-4)SumVarnc	710.61409	0	0	0	0	0	0	0	0	0	0	0	0	0	0	0
S(4,-4)SumEntrp	2.0303856	0	0	0	0	0	0	0	0	0	0	0	0	0	0	0
S(4,-4)Entropy	3.6009685	0	0	0	0	0	0	0	0	0	0	0	0	0	0	0
S(4,-4)DifVarnc	236.02123	0	0	0	0	0	0	0	0	0	0	0	0	0	0	0
S(4,-4)DifEntrp	1.7336185	0	0	0	0	0	0	0	0	0	0	0	0	0	0	0
_Area_S(5,0)	128512	0	0	0	0	0	0	0	0	0	0	0	0	0	0	0
S(5,0)AngScMom	0.00025649884	0	0	0	0	0	0	0	0	0	0	0	0	0	0	0
S(5,0)Contrast	703.91531	0	0	0	0	0	0	0	0	0	0	0	0	0	0	0
S(5,0)Correlat	0.0080743956	0	0	0	0	0	0	0	0	0	0	0	0	0	0	0
S(5,0)SumOfSqs	354.82263	0	0	0	0	0	0	0	0	0	0	0	0	0	0	0
S(5,0)InvDfMom	0.046991939	0	0	0	0	0	0	0	0	0	0	0	0	0	0	0
S(5,0)SumAverg	64.532962	0	0	0	0	0	0	0	0	0	0	0	0	0	0	0
S(5,0)SumVarnc	715.37522	0	0	0	0	0	0	0	0	0	0	0	0	0	0	0
S(5,0)SumEntrp	2.0319063	0	0	0	0	0	0	0	0	0	0	0	0	0	0	0
S(5,0)Entropy	3.6015487	0	0	0	0	0	0	0	0	0	0	0	0	0	0	0
S(5,0)DifVarnc	234.20062	0	0	0	0	0	0	0	0	0	0	0	0	0	0	0
S(5,0)DifEntrp	1.7328167	0	0	0	0	0	0	0	0	0	0	0	0	0	0	0
_Area_S(0,5)	128512	0	0	0	0	0	0	0	0	0	0	0	0	0	0	0
S(0,5)AngScMom	0.0002562501	0	0	0	0	0	0	0	0	0	0	0	0	0	0	0
S(0,5)Contrast	710.56835	0	0	0	0	0	0	0	0	0	0	0	0	0	0	0
S(0,5)Correlat	-0.001907365	0	0	0	0	0	0	0	0	0	0	0	0	0	0	0
S(0,5)SumOfSqs	354.60781	0	0	0	0	0	0	0	0	0	0	0	0	0	0	0
S(0,5)InvDfMom	0.046336149	0	0	0	0	0	0	0	0	0	0	0	0	0	0	0
S(0,5)SumAverg	64.497417	0	0	0	0	0	0	0	0	0	0	0	0	0	0	0
S(0,5)SumVarnc	707.86289	0	0	0	0	0	0	0	0	0	0	0	0	0	0	0
S(0,5)SumEntrp	2.0299501	0	0	0	0	0	0	0	0	0	0	0	0	0	0	0
S(0,5)Entropy	3.6017524	0	0	0	0	0	0	0	0	0	0	0	0	0	0	0
S(0,5)DifVarnc	236.40309	0	0	0	0	0	0	0	0	0	0	0	0	0	0	0
S(0,5)DifEntrp	1.7344277	0	0	0	0	0	0	0	0	0	0	0	0	0	0	0
_Area_S(5,5)	126002	0	0	0	0	0	0	0	0	0	0	0	0	0	0	0
S(5,5)AngScMom	0.00025679595	0	0	0	0	0	0	0	0	0	0	0	0	0	0	0
S(5,5)Contrast	712.61156	0	0	0	0	0	0	0	0	0	0	0	0	0	0	0
S(5,5)Correlat	-0.0044588481	0	0	0	0	0	0	0	0	0	0	0	0	0	0	0
S(5,5)SumOfSqs	354.72412	0	0	0	0	0	0	0	0	0	0	0	0	0	0	0
S(5,5)InvDfMom	0.046315191	0	0	0	0	0	0	0	0	0	0	0	0	0	0	0
S(5,5)SumAverg	64.517881	0	0	0	0	0	0	0	0	0	0	0	0	0	0	0
S(5,5)SumVarnc	706.28492	0	0	0	0	0	0	0	0	0	0	0	0	0	0	0
S(5,5)SumEntrp	2.0294406	0	0	0	0	0	0	0	0	0	0	0	0	0	0	0
S(5,5)Entropy	3.601201	0	0	0	0	0	0	0	0	0	0	0	0	0	0	0
S(5,5)DifVarnc	235.80818	0	0	0	0	0	0	0	0	0	0	0	0	0	0	0
S(5,5)DifEntrp	1.7350072	0	0	0	0	0	0	0	0	0	0	0	0	0	0	0
_Area_S(5,-5)	126002	0	0	0	0	0	0	0	0	0	0	0	0	0	0	0
S(5,-5)AngScMom	0.00025676874	0	0	0	0	0	0	0	0	0	0	0	0	0	0	0
S(5,-5)Contrast	711.49607	0	0	0	0	0	0	0	0	0	0	0	0	0	0	0
S(5,-5)Correlat	-0.0029268628	0	0	0	0	0	0	0	0	0	0	0	0	0	0	0
S(5,-5)SumOfSqs	354.70985	0	0	0	0	0	0	0	0	0	0	0	0	0	0	0
S(5,-5)InvDfMom	0.046175369	0	0	0	0	0	0	0	0	0	0	0	0	0	0	0
S(5,-5)SumAverg	64.510944	0	0	0	0	0	0	0	0	0	0	0	0	0	0	0
S(5,-5)SumVarnc	707.34332	0	0	0	0	0	0	0	0	0	0	0	0	0	0	0
S(5,-5)SumEntrp	2.0295442	0	0	0	0	0	0	0	0	0	0	0	0	0	0	0
S(5,-5)Entropy	3.6013044	0	0	0	0	0	0	0	0	0	0	0	0	0	0	0
S(5,-5)DifVarnc	237.05146	0	0	0	0	0	0	0	0	0	0	0	0	0	0	0
S(5,-5)DifEntrp	1.7343926	0	0	0	0	0	0	0	0	0	0	0	0	0	0	0
Horzl_RLNonUni	61974.357	0	0	0	0	0	0	0	0	0	0	0	0	0	0	0
Horzl_GLevNonU	1013.7118	0	0	0	0	0	0	0	0	0	0	0	0	0	0	0
Horzl_LngREmph	1.0587815	0	0	0	0	0	0	0	0	0	0	0	0	0	0	0
Horzl_ShrtREmp	0.98606597	0	0	0	0	0	0	0	0	0	0	0	0	0	0	0
Horzl_Fraction	0.98123169	0	0	0	0	0	0	0	0	0	0	0	0	0	0	0
Vertl_RLNonUni	62520.256	0	0	0	0	0	0	0	0	0	0	0	0	0	0	0
Vertl_GLevNonU	1017.7822	0	0	0	0	0	0	0	0	0	0	0	0	0	0	0
Vertl_LngREmph	1.0481003	0	0	0	0	0	0	0	0	0	0	0	0	0	0	0
Vertl_ShrtREmp	0.98821605	0	0	0	0	0	0	0	0	0	0	0	0	0	0	0
Vertl_Fraction	0.98435974	0	0	0	0	0	0	0	0	0	0	0	0	0	0	0
45dgr_RLNonUni	62433.229	0	0	0	0	0	0	0	0	0	0	0	0	0	0	0
45dgr_GLevNonU	1017.1112	0	0	0	0	0	0	0	0	0	0	0	0	0	0	0
45dgr_LngREmph	1.0494712	0	0	0	0	0	0	0	0	0	0	0	0	0	0	0
45dgr_ShrtREmp	0.98786537	0	0	0	0	0	0	0	0	0	0	0	0	0	0	0
45dgr_Fraction	0.98391724	0	0	0	0	0	0	0	0	0	0	0	0	0	0	0
135dr_RLNonUni	62594.886	0	0	0	0	0	0	0	0	0	0	0	0	0	0	0
135dr_GLevNonU	1018.1881	0	0	0	0	0	0	0	0	0	0	0	0	0	0	0
135dr_LngREmph	1.046654	0	0	0	0	0	0	0	0	0	0	0	0	0	0	0
135dr_ShrtREmp	0.98850867	0	0	0	0	0	0	0	0	0	0	0	0	0	0	0
135dr_Fraction	0.98478699	0	0	0	0	0	0	0	0	0	0	0	0	0	0	0
_AreaGr	64516	0	0	0	0	0	0	0	0	0	0	0	0	0	0	0
GrMean	8.4236344	0	0	0	0	0	0	0	0	0	0	0	0	0	0	0
GrVariance	16.048584	0	0	0	0	0	0	0	0	0	0	0	0	0	0	0
GrSkewness	0.16569729	0	0	0	0	0	0	0	0	0	0	0	0	0	0	0
GrKurtosis	-0.68104225	0	0	0	0	0	0	0	0	0	0	0	0	0	0	0
GrNonZeros	0.99596999	0	0	0	0	0	0	0	0	0	0	0	0	0	0	0
_AreaARM	64770	0	0	0	0	0	0	0	0	0	0	0	0	0	0	0
Teta1	0.061816493	0	0	0	0	0	0	0	0	0	0	0	0	0	0	0
Teta2	-0.0010656179	0	0	0	0	0	0	0	0	0	0	0	0	0	0	0
Teta3	0.0014713121	0	0	0	0	0	0	0	0	0	0	0	0	0	0	0
Teta4	-0.0017555786	0	0	0	0	0	0	0	0	0	0	0	0	0	0	0
Sigma	0.99756042	0	0	0	0	0	0	0	0	0	0	0	0	0	0	0
WavEnLL_s-1	17515.376	0	0	0	0	0	0	0	0	0	0	0	0	0	0	0
WavEnLH_s-1	1513.3492	0	0	0	0	0	0	0	0	0	0	0	0	0	0	0
WavEnHL_s-1	1345.869	0	0	0	0	0	0	0	0	0	0	0	0	0	0	0
WavEnHH_s-1	1319.5435	0	0	0	0	0	0	0	0	0	0	0	0	0	0	0
WavEnLL_s-2	16410.516	0	0	0	0	0	0	0	0	0	0	0	0	0	0	0
WavEnLH_s-2	398.12712	0	0	0	0	0	0	0	0	0	0	0	0	0	0	0
WavEnHL_s-2	343.12907	0	0	0	0	0	0	0	0	0	0	0	0	0	0	0
WavEnHH_s-2	363.60313	0	0	0	0	0	0	0	0	0	0	0	0	0	0	0
WavEnLL_s-3	16107.05	0	0	0	0	0	0	0	0	0	0	0	0	0	0	0
WavEnLH_s-3	107.64488	0	0	0	0	0	0	0	0	0	0	0	0	0	0	0
WavEnHL_s-3	97.858441	0	0	0	0	0	0	0	0	0	0	0	0	0	0	0
WavEnHH_s-3	97.962964	0	0	0	0	0	0	0	0	0	0	0	0	0	0	0
WavEnLL_s-4	16031.375	0	0	0	0	0	0	0	0	0	0	0	0	0	0	0
WavEnLH_s-4	25.819262	0	0	0	0	0	0	0	0	0	0	0	0	0	0	0
WavEnHL_s-4	21.39356	0	0	0	0	0	0	0	0	0	0	0	0	0	0	0
WavEnHH_s-4	28.462312	0	0	0	0	0	0	0	0	0	0	0	0	0	0	0
