Image File: stone1-a-p026.png 
ROI File: allred.roi 
Image size: 256 x 256
Min. lum.: 1
Max. lum.: 256
Bits/pixel: 8

Normalisation =  No
Histogram analysis = Yes
CO matrix analysis = Yes, Dimensions = 6 x 6, Distances = 1 2 3 4 5
RL matrix analysis = Yes, Dimension = 6
Gradient analysis = Yes, Max pixel value = 16
AR model analysis = Yes
Wavelet analysis = Yes

--------------- CLASS NAMES ----------------

----------------- FEATURES -----------------
_Area	65536	0	0	0	0	0	0	0	0	0	0	0	0	0	0	0
Mean	129.04085	0	0	0	0	0	0	0	0	0	0	0	0	0	0	0
Variance	5669.3968	0	0	0	0	0	0	0	0	0	0	0	0	0	0	0
Skewness	-0.016051773	0	0	0	0	0	0	0	0	0	0	0	0	0	0	0
Kurtosis	-1.2246822	0	0	0	0	0	0	0	0	0	0	0	0	0	0	0
Perc.01%	2	0	0	0	0	0	0	0	0	0	0	0	0	0	0	0
Perc.10%	25	0	0	0	0	0	0	0	0	0	0	0	0	0	0	0
Perc.50%	129	0	0	0	0	0	0	0	0	0	0	0	0	0	0	0
Perc.90%	233	0	0	0	0	0	0	0	0	0	0	0	0	0	0	0
Perc.99%	254	0	0	0	0	0	0	0	0	0	0	0	0	0	0	0
_Area_S(1,0)	130560	0	0	0	0	0	0	0	0	0	0	0	0	0	0	0
S(1,0)AngScMom	0.00026329161	0	0	0	0	0	0	0	0	0	0	0	0	0	0	0
S(1,0)Contrast	668.73603	0	0	0	0	0	0	0	0	0	0	0	0	0	0	0
S(1,0)Correlat	0.05384338	0	0	0	0	0	0	0	0	0	0	0	0	0	0	0
S(1,0)SumOfSqs	353.39605	0	0	0	0	0	0	0	0	0	0	0	0	0	0	0
S(1,0)InvDfMom	0.050400454	0	0	0	0	0	0	0	0	0	0	0	0	0	0	0
S(1,0)SumAverg	65.271691	0	0	0	0	0	0	0	0	0	0	0	0	0	0	0
S(1,0)SumVarnc	744.84818	0	0	0	0	0	0	0	0	0	0	0	0	0	0	0
S(1,0)SumEntrp	2.0392971	0	0	0	0	0	0	0	0	0	0	0	0	0	0	0
S(1,0)Entropy	3.5962126	0	0	0	0	0	0	0	0	0	0	0	0	0	0	0
S(1,0)DifVarnc	226.59651	0	0	0	0	0	0	0	0	0	0	0	0	0	0	0
S(1,0)DifEntrp	1.7229157	0	0	0	0	0	0	0	0	0	0	0	0	0	0	0
_Area_S(0,1)	130560	0	0	0	0	0	0	0	0	0	0	0	0	0	0	0
S(0,1)AngScMom	0.00025614033	0	0	0	0	0	0	0	0	0	0	0	0	0	0	0
S(0,1)Contrast	706.23477	0	0	0	0	0	0	0	0	0	0	0	0	0	0	0
S(0,1)Correlat	0.00082554348	0	0	0	0	0	0	0	0	0	0	0	0	0	0	0
S(0,1)SumOfSqs	353.40914	0	0	0	0	0	0	0	0	0	0	0	0	0	0	0
S(0,1)InvDfMom	0.046926894	0	0	0	0	0	0	0	0	0	0	0	0	0	0	0
S(0,1)SumAverg	65.261765	0	0	0	0	0	0	0	0	0	0	0	0	0	0	0
S(0,1)SumVarnc	707.40179	0	0	0	0	0	0	0	0	0	0	0	0	0	0	0
S(0,1)SumEntrp	2.0293294	0	0	0	0	0	0	0	0	0	0	0	0	0	0	0
S(0,1)Entropy	3.6016836	0	0	0	0	0	0	0	0	0	0	0	0	0	0	0
S(0,1)DifVarnc	235.8127	0	0	0	0	0	0	0	0	0	0	0	0	0	0	0
S(0,1)DifEntrp	1.7332521	0	0	0	0	0	0	0	0	0	0	0	0	0	0	0
_Area_S(1,1)	130050	0	0	0	0	0	0	0	0	0	0	0	0	0	0	0
S(1,1)AngScMom	0.00025662504	0	0	0	0	0	0	0	0	0	0	0	0	0	0	0
S(1,1)Contrast	707.47025	0	0	0	0	0	0	0	0	0	0	0	0	0	0	0
S(1,1)Correlat	-0.0013208663	0	0	0	0	0	0	0	0	0	0	0	0	0	0	0
S(1,1)SumOfSqs	353.2685	0	0	0	0	0	0	0	0	0	0	0	0	0	0	0
S(1,1)InvDfMom	0.046669331	0	0	0	0	0	0	0	0	0	0	0	0	0	0	0
S(1,1)SumAverg	65.267559	0	0	0	0	0	0	0	0	0	0	0	0	0	0	0
S(1,1)SumVarnc	705.60377	0	0	0	0	0	0	0	0	0	0	0	0	0	0	0
S(1,1)SumEntrp	2.0289212	0	0	0	0	0	0	0	0	0	0	0	0	0	0	0
S(1,1)Entropy	3.6012251	0	0	0	0	0	0	0	0	0	0	0	0	0	0	0
S(1,1)DifVarnc	235.73056	0	0	0	0	0	0	0	0	0	0	0	0	0	0	0
S(1,1)DifEntrp	1.7332815	0	0	0	0	0	0	0	0	0	0	0	0	0	0	0
_Area_S(1,-1)	130050	0	0	0	0	0	0	0	0	0	0	0	0	0	0	0
S(1,-1)AngScMom	0.00025676316	0	0	0	0	0	0	0	0	0	0	0	0	0	0	0
S(1,-1)Contrast	708.19955	0	0	0	0	0	0	0	0	0	0	0	0	0	0	0
S(1,-1)Correlat	-0.0023593325	0	0	0	0	0	0	0	0	0	0	0	0	0	0	0
S(1,-1)SumOfSqs	353.2663	0	0	0	0	0	0	0	0	0	0	0	0	0	0	0
S(1,-1)InvDfMom	0.045767335	0	0	0	0	0	0	0	0	0	0	0	0	0	0	0
S(1,-1)SumAverg	65.267451	0	0	0	0	0	0	0	0	0	0	0	0	0	0	0
S(1,-1)SumVarnc	704.86566	0	0	0	0	0	0	0	0	0	0	0	0	0	0	0
S(1,-1)SumEntrp	2.0287645	0	0	0	0	0	0	0	0	0	0	0	0	0	0	0
S(1,-1)Entropy	3.6011154	0	0	0	0	0	0	0	0	0	0	0	0	0	0	0
S(1,-1)DifVarnc	235.81899	0	0	0	0	0	0	0	0	0	0	0	0	0	0	0
S(1,-1)DifEntrp	1.7333678	0	0	0	0	0	0	0	0	0	0	0	0	0	0	0
_Area_S(2,0)	130048	0	0	0	0	0	0	0	0	0	0	0	0	0	0	0
S(2,0)AngScMom	0.00025696429	0	0	0	0	0	0	0	0	0	0	0	0	0	0	0
S(2,0)Contrast	691.78699	0	0	0	0	0	0	0	0	0	0	0	0	0	0	0
S(2,0)Correlat	0.021221636	0	0	0	0	0	0	0	0	0	0	0	0	0	0	0
S(2,0)SumOfSqs	353.39307	0	0	0	0	0	0	0	0	0	0	0	0	0	0	0
S(2,0)InvDfMom	0.048711711	0	0	0	0	0	0	0	0	0	0	0	0	0	0	0
S(2,0)SumAverg	65.262349	0	0	0	0	0	0	0	0	0	0	0	0	0	0	0
S(2,0)SumVarnc	721.7853	0	0	0	0	0	0	0	0	0	0	0	0	0	0	0
S(2,0)SumEntrp	2.033584	0	0	0	0	0	0	0	0	0	0	0	0	0	0	0
S(2,0)Entropy	3.6010775	0	0	0	0	0	0	0	0	0	0	0	0	0	0	0
S(2,0)DifVarnc	232.53241	0	0	0	0	0	0	0	0	0	0	0	0	0	0	0
S(2,0)DifEntrp	1.7293551	0	0	0	0	0	0	0	0	0	0	0	0	0	0	0
_Area_S(0,2)	130048	0	0	0	0	0	0	0	0	0	0	0	0	0	0	0
S(0,2)AngScMom	0.00025643533	0	0	0	0	0	0	0	0	0	0	0	0	0	0	0
S(0,2)Contrast	705.77093	0	0	0	0	0	0	0	0	0	0	0	0	0	0	0
S(0,2)Correlat	0.0014023064	0	0	0	0	0	0	0	0	0	0	0	0	0	0	0
S(0,2)SumOfSqs	353.38101	0	0	0	0	0	0	0	0	0	0	0	0	0	0	0
S(0,2)InvDfMom	0.04604358	0	0	0	0	0	0	0	0	0	0	0	0	0	0	0
S(0,2)SumAverg	65.231468	0	0	0	0	0	0	0	0	0	0	0	0	0	0	0
S(0,2)SumVarnc	707.75312	0	0	0	0	0	0	0	0	0	0	0	0	0	0	0
S(0,2)SumEntrp	2.0293429	0	0	0	0	0	0	0	0	0	0	0	0	0	0	0
S(0,2)Entropy	3.6013496	0	0	0	0	0	0	0	0	0	0	0	0	0	0	0
S(0,2)DifVarnc	235.02362	0	0	0	0	0	0	0	0	0	0	0	0	0	0	0
S(0,2)DifEntrp	1.7329818	0	0	0	0	0	0	0	0	0	0	0	0	0	0	0
_Area_S(2,2)	129032	0	0	0	0	0	0	0	0	0	0	0	0	0	0	0
S(2,2)AngScMom	0.00025630994	0	0	0	0	0	0	0	0	0	0	0	0	0	0	0
S(2,2)Contrast	709.58871	0	0	0	0	0	0	0	0	0	0	0	0	0	0	0
S(2,2)Correlat	-0.0044385316	0	0	0	0	0	0	0	0	0	0	0	0	0	0	0
S(2,2)SumOfSqs	353.22655	0	0	0	0	0	0	0	0	0	0	0	0	0	0	0
S(2,2)InvDfMom	0.046445319	0	0	0	0	0	0	0	0	0	0	0	0	0	0	0
S(2,2)SumAverg	65.227959	0	0	0	0	0	0	0	0	0	0	0	0	0	0	0
S(2,2)SumVarnc	703.31748	0	0	0	0	0	0	0	0	0	0	0	0	0	0	0
S(2,2)SumEntrp	2.0283106	0	0	0	0	0	0	0	0	0	0	0	0	0	0	0
S(2,2)Entropy	3.6015774	0	0	0	0	0	0	0	0	0	0	0	0	0	0	0
S(2,2)DifVarnc	236.36168	0	0	0	0	0	0	0	0	0	0	0	0	0	0	0
S(2,2)DifEntrp	1.7342198	0	0	0	0	0	0	0	0	0	0	0	0	0	0	0
_Area_S(2,-2)	129032	0	0	0	0	0	0	0	0	0	0	0	0	0	0	0
S(2,-2)AngScMom	0.00025662899	0	0	0	0	0	0	0	0	0	0	0	0	0	0	0
S(2,-2)Contrast	703.68726	0	0	0	0	0	0	0	0	0	0	0	0	0	0	0
S(2,-2)Correlat	0.0039528884	0	0	0	0	0	0	0	0	0	0	0	0	0	0	0
S(2,-2)SumOfSqs	353.23995	0	0	0	0	0	0	0	0	0	0	0	0	0	0	0
S(2,-2)InvDfMom	0.046697047	0	0	0	0	0	0	0	0	0	0	0	0	0	0	0
S(2,-2)SumAverg	65.227618	0	0	0	0	0	0	0	0	0	0	0	0	0	0	0
S(2,-2)SumVarnc	709.27253	0	0	0	0	0	0	0	0	0	0	0	0	0	0	0
S(2,-2)SumEntrp	2.0298284	0	0	0	0	0	0	0	0	0	0	0	0	0	0	0
S(2,-2)Entropy	3.6013051	0	0	0	0	0	0	0	0	0	0	0	0	0	0	0
S(2,-2)DifVarnc	235.55009	0	0	0	0	0	0	0	0	0	0	0	0	0	0	0
S(2,-2)DifEntrp	1.7322418	0	0	0	0	0	0	0	0	0	0	0	0	0	0	0
_Area_S(3,0)	129536	0	0	0	0	0	0	0	0	0	0	0	0	0	0	0
S(3,0)AngScMom	0.00025660936	0	0	0	0	0	0	0	0	0	0	0	0	0	0	0
S(3,0)Contrast	699.29717	0	0	0	0	0	0	0	0	0	0	0	0	0	0	0
S(3,0)Correlat	0.01058638	0	0	0	0	0	0	0	0	0	0	0	0	0	0	0
S(3,0)SumOfSqs	353.3897	0	0	0	0	0	0	0	0	0	0	0	0	0	0	0
S(3,0)InvDfMom	0.047883429	0	0	0	0	0	0	0	0	0	0	0	0	0	0	0
S(3,0)SumAverg	65.256438	0	0	0	0	0	0	0	0	0	0	0	0	0	0	0
S(3,0)SumVarnc	714.26164	0	0	0	0	0	0	0	0	0	0	0	0	0	0	0
S(3,0)SumEntrp	2.0312847	0	0	0	0	0	0	0	0	0	0	0	0	0	0	0
S(3,0)Entropy	3.6012891	0	0	0	0	0	0	0	0	0	0	0	0	0	0	0
S(3,0)DifVarnc	234.56548	0	0	0	0	0	0	0	0	0	0	0	0	0	0	0
S(3,0)DifEntrp	1.731182	0	0	0	0	0	0	0	0	0	0	0	0	0	0	0
_Area_S(0,3)	129536	0	0	0	0	0	0	0	0	0	0	0	0	0	0	0
S(0,3)AngScMom	0.00025668087	0	0	0	0	0	0	0	0	0	0	0	0	0	0	0
S(0,3)Contrast	710.15569	0	0	0	0	0	0	0	0	0	0	0	0	0	0	0
S(0,3)Correlat	-0.0046512107	0	0	0	0	0	0	0	0	0	0	0	0	0	0	0
S(0,3)SumOfSqs	353.43395	0	0	0	0	0	0	0	0	0	0	0	0	0	0	0
S(0,3)InvDfMom	0.045884196	0	0	0	0	0	0	0	0	0	0	0	0	0	0	0
S(0,3)SumAverg	65.232708	0	0	0	0	0	0	0	0	0	0	0	0	0	0	0
S(0,3)SumVarnc	703.58011	0	0	0	0	0	0	0	0	0	0	0	0	0	0	0
S(0,3)SumEntrp	2.0284861	0	0	0	0	0	0	0	0	0	0	0	0	0	0	0
S(0,3)Entropy	3.6012245	0	0	0	0	0	0	0	0	0	0	0	0	0	0	0
S(0,3)DifVarnc	236.23715	0	0	0	0	0	0	0	0	0	0	0	0	0	0	0
S(0,3)DifEntrp	1.7337938	0	0	0	0	0	0	0	0	0	0	0	0	0	0	0
_Area_S(3,3)	128018	0	0	0	0	0	0	0	0	0	0	0	0	0	0	0
S(3,3)AngScMom	0.00025660861	0	0	0	0	0	0	0	0	0	0	0	0	0	0	0
S(3,3)Contrast	704.06916	0	0	0	0	0	0	0	0	0	0	0	0	0	0	0
S(3,3)Correlat	0.0035228907	0	0	0	0	0	0	0	0	0	0	0	0	0	0	0
S(3,3)SumOfSqs	353.27914	0	0	0	0	0	0	0	0	0	0	0	0	0	0	0
S(3,3)InvDfMom	0.047062652	0	0	0	0	0	0	0	0	0	0	0	0	0	0	0
S(3,3)SumAverg	65.223656	0	0	0	0	0	0	0	0	0	0	0	0	0	0	0
S(3,3)SumVarnc	709.04742	0	0	0	0	0	0	0	0	0	0	0	0	0	0	0
S(3,3)SumEntrp	2.0297859	0	0	0	0	0	0	0	0	0	0	0	0	0	0	0
S(3,3)Entropy	3.6013529	0	0	0	0	0	0	0	0	0	0	0	0	0	0	0
S(3,3)DifVarnc	235.45749	0	0	0	0	0	0	0	0	0	0	0	0	0	0	0
S(3,3)DifEntrp	1.7324035	0	0	0	0	0	0	0	0	0	0	0	0	0	0	0
_Area_S(3,-3)	128018	0	0	0	0	0	0	0	0	0	0	0	0	0	0	0
S(3,-3)AngScMom	0.00025626679	0	0	0	0	0	0	0	0	0	0	0	0	0	0	0
S(3,-3)Contrast	706.18547	0	0	0	0	0	0	0	0	0	0	0	0	0	0	0
S(3,-3)Correlat	0.00052822538	0	0	0	0	0	0	0	0	0	0	0	0	0	0	0
S(3,-3)SumOfSqs	353.27935	0	0	0	0	0	0	0	0	0	0	0	0	0	0	0
S(3,-3)InvDfMom	0.046691493	0	0	0	0	0	0	0	0	0	0	0	0	0	0	0
S(3,-3)SumAverg	65.223515	0	0	0	0	0	0	0	0	0	0	0	0	0	0	0
S(3,-3)SumVarnc	706.93192	0	0	0	0	0	0	0	0	0	0	0	0	0	0	0
S(3,-3)SumEntrp	2.0291706	0	0	0	0	0	0	0	0	0	0	0	0	0	0	0
S(3,-3)Entropy	3.6015455	0	0	0	0	0	0	0	0	0	0	0	0	0	0	0
S(3,-3)DifVarnc	235.38585	0	0	0	0	0	0	0	0	0	0	0	0	0	0	0
S(3,-3)DifEntrp	1.7330348	0	0	0	0	0	0	0	0	0	0	0	0	0	0	0
_Area_S(4,0)	129024	0	0	0	0	0	0	0	0	0	0	0	0	0	0	0
S(4,0)AngScMom	0.00025683021	0	0	0	0	0	0	0	0	0	0	0	0	0	0	0
S(4,0)Contrast	700.338	0	0	0	0	0	0	0	0	0	0	0	0	0	0	0
S(4,0)Correlat	0.0088851207	0	0	0	0	0	0	0	0	0	0	0	0	0	0	0
S(4,0)SumOfSqs	353.30819	0	0	0	0	0	0	0	0	0	0	0	0	0	0	0
S(4,0)InvDfMom	0.048100936	0	0	0	0	0	0	0	0	0	0	0	0	0	0	0
S(4,0)SumAverg	65.259533	0	0	0	0	0	0	0	0	0	0	0	0	0	0	0
S(4,0)SumVarnc	712.89474	0	0	0	0	0	0	0	0	0	0	0	0	0	0	0
S(4,0)SumEntrp	2.0310816	0	0	0	0	0	0	0	0	0	0	0	0	0	0	0
S(4,0)Entropy	3.6011262	0	0	0	0	0	0	0	0	0	0	0	0	0	0	0
S(4,0)DifVarnc	235.16594	0	0	0	0	0	0	0	0	0	0	0	0	0	0	0
S(4,0)DifEntrp	1.7317138	0	0	0	0	0	0	0	0	0	0	0	0	0	0	0
_Area_S(0,4)	129024	0	0	0	0	0	0	0	0	0	0	0	0	0	0	0
S(0,4)AngScMom	0.00025684943	0	0	0	0	0	0	0	0	0	0	0	0	0	0	0
S(0,4)Contrast	709.5572	0	0	0	0	0	0	0	0	0	0	0	0	0	0	0
S(0,4)Correlat	-0.003790249	0	0	0	0	0	0	0	0	0	0	0	0	0	0	0
S(0,4)SumOfSqs	353.43898	0	0	0	0	0	0	0	0	0	0	0	0	0	0	0
S(0,4)InvDfMom	0.046715103	0	0	0	0	0	0	0	0	0	0	0	0	0	0	0
S(0,4)SumAverg	65.217603	0	0	0	0	0	0	0	0	0	0	0	0	0	0	0
S(0,4)SumVarnc	704.19871	0	0	0	0	0	0	0	0	0	0	0	0	0	0	0
S(0,4)SumEntrp	2.0282942	0	0	0	0	0	0	0	0	0	0	0	0	0	0	0
S(0,4)Entropy	3.6010884	0	0	0	0	0	0	0	0	0	0	0	0	0	0	0
S(0,4)DifVarnc	236.79269	0	0	0	0	0	0	0	0	0	0	0	0	0	0	0
S(0,4)DifEntrp	1.7339126	0	0	0	0	0	0	0	0	0	0	0	0	0	0	0
_Area_S(4,4)	127008	0	0	0	0	0	0	0	0	0	0	0	0	0	0	0
S(4,4)AngScMom	0.00025658891	0	0	0	0	0	0	0	0	0	0	0	0	0	0	0
S(4,4)Contrast	706.08415	0	0	0	0	0	0	0	0	0	0	0	0	0	0	0
S(4,4)Correlat	0.0004292222	0	0	0	0	0	0	0	0	0	0	0	0	0	0	0
S(4,4)SumOfSqs	353.19367	0	0	0	0	0	0	0	0	0	0	0	0	0	0	0
S(4,4)InvDfMom	0.046221484	0	0	0	0	0	0	0	0	0	0	0	0	0	0	0
S(4,4)SumAverg	65.21101	0	0	0	0	0	0	0	0	0	0	0	0	0	0	0
S(4,4)SumVarnc	706.69055	0	0	0	0	0	0	0	0	0	0	0	0	0	0	0
S(4,4)SumEntrp	2.0294161	0	0	0	0	0	0	0	0	0	0	0	0	0	0	0
S(4,4)Entropy	3.6012635	0	0	0	0	0	0	0	0	0	0	0	0	0	0	0
S(4,4)DifVarnc	234.89395	0	0	0	0	0	0	0	0	0	0	0	0	0	0	0
S(4,4)DifEntrp	1.7330375	0	0	0	0	0	0	0	0	0	0	0	0	0	0	0
_Area_S(4,-4)	127008	0	0	0	0	0	0	0	0	0	0	0	0	0	0	0
S(4,-4)AngScMom	0.00025665091	0	0	0	0	0	0	0	0	0	0	0	0	0	0	0
S(4,-4)Contrast	707.52408	0	0	0	0	0	0	0	0	0	0	0	0	0	0	0
S(4,-4)Correlat	-0.0016004041	0	0	0	0	0	0	0	0	0	0	0	0	0	0	0
S(4,-4)SumOfSqs	353.19678	0	0	0	0	0	0	0	0	0	0	0	0	0	0	0
S(4,-4)InvDfMom	0.04652998	0	0	0	0	0	0	0	0	0	0	0	0	0	0	0
S(4,-4)SumAverg	65.210522	0	0	0	0	0	0	0	0	0	0	0	0	0	0	0
S(4,-4)SumVarnc	705.26305	0	0	0	0	0	0	0	0	0	0	0	0	0	0	0
S(4,-4)SumEntrp	2.0287806	0	0	0	0	0	0	0	0	0	0	0	0	0	0	0
S(4,-4)Entropy	3.6011975	0	0	0	0	0	0	0	0	0	0	0	0	0	0	0
S(4,-4)DifVarnc	236.13354	0	0	0	0	0	0	0	0	0	0	0	0	0	0	0
S(4,-4)DifEntrp	1.7335308	0	0	0	0	0	0	0	0	0	0	0	0	0	0	0
_Area_S(5,0)	128512	0	0	0	0	0	0	0	0	0	0	0	0	0	0	0
S(5,0)AngScMom	0.00025672166	0	0	0	0	0	0	0	0	0	0	0	0	0	0	0
S(5,0)Contrast	701.82889	0	0	0	0	0	0	0	0	0	0	0	0	0	0	0
S(5,0)Correlat	0.0066476574	0	0	0	0	0	0	0	0	0	0	0	0	0	0	0
S(5,0)SumOfSqs	353.26281	0	0	0	0	0	0	0	0	0	0	0	0	0	0	0
S(5,0)InvDfMom	0.047879013	0	0	0	0	0	0	0	0	0	0	0	0	0	0	0
S(5,0)SumAverg	65.249704	0	0	0	0	0	0	0	0	0	0	0	0	0	0	0
S(5,0)SumVarnc	711.22237	0	0	0	0	0	0	0	0	0	0	0	0	0	0	0
S(5,0)SumEntrp	2.0302788	0	0	0	0	0	0	0	0	0	0	0	0	0	0	0
S(5,0)Entropy	3.6012013	0	0	0	0	0	0	0	0	0	0	0	0	0	0	0
S(5,0)DifVarnc	235.1281	0	0	0	0	0	0	0	0	0	0	0	0	0	0	0
S(5,0)DifEntrp	1.7318011	0	0	0	0	0	0	0	0	0	0	0	0	0	0	0
_Area_S(0,5)	128512	0	0	0	0	0	0	0	0	0	0	0	0	0	0	0
S(0,5)AngScMom	0.00025668509	0	0	0	0	0	0	0	0	0	0	0	0	0	0	0
S(0,5)Contrast	709.43023	0	0	0	0	0	0	0	0	0	0	0	0	0	0	0
S(0,5)Correlat	-0.0034504813	0	0	0	0	0	0	0	0	0	0	0	0	0	0	0
S(0,5)SumOfSqs	353.49539	0	0	0	0	0	0	0	0	0	0	0	0	0	0	0
S(0,5)InvDfMom	0.046478729	0	0	0	0	0	0	0	0	0	0	0	0	0	0	0
S(0,5)SumAverg	65.223777	0	0	0	0	0	0	0	0	0	0	0	0	0	0	0
S(0,5)SumVarnc	704.55132	0	0	0	0	0	0	0	0	0	0	0	0	0	0	0
S(0,5)SumEntrp	2.0285707	0	0	0	0	0	0	0	0	0	0	0	0	0	0	0
S(0,5)Entropy	3.6012091	0	0	0	0	0	0	0	0	0	0	0	0	0	0	0
S(0,5)DifVarnc	236.00412	0	0	0	0	0	0	0	0	0	0	0	0	0	0	0
S(0,5)DifEntrp	1.7339847	0	0	0	0	0	0	0	0	0	0	0	0	0	0	0
_Area_S(5,5)	126002	0	0	0	0	0	0	0	0	0	0	0	0	0	0	0
S(5,5)AngScMom	0.00025679243	0	0	0	0	0	0	0	0	0	0	0	0	0	0	0
S(5,5)Contrast	704.33079	0	0	0	0	0	0	0	0	0	0	0	0	0	0	0
S(5,5)Correlat	0.0029395848	0	0	0	0	0	0	0	0	0	0	0	0	0	0	0
S(5,5)SumOfSqs	353.20367	0	0	0	0	0	0	0	0	0	0	0	0	0	0	0
S(5,5)InvDfMom	0.047933654	0	0	0	0	0	0	0	0	0	0	0	0	0	0	0
S(5,5)SumAverg	65.207028	0	0	0	0	0	0	0	0	0	0	0	0	0	0	0
S(5,5)SumVarnc	708.48388	0	0	0	0	0	0	0	0	0	0	0	0	0	0	0
S(5,5)SumEntrp	2.0296846	0	0	0	0	0	0	0	0	0	0	0	0	0	0	0
S(5,5)Entropy	3.6011694	0	0	0	0	0	0	0	0	0	0	0	0	0	0	0
S(5,5)DifVarnc	235.98873	0	0	0	0	0	0	0	0	0	0	0	0	0	0	0
S(5,5)DifEntrp	1.7326688	0	0	0	0	0	0	0	0	0	0	0	0	0	0	0
_Area_S(5,-5)	126002	0	0	0	0	0	0	0	0	0	0	0	0	0	0	0
S(5,-5)AngScMom	0.00025691727	0	0	0	0	0	0	0	0	0	0	0	0	0	0	0
S(5,-5)Contrast	707.08313	0	0	0	0	0	0	0	0	0	0	0	0	0	0	0
S(5,-5)Correlat	-0.00097903631	0	0	0	0	0	0	0	0	0	0	0	0	0	0	0
S(5,-5)SumOfSqs	353.19577	0	0	0	0	0	0	0	0	0	0	0	0	0	0	0
S(5,-5)InvDfMom	0.04647232	0	0	0	0	0	0	0	0	0	0	0	0	0	0	0
S(5,-5)SumAverg	65.206013	0	0	0	0	0	0	0	0	0	0	0	0	0	0	0
S(5,-5)SumVarnc	705.69996	0	0	0	0	0	0	0	0	0	0	0	0	0	0	0
S(5,-5)SumEntrp	2.0289375	0	0	0	0	0	0	0	0	0	0	0	0	0	0	0
S(5,-5)Entropy	3.6010844	0	0	0	0	0	0	0	0	0	0	0	0	0	0	0
S(5,-5)DifVarnc	236.58412	0	0	0	0	0	0	0	0	0	0	0	0	0	0	0
S(5,-5)DifEntrp	1.7330708	0	0	0	0	0	0	0	0	0	0	0	0	0	0	0
Horzl_RLNonUni	62200.205	0	0	0	0	0	0	0	0	0	0	0	0	0	0	0
Horzl_GLevNonU	1015.0662	0	0	0	0	0	0	0	0	0	0	0	0	0	0	0
Horzl_LngREmph	1.054716	0	0	0	0	0	0	0	0	0	0	0	0	0	0	0
Horzl_ShrtREmp	0.98696866	0	0	0	0	0	0	0	0	0	0	0	0	0	0	0
Horzl_Fraction	0.98246765	0	0	0	0	0	0	0	0	0	0	0	0	0	0	0
Vertl_RLNonUni	62388.888	0	0	0	0	0	0	0	0	0	0	0	0	0	0	0
Vertl_GLevNonU	1016.764	0	0	0	0	0	0	0	0	0	0	0	0	0	0	0
Vertl_LngREmph	1.0505561	0	0	0	0	0	0	0	0	0	0	0	0	0	0	0
Vertl_ShrtREmp	0.98769762	0	0	0	0	0	0	0	0	0	0	0	0	0	0	0
Vertl_Fraction	0.98362732	0	0	0	0	0	0	0	0	0	0	0	0	0	0	0
45dgr_RLNonUni	62545.422	0	0	0	0	0	0	0	0	0	0	0	0	0	0	0
45dgr_GLevNonU	1017.3908	0	0	0	0	0	0	0	0	0	0	0	0	0	0	0
45dgr_LngREmph	1.0481903	0	0	0	0	0	0	0	0	0	0	0	0	0	0	0
45dgr_ShrtREmp	0.98833239	0	0	0	0	0	0	0	0	0	0	0	0	0	0	0
45dgr_Fraction	0.98442078	0	0	0	0	0	0	0	0	0	0	0	0	0	0	0
135dr_RLNonUni	62629.743	0	0	0	0	0	0	0	0	0	0	0	0	0	0	0
135dr_GLevNonU	1017.9903	0	0	0	0	0	0	0	0	0	0	0	0	0	0	0
135dr_LngREmph	1.0466806	0	0	0	0	0	0	0	0	0	0	0	0	0	0	0
135dr_ShrtREmp	0.98866607	0	0	0	0	0	0	0	0	0	0	0	0	0	0	0
135dr_Fraction	0.98487854	0	0	0	0	0	0	0	0	0	0	0	0	0	0	0
_AreaGr	64516	0	0	0	0	0	0	0	0	0	0	0	0	0	0	0
GrMean	8.4182111	0	0	0	0	0	0	0	0	0	0	0	0	0	0	0
GrVariance	16.094863	0	0	0	0	0	0	0	0	0	0	0	0	0	0	0
GrSkewness	0.16905698	0	0	0	0	0	0	0	0	0	0	0	0	0	0	0
GrKurtosis	-0.66247283	0	0	0	0	0	0	0	0	0	0	0	0	0	0	0
GrNonZeros	0.99620249	0	0	0	0	0	0	0	0	0	0	0	0	0	0	0
_AreaARM	64770	0	0	0	0	0	0	0	0	0	0	0	0	0	0	0
Teta1	0.052823659	0	0	0	0	0	0	0	0	0	0	0	0	0	0	0
Teta2	-0.0023733056	0	0	0	0	0	0	0	0	0	0	0	0	0	0	0
Teta3	0.00067020522	0	0	0	0	0	0	0	0	0	0	0	0	0	0	0
Teta4	-0.0017935395	0	0	0	0	0	0	0	0	0	0	0	0	0	0	0
Sigma	0.99771235	0	0	0	0	0	0	0	0	0	0	0	0	0	0	0
WavEnLL_s-1	17887.061	0	0	0	0	0	0	0	0	0	0	0	0	0	0	0
WavEnLH_s-1	1507.287	0	0	0	0	0	0	0	0	0	0	0	0	0	0	0
WavEnHL_s-1	1332.2235	0	0	0	0	0	0	0	0	0	0	0	0	0	0	0
WavEnHH_s-1	1337.2838	0	0	0	0	0	0	0	0	0	0	0	0	0	0	0
WavEnLL_s-2	16797.871	0	0	0	0	0	0	0	0	0	0	0	0	0	0	0
WavEnLH_s-2	389.08401	0	0	0	0	0	0	0	0	0	0	0	0	0	0	0
WavEnHL_s-2	351.70156	0	0	0	0	0	0	0	0	0	0	0	0	0	0	0
WavEnHH_s-2	348.40463	0	0	0	0	0	0	0	0	0	0	0	0	0	0	0
WavEnLL_s-3	16500.788	0	0	0	0	0	0	0	0	0	0	0	0	0	0	0
WavEnLH_s-3	102.38066	0	0	0	0	0	0	0	0	0	0	0	0	0	0	0
WavEnHL_s-3	96.506646	0	0	0	0	0	0	0	0	0	0	0	0	0	0	0
WavEnHH_s-3	98.195771	0	0	0	0	0	0	0	0	0	0	0	0	0	0	0
WavEnLL_s-4	16419.438	0	0	0	0	0	0	0	0	0	0	0	0	0	0	0
WavEnLH_s-4	28.016547	0	0	0	0	0	0	0	0	0	0	0	0	0	0	0
WavEnHL_s-4	26.23823	0	0	0	0	0	0	0	0	0	0	0	0	0	0	0
WavEnHH_s-4	27.095236	0	0	0	0	0	0	0	0	0	0	0	0	0	0	0
