Image File: sand1-a-p020.png 
ROI File: allred.roi 
Image size: 256 x 256
Min. lum.: 1
Max. lum.: 256
Bits/pixel: 8

Normalisation =  No
Histogram analysis = Yes
CO matrix analysis = Yes, Dimensions = 6 x 6, Distances = 1 2 3 4 5
RL matrix analysis = Yes, Dimension = 6
Gradient analysis = Yes, Max pixel value = 16
AR model analysis = Yes
Wavelet analysis = Yes

--------------- CLASS NAMES ----------------

----------------- FEATURES -----------------
_Area	65536	0	0	0	0	0	0	0	0	0	0	0	0	0	0	0
Mean	126.93613	0	0	0	0	0	0	0	0	0	0	0	0	0	0	0
Variance	5642.6378	0	0	0	0	0	0	0	0	0	0	0	0	0	0	0
Skewness	0.016696784	0	0	0	0	0	0	0	0	0	0	0	0	0	0	0
Kurtosis	-1.2156848	0	0	0	0	0	0	0	0	0	0	0	0	0	0	0
Perc.01%	2	0	0	0	0	0	0	0	0	0	0	0	0	0	0	0
Perc.10%	23	0	0	0	0	0	0	0	0	0	0	0	0	0	0	0
Perc.50%	127	0	0	0	0	0	0	0	0	0	0	0	0	0	0	0
Perc.90%	232	0	0	0	0	0	0	0	0	0	0	0	0	0	0	0
Perc.99%	254	0	0	0	0	0	0	0	0	0	0	0	0	0	0	0
_Area_S(1,0)	130560	0	0	0	0	0	0	0	0	0	0	0	0	0	0	0
S(1,0)AngScMom	0.00026442079	0	0	0	0	0	0	0	0	0	0	0	0	0	0	0
S(1,0)Contrast	653.9727	0	0	0	0	0	0	0	0	0	0	0	0	0	0	0
S(1,0)Correlat	0.071088669	0	0	0	0	0	0	0	0	0	0	0	0	0	0	0
S(1,0)SumOfSqs	352.01029	0	0	0	0	0	0	0	0	0	0	0	0	0	0	0
S(1,0)InvDfMom	0.054118892	0	0	0	0	0	0	0	0	0	0	0	0	0	0	0
S(1,0)SumAverg	64.221262	0	0	0	0	0	0	0	0	0	0	0	0	0	0	0
S(1,0)SumVarnc	754.06848	0	0	0	0	0	0	0	0	0	0	0	0	0	0	0
S(1,0)SumEntrp	2.0413231	0	0	0	0	0	0	0	0	0	0	0	0	0	0	0
S(1,0)Entropy	3.5961653	0	0	0	0	0	0	0	0	0	0	0	0	0	0	0
S(1,0)DifVarnc	223.82332	0	0	0	0	0	0	0	0	0	0	0	0	0	0	0
S(1,0)DifEntrp	1.7189727	0	0	0	0	0	0	0	0	0	0	0	0	0	0	0
_Area_S(0,1)	130560	0	0	0	0	0	0	0	0	0	0	0	0	0	0	0
S(0,1)AngScMom	0.00025557926	0	0	0	0	0	0	0	0	0	0	0	0	0	0	0
S(0,1)Contrast	698.81742	0	0	0	0	0	0	0	0	0	0	0	0	0	0	0
S(0,1)Correlat	0.0066659365	0	0	0	0	0	0	0	0	0	0	0	0	0	0	0
S(0,1)SumOfSqs	351.75347	0	0	0	0	0	0	0	0	0	0	0	0	0	0	0
S(0,1)InvDfMom	0.046501867	0	0	0	0	0	0	0	0	0	0	0	0	0	0	0
S(0,1)SumAverg	64.223422	0	0	0	0	0	0	0	0	0	0	0	0	0	0	0
S(0,1)SumVarnc	708.19648	0	0	0	0	0	0	0	0	0	0	0	0	0	0	0
S(0,1)SumEntrp	2.0297879	0	0	0	0	0	0	0	0	0	0	0	0	0	0	0
S(0,1)Entropy	3.6023768	0	0	0	0	0	0	0	0	0	0	0	0	0	0	0
S(0,1)DifVarnc	232.60743	0	0	0	0	0	0	0	0	0	0	0	0	0	0	0
S(0,1)DifEntrp	1.7315205	0	0	0	0	0	0	0	0	0	0	0	0	0	0	0
_Area_S(1,1)	130050	0	0	0	0	0	0	0	0	0	0	0	0	0	0	0
S(1,1)AngScMom	0.00025579397	0	0	0	0	0	0	0	0	0	0	0	0	0	0	0
S(1,1)Contrast	701.046	0	0	0	0	0	0	0	0	0	0	0	0	0	0	0
S(1,1)Correlat	0.0035939955	0	0	0	0	0	0	0	0	0	0	0	0	0	0	0
S(1,1)SumOfSqs	351.78732	0	0	0	0	0	0	0	0	0	0	0	0	0	0	0
S(1,1)InvDfMom	0.047156835	0	0	0	0	0	0	0	0	0	0	0	0	0	0	0
S(1,1)SumAverg	64.218408	0	0	0	0	0	0	0	0	0	0	0	0	0	0	0
S(1,1)SumVarnc	706.10329	0	0	0	0	0	0	0	0	0	0	0	0	0	0	0
S(1,1)SumEntrp	2.029212	0	0	0	0	0	0	0	0	0	0	0	0	0	0	0
S(1,1)Entropy	3.6021231	0	0	0	0	0	0	0	0	0	0	0	0	0	0	0
S(1,1)DifVarnc	234.16572	0	0	0	0	0	0	0	0	0	0	0	0	0	0	0
S(1,1)DifEntrp	1.7320367	0	0	0	0	0	0	0	0	0	0	0	0	0	0	0
_Area_S(1,-1)	130050	0	0	0	0	0	0	0	0	0	0	0	0	0	0	0
S(1,-1)AngScMom	0.00025594994	0	0	0	0	0	0	0	0	0	0	0	0	0	0	0
S(1,-1)Contrast	702.24874	0	0	0	0	0	0	0	0	0	0	0	0	0	0	0
S(1,-1)Correlat	0.0018744835	0	0	0	0	0	0	0	0	0	0	0	0	0	0	0
S(1,-1)SumOfSqs	351.78378	0	0	0	0	0	0	0	0	0	0	0	0	0	0	0
S(1,-1)InvDfMom	0.0466768	0	0	0	0	0	0	0	0	0	0	0	0	0	0	0
S(1,-1)SumAverg	64.218439	0	0	0	0	0	0	0	0	0	0	0	0	0	0	0
S(1,-1)SumVarnc	704.88639	0	0	0	0	0	0	0	0	0	0	0	0	0	0	0
S(1,-1)SumEntrp	2.0288587	0	0	0	0	0	0	0	0	0	0	0	0	0	0	0
S(1,-1)Entropy	3.6019173	0	0	0	0	0	0	0	0	0	0	0	0	0	0	0
S(1,-1)DifVarnc	234.548	0	0	0	0	0	0	0	0	0	0	0	0	0	0	0
S(1,-1)DifEntrp	1.7319276	0	0	0	0	0	0	0	0	0	0	0	0	0	0	0
_Area_S(2,0)	130048	0	0	0	0	0	0	0	0	0	0	0	0	0	0	0
S(2,0)AngScMom	0.00025678087	0	0	0	0	0	0	0	0	0	0	0	0	0	0	0
S(2,0)Contrast	686.6674	0	0	0	0	0	0	0	0	0	0	0	0	0	0	0
S(2,0)Correlat	0.024735313	0	0	0	0	0	0	0	0	0	0	0	0	0	0	0
S(2,0)SumOfSqs	352.04156	0	0	0	0	0	0	0	0	0	0	0	0	0	0	0
S(2,0)InvDfMom	0.048655136	0	0	0	0	0	0	0	0	0	0	0	0	0	0	0
S(2,0)SumAverg	64.213537	0	0	0	0	0	0	0	0	0	0	0	0	0	0	0
S(2,0)SumVarnc	721.49883	0	0	0	0	0	0	0	0	0	0	0	0	0	0	0
S(2,0)SumEntrp	2.0336507	0	0	0	0	0	0	0	0	0	0	0	0	0	0	0
S(2,0)Entropy	3.6014958	0	0	0	0	0	0	0	0	0	0	0	0	0	0	0
S(2,0)DifVarnc	230.72104	0	0	0	0	0	0	0	0	0	0	0	0	0	0	0
S(2,0)DifEntrp	1.7281312	0	0	0	0	0	0	0	0	0	0	0	0	0	0	0
_Area_S(0,2)	130048	0	0	0	0	0	0	0	0	0	0	0	0	0	0	0
S(0,2)AngScMom	0.00025577747	0	0	0	0	0	0	0	0	0	0	0	0	0	0	0
S(0,2)Contrast	702.06104	0	0	0	0	0	0	0	0	0	0	0	0	0	0	0
S(0,2)Correlat	0.0019121087	0	0	0	0	0	0	0	0	0	0	0	0	0	0	0
S(0,2)SumOfSqs	351.70301	0	0	0	0	0	0	0	0	0	0	0	0	0	0	0
S(0,2)InvDfMom	0.046286815	0	0	0	0	0	0	0	0	0	0	0	0	0	0	0
S(0,2)SumAverg	64.210122	0	0	0	0	0	0	0	0	0	0	0	0	0	0	0
S(0,2)SumVarnc	704.75102	0	0	0	0	0	0	0	0	0	0	0	0	0	0	0
S(0,2)SumEntrp	2.0288582	0	0	0	0	0	0	0	0	0	0	0	0	0	0	0
S(0,2)Entropy	3.6021108	0	0	0	0	0	0	0	0	0	0	0	0	0	0	0
S(0,2)DifVarnc	234.19357	0	0	0	0	0	0	0	0	0	0	0	0	0	0	0
S(0,2)DifEntrp	1.7320277	0	0	0	0	0	0	0	0	0	0	0	0	0	0	0
_Area_S(2,2)	129032	0	0	0	0	0	0	0	0	0	0	0	0	0	0	0
S(2,2)AngScMom	0.0002562578	0	0	0	0	0	0	0	0	0	0	0	0	0	0	0
S(2,2)Contrast	707.00882	0	0	0	0	0	0	0	0	0	0	0	0	0	0	0
S(2,2)Correlat	-0.0049277328	0	0	0	0	0	0	0	0	0	0	0	0	0	0	0
S(2,2)SumOfSqs	351.77098	0	0	0	0	0	0	0	0	0	0	0	0	0	0	0
S(2,2)InvDfMom	0.046431163	0	0	0	0	0	0	0	0	0	0	0	0	0	0	0
S(2,2)SumAverg	64.198292	0	0	0	0	0	0	0	0	0	0	0	0	0	0	0
S(2,2)SumVarnc	700.07509	0	0	0	0	0	0	0	0	0	0	0	0	0	0	0
S(2,2)SumEntrp	2.0277024	0	0	0	0	0	0	0	0	0	0	0	0	0	0	0
S(2,2)Entropy	3.6017409	0	0	0	0	0	0	0	0	0	0	0	0	0	0	0
S(2,2)DifVarnc	234.5799	0	0	0	0	0	0	0	0	0	0	0	0	0	0	0
S(2,2)DifEntrp	1.7332262	0	0	0	0	0	0	0	0	0	0	0	0	0	0	0
_Area_S(2,-2)	129032	0	0	0	0	0	0	0	0	0	0	0	0	0	0	0
S(2,-2)AngScMom	0.00025633648	0	0	0	0	0	0	0	0	0	0	0	0	0	0	0
S(2,-2)Contrast	704.50059	0	0	0	0	0	0	0	0	0	0	0	0	0	0	0
S(2,-2)Correlat	-0.0013776859	0	0	0	0	0	0	0	0	0	0	0	0	0	0	0
S(2,-2)SumOfSqs	351.76567	0	0	0	0	0	0	0	0	0	0	0	0	0	0	0
S(2,-2)InvDfMom	0.047623933	0	0	0	0	0	0	0	0	0	0	0	0	0	0	0
S(2,-2)SumAverg	64.195889	0	0	0	0	0	0	0	0	0	0	0	0	0	0	0
S(2,-2)SumVarnc	702.5621	0	0	0	0	0	0	0	0	0	0	0	0	0	0	0
S(2,-2)SumEntrp	2.0283527	0	0	0	0	0	0	0	0	0	0	0	0	0	0	0
S(2,-2)Entropy	3.6016459	0	0	0	0	0	0	0	0	0	0	0	0	0	0	0
S(2,-2)DifVarnc	234.59706	0	0	0	0	0	0	0	0	0	0	0	0	0	0	0
S(2,-2)DifEntrp	1.7328492	0	0	0	0	0	0	0	0	0	0	0	0	0	0	0
_Area_S(3,0)	129536	0	0	0	0	0	0	0	0	0	0	0	0	0	0	0
S(3,0)AngScMom	0.00025591852	0	0	0	0	0	0	0	0	0	0	0	0	0	0	0
S(3,0)Contrast	696.958	0	0	0	0	0	0	0	0	0	0	0	0	0	0	0
S(3,0)Correlat	0.010087698	0	0	0	0	0	0	0	0	0	0	0	0	0	0	0
S(3,0)SumOfSqs	352.03018	0	0	0	0	0	0	0	0	0	0	0	0	0	0	0
S(3,0)InvDfMom	0.04630857	0	0	0	0	0	0	0	0	0	0	0	0	0	0	0
S(3,0)SumAverg	64.217299	0	0	0	0	0	0	0	0	0	0	0	0	0	0	0
S(3,0)SumVarnc	711.1627	0	0	0	0	0	0	0	0	0	0	0	0	0	0	0
S(3,0)SumEntrp	2.0308089	0	0	0	0	0	0	0	0	0	0	0	0	0	0	0
S(3,0)Entropy	3.6020454	0	0	0	0	0	0	0	0	0	0	0	0	0	0	0
S(3,0)DifVarnc	232.68087	0	0	0	0	0	0	0	0	0	0	0	0	0	0	0
S(3,0)DifEntrp	1.7306612	0	0	0	0	0	0	0	0	0	0	0	0	0	0	0
_Area_S(0,3)	129536	0	0	0	0	0	0	0	0	0	0	0	0	0	0	0
S(0,3)AngScMom	0.00025560516	0	0	0	0	0	0	0	0	0	0	0	0	0	0	0
S(0,3)Contrast	701.41775	0	0	0	0	0	0	0	0	0	0	0	0	0	0	0
S(0,3)Correlat	0.0029192293	0	0	0	0	0	0	0	0	0	0	0	0	0	0	0
S(0,3)SumOfSqs	351.73567	0	0	0	0	0	0	0	0	0	0	0	0	0	0	0
S(0,3)InvDfMom	0.046804019	0	0	0	0	0	0	0	0	0	0	0	0	0	0	0
S(0,3)SumAverg	64.211076	0	0	0	0	0	0	0	0	0	0	0	0	0	0	0
S(0,3)SumVarnc	705.52494	0	0	0	0	0	0	0	0	0	0	0	0	0	0	0
S(0,3)SumEntrp	2.0289774	0	0	0	0	0	0	0	0	0	0	0	0	0	0	0
S(0,3)Entropy	3.6023038	0	0	0	0	0	0	0	0	0	0	0	0	0	0	0
S(0,3)DifVarnc	234.24912	0	0	0	0	0	0	0	0	0	0	0	0	0	0	0
S(0,3)DifEntrp	1.7319149	0	0	0	0	0	0	0	0	0	0	0	0	0	0	0
_Area_S(3,3)	128018	0	0	0	0	0	0	0	0	0	0	0	0	0	0	0
S(3,3)AngScMom	0.00025560316	0	0	0	0	0	0	0	0	0	0	0	0	0	0	0
S(3,3)Contrast	702.29974	0	0	0	0	0	0	0	0	0	0	0	0	0	0	0
S(3,3)Correlat	0.0018044584	0	0	0	0	0	0	0	0	0	0	0	0	0	0	0
S(3,3)SumOfSqs	351.78465	0	0	0	0	0	0	0	0	0	0	0	0	0	0	0
S(3,3)InvDfMom	0.047242208	0	0	0	0	0	0	0	0	0	0	0	0	0	0	0
S(3,3)SumAverg	64.203596	0	0	0	0	0	0	0	0	0	0	0	0	0	0	0
S(3,3)SumVarnc	704.83886	0	0	0	0	0	0	0	0	0	0	0	0	0	0	0
S(3,3)SumEntrp	2.0287376	0	0	0	0	0	0	0	0	0	0	0	0	0	0	0
S(3,3)Entropy	3.6023146	0	0	0	0	0	0	0	0	0	0	0	0	0	0	0
S(3,3)DifVarnc	234.27567	0	0	0	0	0	0	0	0	0	0	0	0	0	0	0
S(3,3)DifEntrp	1.7324501	0	0	0	0	0	0	0	0	0	0	0	0	0	0	0
_Area_S(3,-3)	128018	0	0	0	0	0	0	0	0	0	0	0	0	0	0	0
S(3,-3)AngScMom	0.00025620101	0	0	0	0	0	0	0	0	0	0	0	0	0	0	0
S(3,-3)Contrast	699.47446	0	0	0	0	0	0	0	0	0	0	0	0	0	0	0
S(3,-3)Correlat	0.0058165983	0	0	0	0	0	0	0	0	0	0	0	0	0	0	0
S(3,-3)SumOfSqs	351.78342	0	0	0	0	0	0	0	0	0	0	0	0	0	0	0
S(3,-3)InvDfMom	0.04775404	0	0	0	0	0	0	0	0	0	0	0	0	0	0	0
S(3,-3)SumAverg	64.202143	0	0	0	0	0	0	0	0	0	0	0	0	0	0	0
S(3,-3)SumVarnc	707.6592	0	0	0	0	0	0	0	0	0	0	0	0	0	0	0
S(3,-3)SumEntrp	2.0298151	0	0	0	0	0	0	0	0	0	0	0	0	0	0	0
S(3,-3)Entropy	3.6017971	0	0	0	0	0	0	0	0	0	0	0	0	0	0	0
S(3,-3)DifVarnc	233.83013	0	0	0	0	0	0	0	0	0	0	0	0	0	0	0
S(3,-3)DifEntrp	1.7317803	0	0	0	0	0	0	0	0	0	0	0	0	0	0	0
_Area_S(4,0)	129024	0	0	0	0	0	0	0	0	0	0	0	0	0	0	0
S(4,0)AngScMom	0.00025577057	0	0	0	0	0	0	0	0	0	0	0	0	0	0	0
S(4,0)Contrast	698.11392	0	0	0	0	0	0	0	0	0	0	0	0	0	0	0
S(4,0)Correlat	0.0080926894	0	0	0	0	0	0	0	0	0	0	0	0	0	0	0
S(4,0)SumOfSqs	351.90481	0	0	0	0	0	0	0	0	0	0	0	0	0	0	0
S(4,0)InvDfMom	0.046346738	0	0	0	0	0	0	0	0	0	0	0	0	0	0	0
S(4,0)SumAverg	64.217091	0	0	0	0	0	0	0	0	0	0	0	0	0	0	0
S(4,0)SumVarnc	709.50534	0	0	0	0	0	0	0	0	0	0	0	0	0	0	0
S(4,0)SumEntrp	2.0300708	0	0	0	0	0	0	0	0	0	0	0	0	0	0	0
S(4,0)Entropy	3.6022331	0	0	0	0	0	0	0	0	0	0	0	0	0	0	0
S(4,0)DifVarnc	233.52741	0	0	0	0	0	0	0	0	0	0	0	0	0	0	0
S(4,0)DifEntrp	1.7310324	0	0	0	0	0	0	0	0	0	0	0	0	0	0	0
_Area_S(0,4)	129024	0	0	0	0	0	0	0	0	0	0	0	0	0	0	0
S(0,4)AngScMom	0.00025530875	0	0	0	0	0	0	0	0	0	0	0	0	0	0	0
S(0,4)Contrast	700.3296	0	0	0	0	0	0	0	0	0	0	0	0	0	0	0
S(0,4)Correlat	0.0041289126	0	0	0	0	0	0	0	0	0	0	0	0	0	0	0
S(0,4)SumOfSqs	351.61659	0	0	0	0	0	0	0	0	0	0	0	0	0	0	0
S(0,4)InvDfMom	0.04661582	0	0	0	0	0	0	0	0	0	0	0	0	0	0	0
S(0,4)SumAverg	64.220037	0	0	0	0	0	0	0	0	0	0	0	0	0	0	0
S(0,4)SumVarnc	706.13677	0	0	0	0	0	0	0	0	0	0	0	0	0	0	0
S(0,4)SumEntrp	2.0292482	0	0	0	0	0	0	0	0	0	0	0	0	0	0	0
S(0,4)Entropy	3.6025736	0	0	0	0	0	0	0	0	0	0	0	0	0	0	0
S(0,4)DifVarnc	234.02014	0	0	0	0	0	0	0	0	0	0	0	0	0	0	0
S(0,4)DifEntrp	1.7317433	0	0	0	0	0	0	0	0	0	0	0	0	0	0	0
_Area_S(4,4)	127008	0	0	0	0	0	0	0	0	0	0	0	0	0	0	0
S(4,4)AngScMom	0.0002557845	0	0	0	0	0	0	0	0	0	0	0	0	0	0	0
S(4,4)Contrast	702.25759	0	0	0	0	0	0	0	0	0	0	0	0	0	0	0
S(4,4)Correlat	0.001187793	0	0	0	0	0	0	0	0	0	0	0	0	0	0	0
S(4,4)SumOfSqs	351.54636	0	0	0	0	0	0	0	0	0	0	0	0	0	0	0
S(4,4)InvDfMom	0.045953888	0	0	0	0	0	0	0	0	0	0	0	0	0	0	0
S(4,4)SumAverg	64.211325	0	0	0	0	0	0	0	0	0	0	0	0	0	0	0
S(4,4)SumVarnc	703.92785	0	0	0	0	0	0	0	0	0	0	0	0	0	0	0
S(4,4)SumEntrp	2.0285913	0	0	0	0	0	0	0	0	0	0	0	0	0	0	0
S(4,4)Entropy	3.6020701	0	0	0	0	0	0	0	0	0	0	0	0	0	0	0
S(4,4)DifVarnc	234.36494	0	0	0	0	0	0	0	0	0	0	0	0	0	0	0
S(4,4)DifEntrp	1.7320365	0	0	0	0	0	0	0	0	0	0	0	0	0	0	0
_Area_S(4,-4)	127008	0	0	0	0	0	0	0	0	0	0	0	0	0	0	0
S(4,-4)AngScMom	0.00025614059	0	0	0	0	0	0	0	0	0	0	0	0	0	0	0
S(4,-4)Contrast	704.52464	0	0	0	0	0	0	0	0	0	0	0	0	0	0	0
S(4,-4)Correlat	-0.002050729	0	0	0	0	0	0	0	0	0	0	0	0	0	0	0
S(4,-4)SumOfSqs	351.54141	0	0	0	0	0	0	0	0	0	0	0	0	0	0	0
S(4,-4)InvDfMom	0.047269758	0	0	0	0	0	0	0	0	0	0	0	0	0	0	0
S(4,-4)SumAverg	64.209388	0	0	0	0	0	0	0	0	0	0	0	0	0	0	0
S(4,-4)SumVarnc	701.64098	0	0	0	0	0	0	0	0	0	0	0	0	0	0	0
S(4,-4)SumEntrp	2.0280556	0	0	0	0	0	0	0	0	0	0	0	0	0	0	0
S(4,-4)Entropy	3.6018157	0	0	0	0	0	0	0	0	0	0	0	0	0	0	0
S(4,-4)DifVarnc	233.70968	0	0	0	0	0	0	0	0	0	0	0	0	0	0	0
S(4,-4)DifEntrp	1.7327022	0	0	0	0	0	0	0	0	0	0	0	0	0	0	0
_Area_S(5,0)	128512	0	0	0	0	0	0	0	0	0	0	0	0	0	0	0
S(5,0)AngScMom	0.00025615261	0	0	0	0	0	0	0	0	0	0	0	0	0	0	0
S(5,0)Contrast	696.92142	0	0	0	0	0	0	0	0	0	0	0	0	0	0	0
S(5,0)Correlat	0.0096699956	0	0	0	0	0	0	0	0	0	0	0	0	0	0	0
S(5,0)SumOfSqs	351.86323	0	0	0	0	0	0	0	0	0	0	0	0	0	0	0
S(5,0)InvDfMom	0.047818667	0	0	0	0	0	0	0	0	0	0	0	0	0	0	0
S(5,0)SumAverg	64.222594	0	0	0	0	0	0	0	0	0	0	0	0	0	0	0
S(5,0)SumVarnc	710.53149	0	0	0	0	0	0	0	0	0	0	0	0	0	0	0
S(5,0)SumEntrp	2.0304317	0	0	0	0	0	0	0	0	0	0	0	0	0	0	0
S(5,0)Entropy	3.6018759	0	0	0	0	0	0	0	0	0	0	0	0	0	0	0
S(5,0)DifVarnc	234.1406	0	0	0	0	0	0	0	0	0	0	0	0	0	0	0
S(5,0)DifEntrp	1.7307878	0	0	0	0	0	0	0	0	0	0	0	0	0	0	0
_Area_S(0,5)	128512	0	0	0	0	0	0	0	0	0	0	0	0	0	0	0
S(0,5)AngScMom	0.00025580251	0	0	0	0	0	0	0	0	0	0	0	0	0	0	0
S(0,5)Contrast	703.17209	0	0	0	0	0	0	0	0	0	0	0	0	0	0	0
S(0,5)Correlat	6.568644e-05	0	0	0	0	0	0	0	0	0	0	0	0	0	0	0
S(0,5)SumOfSqs	351.60914	0	0	0	0	0	0	0	0	0	0	0	0	0	0	0
S(0,5)InvDfMom	0.047025056	0	0	0	0	0	0	0	0	0	0	0	0	0	0	0
S(0,5)SumAverg	64.219497	0	0	0	0	0	0	0	0	0	0	0	0	0	0	0
S(0,5)SumVarnc	703.26448	0	0	0	0	0	0	0	0	0	0	0	0	0	0	0
S(0,5)SumEntrp	2.0283749	0	0	0	0	0	0	0	0	0	0	0	0	0	0	0
S(0,5)Entropy	3.6021513	0	0	0	0	0	0	0	0	0	0	0	0	0	0	0
S(0,5)DifVarnc	235.02517	0	0	0	0	0	0	0	0	0	0	0	0	0	0	0
S(0,5)DifEntrp	1.7326141	0	0	0	0	0	0	0	0	0	0	0	0	0	0	0
_Area_S(5,5)	126002	0	0	0	0	0	0	0	0	0	0	0	0	0	0	0
S(5,5)AngScMom	0.00025614946	0	0	0	0	0	0	0	0	0	0	0	0	0	0	0
S(5,5)Contrast	700.4331	0	0	0	0	0	0	0	0	0	0	0	0	0	0	0
S(5,5)Correlat	0.0036193536	0	0	0	0	0	0	0	0	0	0	0	0	0	0	0
S(5,5)SumOfSqs	351.48871	0	0	0	0	0	0	0	0	0	0	0	0	0	0	0
S(5,5)InvDfMom	0.046830774	0	0	0	0	0	0	0	0	0	0	0	0	0	0	0
S(5,5)SumAverg	64.215806	0	0	0	0	0	0	0	0	0	0	0	0	0	0	0
S(5,5)SumVarnc	705.52175	0	0	0	0	0	0	0	0	0	0	0	0	0	0	0
S(5,5)SumEntrp	2.0289622	0	0	0	0	0	0	0	0	0	0	0	0	0	0	0
S(5,5)Entropy	3.6018848	0	0	0	0	0	0	0	0	0	0	0	0	0	0	0
S(5,5)DifVarnc	235.07067	0	0	0	0	0	0	0	0	0	0	0	0	0	0	0
S(5,5)DifEntrp	1.7317024	0	0	0	0	0	0	0	0	0	0	0	0	0	0	0
_Area_S(5,-5)	126002	0	0	0	0	0	0	0	0	0	0	0	0	0	0	0
S(5,-5)AngScMom	0.00025610021	0	0	0	0	0	0	0	0	0	0	0	0	0	0	0
S(5,-5)Contrast	703.34363	0	0	0	0	0	0	0	0	0	0	0	0	0	0	0
S(5,-5)Correlat	-0.00049732989	0	0	0	0	0	0	0	0	0	0	0	0	0	0	0
S(5,-5)SumOfSqs	351.497	0	0	0	0	0	0	0	0	0	0	0	0	0	0	0
S(5,-5)InvDfMom	0.045038556	0	0	0	0	0	0	0	0	0	0	0	0	0	0	0
S(5,-5)SumAverg	64.214282	0	0	0	0	0	0	0	0	0	0	0	0	0	0	0
S(5,-5)SumVarnc	702.64439	0	0	0	0	0	0	0	0	0	0	0	0	0	0	0
S(5,-5)SumEntrp	2.028448	0	0	0	0	0	0	0	0	0	0	0	0	0	0	0
S(5,-5)Entropy	3.6018406	0	0	0	0	0	0	0	0	0	0	0	0	0	0	0
S(5,-5)DifVarnc	233.16958	0	0	0	0	0	0	0	0	0	0	0	0	0	0	0
S(5,-5)DifEntrp	1.732311	0	0	0	0	0	0	0	0	0	0	0	0	0	0	0
Horzl_RLNonUni	61558.526	0	0	0	0	0	0	0	0	0	0	0	0	0	0	0
Horzl_GLevNonU	1009.74	0	0	0	0	0	0	0	0	0	0	0	0	0	0	0
Horzl_LngREmph	1.0654095	0	0	0	0	0	0	0	0	0	0	0	0	0	0	0
Horzl_ShrtREmp	0.9843668	0	0	0	0	0	0	0	0	0	0	0	0	0	0	0
Horzl_Fraction	0.9790802	0	0	0	0	0	0	0	0	0	0	0	0	0	0	0
Vertl_RLNonUni	62514.136	0	0	0	0	0	0	0	0	0	0	0	0	0	0	0
Vertl_GLevNonU	1015.651	0	0	0	0	0	0	0	0	0	0	0	0	0	0	0
Vertl_LngREmph	1.0486319	0	0	0	0	0	0	0	0	0	0	0	0	0	0	0
Vertl_ShrtREmp	0.98820483	0	0	0	0	0	0	0	0	0	0	0	0	0	0	0
Vertl_Fraction	0.98426819	0	0	0	0	0	0	0	0	0	0	0	0	0	0	0
45dgr_RLNonUni	62430.136	0	0	0	0	0	0	0	0	0	0	0	0	0	0	0
45dgr_GLevNonU	1015.2666	0	0	0	0	0	0	0	0	0	0	0	0	0	0	0
45dgr_LngREmph	1.0497061	0	0	0	0	0	0	0	0	0	0	0	0	0	0	0
45dgr_ShrtREmp	0.98785834	0	0	0	0	0	0	0	0	0	0	0	0	0	0	0
45dgr_Fraction	0.98387146	0	0	0	0	0	0	0	0	0	0	0	0	0	0	0
135dr_RLNonUni	62554.178	0	0	0	0	0	0	0	0	0	0	0	0	0	0	0
135dr_GLevNonU	1016.2109	0	0	0	0	0	0	0	0	0	0	0	0	0	0	0
135dr_LngREmph	1.0479866	0	0	0	0	0	0	0	0	0	0	0	0	0	0	0
135dr_ShrtREmp	0.988365	0	0	0	0	0	0	0	0	0	0	0	0	0	0	0
135dr_Fraction	0.98446655	0	0	0	0	0	0	0	0	0	0	0	0	0	0	0
_AreaGr	64516	0	0	0	0	0	0	0	0	0	0	0	0	0	0	0
GrMean	8.3835008	0	0	0	0	0	0	0	0	0	0	0	0	0	0	0
GrVariance	15.877712	0	0	0	0	0	0	0	0	0	0	0	0	0	0	0
GrSkewness	0.16389203	0	0	0	0	0	0	0	0	0	0	0	0	0	0	0
GrKurtosis	-0.67230263	0	0	0	0	0	0	0	0	0	0	0	0	0	0	0
GrNonZeros	0.99596999	0	0	0	0	0	0	0	0	0	0	0	0	0	0	0
_AreaARM	64770	0	0	0	0	0	0	0	0	0	0	0	0	0	0	0
Teta1	0.069931946	0	0	0	0	0	0	0	0	0	0	0	0	0	0	0
Teta2	0.00075363459	0	0	0	0	0	0	0	0	0	0	0	0	0	0	0
Teta3	0.006447722	0	0	0	0	0	0	0	0	0	0	0	0	0	0	0
Teta4	0.0029908372	0	0	0	0	0	0	0	0	0	0	0	0	0	0	0
Sigma	0.99712145	0	0	0	0	0	0	0	0	0	0	0	0	0	0	0
WavEnLL_s-1	17363.47	0	0	0	0	0	0	0	0	0	0	0	0	0	0	0
WavEnLH_s-1	1506.1934	0	0	0	0	0	0	0	0	0	0	0	0	0	0	0
WavEnHL_s-1	1317.012	0	0	0	0	0	0	0	0	0	0	0	0	0	0	0
WavEnHH_s-1	1315.8703	0	0	0	0	0	0	0	0	0	0	0	0	0	0	0
WavEnLL_s-2	16272.497	0	0	0	0	0	0	0	0	0	0	0	0	0	0	0
WavEnLH_s-2	387.65024	0	0	0	0	0	0	0	0	0	0	0	0	0	0	0
WavEnHL_s-2	350.27344	0	0	0	0	0	0	0	0	0	0	0	0	0	0	0
WavEnHH_s-2	353.04897	0	0	0	0	0	0	0	0	0	0	0	0	0	0	0
WavEnLL_s-3	15965.626	0	0	0	0	0	0	0	0	0	0	0	0	0	0	0
WavEnLH_s-3	107.65425	0	0	0	0	0	0	0	0	0	0	0	0	0	0	0
WavEnHL_s-3	107.45246	0	0	0	0	0	0	0	0	0	0	0	0	0	0	0
WavEnHH_s-3	91.764329	0	0	0	0	0	0	0	0	0	0	0	0	0	0	0
WavEnLL_s-4	15893.746	0	0	0	0	0	0	0	0	0	0	0	0	0	0	0
WavEnLH_s-4	22.884328	0	0	0	0	0	0	0	0	0	0	0	0	0	0	0
WavEnHL_s-4	24.618122	0	0	0	0	0	0	0	0	0	0	0	0	0	0	0
WavEnHH_s-4	24.378294	0	0	0	0	0	0	0	0	0	0	0	0	0	0	0
