Image File: sand1-a-p017.png 
ROI File: allred.roi 
Image size: 256 x 256
Min. lum.: 1
Max. lum.: 256
Bits/pixel: 8

Normalisation =  No
Histogram analysis = Yes
CO matrix analysis = Yes, Dimensions = 6 x 6, Distances = 1 2 3 4 5
RL matrix analysis = Yes, Dimension = 6
Gradient analysis = Yes, Max pixel value = 16
AR model analysis = Yes
Wavelet analysis = Yes

--------------- CLASS NAMES ----------------

----------------- FEATURES -----------------
_Area	65536	0	0	0	0	0	0	0	0	0	0	0	0	0	0	0
Mean	128.54024	0	0	0	0	0	0	0	0	0	0	0	0	0	0	0
Variance	5513.6385	0	0	0	0	0	0	0	0	0	0	0	0	0	0	0
Skewness	0.0048720048	0	0	0	0	0	0	0	0	0	0	0	0	0	0	0
Kurtosis	-1.2029307	0	0	0	0	0	0	0	0	0	0	0	0	0	0	0
Perc.01%	3	0	0	0	0	0	0	0	0	0	0	0	0	0	0	0
Perc.10%	26	0	0	0	0	0	0	0	0	0	0	0	0	0	0	0
Perc.50%	129	0	0	0	0	0	0	0	0	0	0	0	0	0	0	0
Perc.90%	232	0	0	0	0	0	0	0	0	0	0	0	0	0	0	0
Perc.99%	254	0	0	0	0	0	0	0	0	0	0	0	0	0	0	0
_Area_S(1,0)	130560	0	0	0	0	0	0	0	0	0	0	0	0	0	0	0
S(1,0)AngScMom	0.00027143585	0	0	0	0	0	0	0	0	0	0	0	0	0	0	0
S(1,0)Contrast	626.27249	0	0	0	0	0	0	0	0	0	0	0	0	0	0	0
S(1,0)Correlat	0.089392178	0	0	0	0	0	0	0	0	0	0	0	0	0	0	0
S(1,0)SumOfSqs	343.87608	0	0	0	0	0	0	0	0	0	0	0	0	0	0	0
S(1,0)InvDfMom	0.056978851	0	0	0	0	0	0	0	0	0	0	0	0	0	0	0
S(1,0)SumAverg	65.021875	0	0	0	0	0	0	0	0	0	0	0	0	0	0	0
S(1,0)SumVarnc	749.23181	0	0	0	0	0	0	0	0	0	0	0	0	0	0	0
S(1,0)SumEntrp	2.0396367	0	0	0	0	0	0	0	0	0	0	0	0	0	0	0
S(1,0)Entropy	3.5905747	0	0	0	0	0	0	0	0	0	0	0	0	0	0	0
S(1,0)DifVarnc	215.45647	0	0	0	0	0	0	0	0	0	0	0	0	0	0	0
S(1,0)DifEntrp	1.7103344	0	0	0	0	0	0	0	0	0	0	0	0	0	0	0
_Area_S(0,1)	130560	0	0	0	0	0	0	0	0	0	0	0	0	0	0	0
S(0,1)AngScMom	0.00025546252	0	0	0	0	0	0	0	0	0	0	0	0	0	0	0
S(0,1)Contrast	687.41535	0	0	0	0	0	0	0	0	0	0	0	0	0	0	0
S(0,1)Correlat	-0.00052705559	0	0	0	0	0	0	0	0	0	0	0	0	0	0	0
S(0,1)SumOfSqs	343.52662	0	0	0	0	0	0	0	0	0	0	0	0	0	0	0
S(0,1)InvDfMom	0.047148721	0	0	0	0	0	0	0	0	0	0	0	0	0	0	0
S(0,1)SumAverg	65.014522	0	0	0	0	0	0	0	0	0	0	0	0	0	0	0
S(0,1)SumVarnc	686.69112	0	0	0	0	0	0	0	0	0	0	0	0	0	0	0
S(0,1)SumEntrp	2.023728	0	0	0	0	0	0	0	0	0	0	0	0	0	0	0
S(0,1)Entropy	3.6022837	0	0	0	0	0	0	0	0	0	0	0	0	0	0	0
S(0,1)DifVarnc	230.39898	0	0	0	0	0	0	0	0	0	0	0	0	0	0	0
S(0,1)DifEntrp	1.7281975	0	0	0	0	0	0	0	0	0	0	0	0	0	0	0
_Area_S(1,1)	130050	0	0	0	0	0	0	0	0	0	0	0	0	0	0	0
S(1,1)AngScMom	0.0002560935	0	0	0	0	0	0	0	0	0	0	0	0	0	0	0
S(1,1)Contrast	688.1306	0	0	0	0	0	0	0	0	0	0	0	0	0	0	0
S(1,1)Correlat	-0.0012313826	0	0	0	0	0	0	0	0	0	0	0	0	0	0	0
S(1,1)SumOfSqs	343.64214	0	0	0	0	0	0	0	0	0	0	0	0	0	0	0
S(1,1)InvDfMom	0.047096861	0	0	0	0	0	0	0	0	0	0	0	0	0	0	0
S(1,1)SumAverg	65.019054	0	0	0	0	0	0	0	0	0	0	0	0	0	0	0
S(1,1)SumVarnc	686.43798	0	0	0	0	0	0	0	0	0	0	0	0	0	0	0
S(1,1)SumEntrp	2.0240227	0	0	0	0	0	0	0	0	0	0	0	0	0	0	0
S(1,1)Entropy	3.6017698	0	0	0	0	0	0	0	0	0	0	0	0	0	0	0
S(1,1)DifVarnc	229.07402	0	0	0	0	0	0	0	0	0	0	0	0	0	0	0
S(1,1)DifEntrp	1.7281757	0	0	0	0	0	0	0	0	0	0	0	0	0	0	0
_Area_S(1,-1)	130050	0	0	0	0	0	0	0	0	0	0	0	0	0	0	0
S(1,-1)AngScMom	0.0002554994	0	0	0	0	0	0	0	0	0	0	0	0	0	0	0
S(1,-1)Contrast	686.34802	0	0	0	0	0	0	0	0	0	0	0	0	0	0	0
S(1,-1)Correlat	0.0013369335	0	0	0	0	0	0	0	0	0	0	0	0	0	0	0
S(1,-1)SumOfSqs	343.63343	0	0	0	0	0	0	0	0	0	0	0	0	0	0	0
S(1,-1)InvDfMom	0.046187362	0	0	0	0	0	0	0	0	0	0	0	0	0	0	0
S(1,-1)SumAverg	65.01887	0	0	0	0	0	0	0	0	0	0	0	0	0	0	0
S(1,-1)SumVarnc	688.18568	0	0	0	0	0	0	0	0	0	0	0	0	0	0	0
S(1,-1)SumEntrp	2.0244877	0	0	0	0	0	0	0	0	0	0	0	0	0	0	0
S(1,-1)Entropy	3.6022574	0	0	0	0	0	0	0	0	0	0	0	0	0	0	0
S(1,-1)DifVarnc	229.18082	0	0	0	0	0	0	0	0	0	0	0	0	0	0	0
S(1,-1)DifEntrp	1.7277718	0	0	0	0	0	0	0	0	0	0	0	0	0	0	0
_Area_S(2,0)	130048	0	0	0	0	0	0	0	0	0	0	0	0	0	0	0
S(2,0)AngScMom	0.0002576147	0	0	0	0	0	0	0	0	0	0	0	0	0	0	0
S(2,0)Contrast	666.83635	0	0	0	0	0	0	0	0	0	0	0	0	0	0	0
S(2,0)Correlat	0.030501161	0	0	0	0	0	0	0	0	0	0	0	0	0	0	0
S(2,0)SumOfSqs	343.90776	0	0	0	0	0	0	0	0	0	0	0	0	0	0	0
S(2,0)InvDfMom	0.04924791	0	0	0	0	0	0	0	0	0	0	0	0	0	0	0
S(2,0)SumAverg	65.034772	0	0	0	0	0	0	0	0	0	0	0	0	0	0	0
S(2,0)SumVarnc	708.7947	0	0	0	0	0	0	0	0	0	0	0	0	0	0	0
S(2,0)SumEntrp	2.0302856	0	0	0	0	0	0	0	0	0	0	0	0	0	0	0
S(2,0)Entropy	3.6005097	0	0	0	0	0	0	0	0	0	0	0	0	0	0	0
S(2,0)DifVarnc	224.6697	0	0	0	0	0	0	0	0	0	0	0	0	0	0	0
S(2,0)DifEntrp	1.7222653	0	0	0	0	0	0	0	0	0	0	0	0	0	0	0
_Area_S(0,2)	130048	0	0	0	0	0	0	0	0	0	0	0	0	0	0	0
S(0,2)AngScMom	0.00025588946	0	0	0	0	0	0	0	0	0	0	0	0	0	0	0
S(0,2)Contrast	690.41099	0	0	0	0	0	0	0	0	0	0	0	0	0	0	0
S(0,2)Correlat	-0.0052702193	0	0	0	0	0	0	0	0	0	0	0	0	0	0	0
S(0,2)SumOfSqs	343.39572	0	0	0	0	0	0	0	0	0	0	0	0	0	0	0
S(0,2)InvDfMom	0.046286571	0	0	0	0	0	0	0	0	0	0	0	0	0	0	0
S(0,2)SumAverg	64.973364	0	0	0	0	0	0	0	0	0	0	0	0	0	0	0
S(0,2)SumVarnc	683.1719	0	0	0	0	0	0	0	0	0	0	0	0	0	0	0
S(0,2)SumEntrp	2.0229407	0	0	0	0	0	0	0	0	0	0	0	0	0	0	0
S(0,2)Entropy	3.6018402	0	0	0	0	0	0	0	0	0	0	0	0	0	0	0
S(0,2)DifVarnc	229.6543	0	0	0	0	0	0	0	0	0	0	0	0	0	0	0
S(0,2)DifEntrp	1.7289851	0	0	0	0	0	0	0	0	0	0	0	0	0	0	0
_Area_S(2,2)	129032	0	0	0	0	0	0	0	0	0	0	0	0	0	0	0
S(2,2)AngScMom	0.00025585526	0	0	0	0	0	0	0	0	0	0	0	0	0	0	0
S(2,2)Contrast	688.21733	0	0	0	0	0	0	0	0	0	0	0	0	0	0	0
S(2,2)Correlat	-0.0015882193	0	0	0	0	0	0	0	0	0	0	0	0	0	0	0
S(2,2)SumOfSqs	343.56301	0	0	0	0	0	0	0	0	0	0	0	0	0	0	0
S(2,2)InvDfMom	0.046653167	0	0	0	0	0	0	0	0	0	0	0	0	0	0	0
S(2,2)SumAverg	64.992637	0	0	0	0	0	0	0	0	0	0	0	0	0	0	0
S(2,2)SumVarnc	686.03471	0	0	0	0	0	0	0	0	0	0	0	0	0	0	0
S(2,2)SumEntrp	2.0234853	0	0	0	0	0	0	0	0	0	0	0	0	0	0	0
S(2,2)Entropy	3.6019799	0	0	0	0	0	0	0	0	0	0	0	0	0	0	0
S(2,2)DifVarnc	230.26489	0	0	0	0	0	0	0	0	0	0	0	0	0	0	0
S(2,2)DifEntrp	1.728422	0	0	0	0	0	0	0	0	0	0	0	0	0	0	0
_Area_S(2,-2)	129032	0	0	0	0	0	0	0	0	0	0	0	0	0	0	0
S(2,-2)AngScMom	0.0002557737	0	0	0	0	0	0	0	0	0	0	0	0	0	0	0
S(2,-2)Contrast	688.63445	0	0	0	0	0	0	0	0	0	0	0	0	0	0	0
S(2,-2)Correlat	-0.0023153127	0	0	0	0	0	0	0	0	0	0	0	0	0	0	0
S(2,-2)SumOfSqs	343.52186	0	0	0	0	0	0	0	0	0	0	0	0	0	0	0
S(2,-2)InvDfMom	0.046669041	0	0	0	0	0	0	0	0	0	0	0	0	0	0	0
S(2,-2)SumAverg	64.990421	0	0	0	0	0	0	0	0	0	0	0	0	0	0	0
S(2,-2)SumVarnc	685.45301	0	0	0	0	0	0	0	0	0	0	0	0	0	0	0
S(2,-2)SumEntrp	2.0237093	0	0	0	0	0	0	0	0	0	0	0	0	0	0	0
S(2,-2)Entropy	3.6020197	0	0	0	0	0	0	0	0	0	0	0	0	0	0	0
S(2,-2)DifVarnc	229.26191	0	0	0	0	0	0	0	0	0	0	0	0	0	0	0
S(2,-2)DifEntrp	1.7283103	0	0	0	0	0	0	0	0	0	0	0	0	0	0	0
_Area_S(3,0)	129536	0	0	0	0	0	0	0	0	0	0	0	0	0	0	0
S(3,0)AngScMom	0.00025647026	0	0	0	0	0	0	0	0	0	0	0	0	0	0	0
S(3,0)Contrast	682.96004	0	0	0	0	0	0	0	0	0	0	0	0	0	0	0
S(3,0)Correlat	0.0070313076	0	0	0	0	0	0	0	0	0	0	0	0	0	0	0
S(3,0)SumOfSqs	343.89807	0	0	0	0	0	0	0	0	0	0	0	0	0	0	0
S(3,0)InvDfMom	0.047428124	0	0	0	0	0	0	0	0	0	0	0	0	0	0	0
S(3,0)SumAverg	65.025506	0	0	0	0	0	0	0	0	0	0	0	0	0	0	0
S(3,0)SumVarnc	692.63225	0	0	0	0	0	0	0	0	0	0	0	0	0	0	0
S(3,0)SumEntrp	2.0260043	0	0	0	0	0	0	0	0	0	0	0	0	0	0	0
S(3,0)Entropy	3.6013936	0	0	0	0	0	0	0	0	0	0	0	0	0	0	0
S(3,0)DifVarnc	227.96047	0	0	0	0	0	0	0	0	0	0	0	0	0	0	0
S(3,0)DifEntrp	1.7265719	0	0	0	0	0	0	0	0	0	0	0	0	0	0	0
_Area_S(0,3)	129536	0	0	0	0	0	0	0	0	0	0	0	0	0	0	0
S(0,3)AngScMom	0.0002559737	0	0	0	0	0	0	0	0	0	0	0	0	0	0	0
S(0,3)Contrast	685.62991	0	0	0	0	0	0	0	0	0	0	0	0	0	0	0
S(0,3)Correlat	0.0018532027	0	0	0	0	0	0	0	0	0	0	0	0	0	0	0
S(0,3)SumOfSqs	343.45144	0	0	0	0	0	0	0	0	0	0	0	0	0	0	0
S(0,3)InvDfMom	0.046527672	0	0	0	0	0	0	0	0	0	0	0	0	0	0	0
S(0,3)SumAverg	64.974988	0	0	0	0	0	0	0	0	0	0	0	0	0	0	0
S(0,3)SumVarnc	688.17585	0	0	0	0	0	0	0	0	0	0	0	0	0	0	0
S(0,3)SumEntrp	2.0245205	0	0	0	0	0	0	0	0	0	0	0	0	0	0	0
S(0,3)Entropy	3.6017971	0	0	0	0	0	0	0	0	0	0	0	0	0	0	0
S(0,3)DifVarnc	227.81475	0	0	0	0	0	0	0	0	0	0	0	0	0	0	0
S(0,3)DifEntrp	1.727506	0	0	0	0	0	0	0	0	0	0	0	0	0	0	0
_Area_S(3,3)	128018	0	0	0	0	0	0	0	0	0	0	0	0	0	0	0
S(3,3)AngScMom	0.00025643764	0	0	0	0	0	0	0	0	0	0	0	0	0	0	0
S(3,3)Contrast	686.08536	0	0	0	0	0	0	0	0	0	0	0	0	0	0	0
S(3,3)Correlat	0.0016453518	0	0	0	0	0	0	0	0	0	0	0	0	0	0	0
S(3,3)SumOfSqs	343.60804	0	0	0	0	0	0	0	0	0	0	0	0	0	0	0
S(3,3)InvDfMom	0.046756136	0	0	0	0	0	0	0	0	0	0	0	0	0	0	0
S(3,3)SumAverg	64.985486	0	0	0	0	0	0	0	0	0	0	0	0	0	0	0
S(3,3)SumVarnc	688.34679	0	0	0	0	0	0	0	0	0	0	0	0	0	0	0
S(3,3)SumEntrp	2.0242117	0	0	0	0	0	0	0	0	0	0	0	0	0	0	0
S(3,3)Entropy	3.6014063	0	0	0	0	0	0	0	0	0	0	0	0	0	0	0
S(3,3)DifVarnc	228.5937	0	0	0	0	0	0	0	0	0	0	0	0	0	0	0
S(3,3)DifEntrp	1.7273884	0	0	0	0	0	0	0	0	0	0	0	0	0	0	0
_Area_S(3,-3)	128018	0	0	0	0	0	0	0	0	0	0	0	0	0	0	0
S(3,-3)AngScMom	0.00025632036	0	0	0	0	0	0	0	0	0	0	0	0	0	0	0
S(3,-3)Contrast	682.98146	0	0	0	0	0	0	0	0	0	0	0	0	0	0	0
S(3,-3)Correlat	0.0060269582	0	0	0	0	0	0	0	0	0	0	0	0	0	0	0
S(3,-3)SumOfSqs	343.56136	0	0	0	0	0	0	0	0	0	0	0	0	0	0	0
S(3,-3)InvDfMom	0.047025313	0	0	0	0	0	0	0	0	0	0	0	0	0	0	0
S(3,-3)SumAverg	64.983612	0	0	0	0	0	0	0	0	0	0	0	0	0	0	0
S(3,-3)SumVarnc	691.26398	0	0	0	0	0	0	0	0	0	0	0	0	0	0	0
S(3,-3)SumEntrp	2.0253647	0	0	0	0	0	0	0	0	0	0	0	0	0	0	0
S(3,-3)Entropy	3.6014696	0	0	0	0	0	0	0	0	0	0	0	0	0	0	0
S(3,-3)DifVarnc	227.77524	0	0	0	0	0	0	0	0	0	0	0	0	0	0	0
S(3,-3)DifEntrp	1.7270102	0	0	0	0	0	0	0	0	0	0	0	0	0	0	0
_Area_S(4,0)	129024	0	0	0	0	0	0	0	0	0	0	0	0	0	0	0
S(4,0)AngScMom	0.00025622543	0	0	0	0	0	0	0	0	0	0	0	0	0	0	0
S(4,0)Contrast	684.59539	0	0	0	0	0	0	0	0	0	0	0	0	0	0	0
S(4,0)Correlat	0.004618904	0	0	0	0	0	0	0	0	0	0	0	0	0	0	0
S(4,0)SumOfSqs	343.88607	0	0	0	0	0	0	0	0	0	0	0	0	0	0	0
S(4,0)InvDfMom	0.047455937	0	0	0	0	0	0	0	0	0	0	0	0	0	0	0
S(4,0)SumAverg	65.016958	0	0	0	0	0	0	0	0	0	0	0	0	0	0	0
S(4,0)SumVarnc	690.9489	0	0	0	0	0	0	0	0	0	0	0	0	0	0	0
S(4,0)SumEntrp	2.0251396	0	0	0	0	0	0	0	0	0	0	0	0	0	0	0
S(4,0)Entropy	3.6016143	0	0	0	0	0	0	0	0	0	0	0	0	0	0	0
S(4,0)DifVarnc	228.71279	0	0	0	0	0	0	0	0	0	0	0	0	0	0	0
S(4,0)DifEntrp	1.7271071	0	0	0	0	0	0	0	0	0	0	0	0	0	0	0
_Area_S(0,4)	129024	0	0	0	0	0	0	0	0	0	0	0	0	0	0	0
S(0,4)AngScMom	0.00025607561	0	0	0	0	0	0	0	0	0	0	0	0	0	0	0
S(0,4)Contrast	686.31678	0	0	0	0	0	0	0	0	0	0	0	0	0	0	0
S(0,4)Correlat	0.00062456729	0	0	0	0	0	0	0	0	0	0	0	0	0	0	0
S(0,4)SumOfSqs	343.37285	0	0	0	0	0	0	0	0	0	0	0	0	0	0	0
S(0,4)InvDfMom	0.047337596	0	0	0	0	0	0	0	0	0	0	0	0	0	0	0
S(0,4)SumAverg	64.989459	0	0	0	0	0	0	0	0	0	0	0	0	0	0	0
S(0,4)SumVarnc	687.17462	0	0	0	0	0	0	0	0	0	0	0	0	0	0	0
S(0,4)SumEntrp	2.0241503	0	0	0	0	0	0	0	0	0	0	0	0	0	0	0
S(0,4)Entropy	3.6017045	0	0	0	0	0	0	0	0	0	0	0	0	0	0	0
S(0,4)DifVarnc	229.38242	0	0	0	0	0	0	0	0	0	0	0	0	0	0	0
S(0,4)DifEntrp	1.7278106	0	0	0	0	0	0	0	0	0	0	0	0	0	0	0
_Area_S(4,4)	127008	0	0	0	0	0	0	0	0	0	0	0	0	0	0	0
S(4,4)AngScMom	0.00025581649	0	0	0	0	0	0	0	0	0	0	0	0	0	0	0
S(4,4)Contrast	685.58025	0	0	0	0	0	0	0	0	0	0	0	0	0	0	0
S(4,4)Correlat	0.002169069	0	0	0	0	0	0	0	0	0	0	0	0	0	0	0
S(4,4)SumOfSqs	343.53528	0	0	0	0	0	0	0	0	0	0	0	0	0	0	0
S(4,4)InvDfMom	0.046367938	0	0	0	0	0	0	0	0	0	0	0	0	0	0	0
S(4,4)SumAverg	64.989103	0	0	0	0	0	0	0	0	0	0	0	0	0	0	0
S(4,4)SumVarnc	688.56085	0	0	0	0	0	0	0	0	0	0	0	0	0	0	0
S(4,4)SumEntrp	2.0243811	0	0	0	0	0	0	0	0	0	0	0	0	0	0	0
S(4,4)Entropy	3.601963	0	0	0	0	0	0	0	0	0	0	0	0	0	0	0
S(4,4)DifVarnc	229.40292	0	0	0	0	0	0	0	0	0	0	0	0	0	0	0
S(4,4)DifEntrp	1.7276043	0	0	0	0	0	0	0	0	0	0	0	0	0	0	0
_Area_S(4,-4)	127008	0	0	0	0	0	0	0	0	0	0	0	0	0	0	0
S(4,-4)AngScMom	0.00025607301	0	0	0	0	0	0	0	0	0	0	0	0	0	0	0
S(4,-4)Contrast	684.03954	0	0	0	0	0	0	0	0	0	0	0	0	0	0	0
S(4,-4)Correlat	0.0042332059	0	0	0	0	0	0	0	0	0	0	0	0	0	0	0
S(4,-4)SumOfSqs	343.47377	0	0	0	0	0	0	0	0	0	0	0	0	0	0	0
S(4,-4)InvDfMom	0.045925496	0	0	0	0	0	0	0	0	0	0	0	0	0	0	0
S(4,-4)SumAverg	64.988804	0	0	0	0	0	0	0	0	0	0	0	0	0	0	0
S(4,-4)SumVarnc	689.85552	0	0	0	0	0	0	0	0	0	0	0	0	0	0	0
S(4,-4)SumEntrp	2.024435	0	0	0	0	0	0	0	0	0	0	0	0	0	0	0
S(4,-4)Entropy	3.6017151	0	0	0	0	0	0	0	0	0	0	0	0	0	0	0
S(4,-4)DifVarnc	227.9019	0	0	0	0	0	0	0	0	0	0	0	0	0	0	0
S(4,-4)DifEntrp	1.7269784	0	0	0	0	0	0	0	0	0	0	0	0	0	0	0
_Area_S(5,0)	128512	0	0	0	0	0	0	0	0	0	0	0	0	0	0	0
S(5,0)AngScMom	0.00025644664	0	0	0	0	0	0	0	0	0	0	0	0	0	0	0
S(5,0)Contrast	682.56012	0	0	0	0	0	0	0	0	0	0	0	0	0	0	0
S(5,0)Correlat	0.0077663413	0	0	0	0	0	0	0	0	0	0	0	0	0	0	0
S(5,0)SumOfSqs	343.9513	0	0	0	0	0	0	0	0	0	0	0	0	0	0	0
S(5,0)InvDfMom	0.047316325	0	0	0	0	0	0	0	0	0	0	0	0	0	0	0
S(5,0)SumAverg	65.025072	0	0	0	0	0	0	0	0	0	0	0	0	0	0	0
S(5,0)SumVarnc	693.24509	0	0	0	0	0	0	0	0	0	0	0	0	0	0	0
S(5,0)SumEntrp	2.0258595	0	0	0	0	0	0	0	0	0	0	0	0	0	0	0
S(5,0)Entropy	3.6014688	0	0	0	0	0	0	0	0	0	0	0	0	0	0	0
S(5,0)DifVarnc	228.1935	0	0	0	0	0	0	0	0	0	0	0	0	0	0	0
S(5,0)DifEntrp	1.7268103	0	0	0	0	0	0	0	0	0	0	0	0	0	0	0
_Area_S(0,5)	128512	0	0	0	0	0	0	0	0	0	0	0	0	0	0	0
S(0,5)AngScMom	0.00025598271	0	0	0	0	0	0	0	0	0	0	0	0	0	0	0
S(0,5)Contrast	693.35844	0	0	0	0	0	0	0	0	0	0	0	0	0	0	0
S(0,5)Correlat	-0.0094176193	0	0	0	0	0	0	0	0	0	0	0	0	0	0	0
S(0,5)SumOfSqs	343.44479	0	0	0	0	0	0	0	0	0	0	0	0	0	0	0
S(0,5)InvDfMom	0.045642747	0	0	0	0	0	0	0	0	0	0	0	0	0	0	0
S(0,5)SumAverg	65.012917	0	0	0	0	0	0	0	0	0	0	0	0	0	0	0
S(0,5)SumVarnc	680.42071	0	0	0	0	0	0	0	0	0	0	0	0	0	0	0
S(0,5)SumEntrp	2.0222402	0	0	0	0	0	0	0	0	0	0	0	0	0	0	0
S(0,5)Entropy	3.6017933	0	0	0	0	0	0	0	0	0	0	0	0	0	0	0
S(0,5)DifVarnc	229.05306	0	0	0	0	0	0	0	0	0	0	0	0	0	0	0
S(0,5)DifEntrp	1.7290405	0	0	0	0	0	0	0	0	0	0	0	0	0	0	0
_Area_S(5,5)	126002	0	0	0	0	0	0	0	0	0	0	0	0	0	0	0
S(5,5)AngScMom	0.00025666104	0	0	0	0	0	0	0	0	0	0	0	0	0	0	0
S(5,5)Contrast	687.40822	0	0	0	0	0	0	0	0	0	0	0	0	0	0	0
S(5,5)Correlat	-4.8187489e-05	0	0	0	0	0	0	0	0	0	0	0	0	0	0	0
S(5,5)SumOfSqs	343.68755	0	0	0	0	0	0	0	0	0	0	0	0	0	0	0
S(5,5)InvDfMom	0.046735633	0	0	0	0	0	0	0	0	0	0	0	0	0	0	0
S(5,5)SumAverg	65.02273	0	0	0	0	0	0	0	0	0	0	0	0	0	0	0
S(5,5)SumVarnc	687.34197	0	0	0	0	0	0	0	0	0	0	0	0	0	0	0
S(5,5)SumEntrp	2.0242646	0	0	0	0	0	0	0	0	0	0	0	0	0	0	0
S(5,5)Entropy	3.6011649	0	0	0	0	0	0	0	0	0	0	0	0	0	0	0
S(5,5)DifVarnc	229.2433	0	0	0	0	0	0	0	0	0	0	0	0	0	0	0
S(5,5)DifEntrp	1.7278994	0	0	0	0	0	0	0	0	0	0	0	0	0	0	0
_Area_S(5,-5)	126002	0	0	0	0	0	0	0	0	0	0	0	0	0	0	0
S(5,-5)AngScMom	0.00025596643	0	0	0	0	0	0	0	0	0	0	0	0	0	0	0
S(5,-5)Contrast	682.53482	0	0	0	0	0	0	0	0	0	0	0	0	0	0	0
S(5,-5)Correlat	0.0068476626	0	0	0	0	0	0	0	0	0	0	0	0	0	0	0
S(5,-5)SumOfSqs	343.62041	0	0	0	0	0	0	0	0	0	0	0	0	0	0	0
S(5,-5)InvDfMom	0.046812676	0	0	0	0	0	0	0	0	0	0	0	0	0	0	0
S(5,-5)SumAverg	65.019698	0	0	0	0	0	0	0	0	0	0	0	0	0	0	0
S(5,-5)SumVarnc	691.9468	0	0	0	0	0	0	0	0	0	0	0	0	0	0	0
S(5,-5)SumEntrp	2.0255139	0	0	0	0	0	0	0	0	0	0	0	0	0	0	0
S(5,-5)Entropy	3.6018457	0	0	0	0	0	0	0	0	0	0	0	0	0	0	0
S(5,-5)DifVarnc	228.03798	0	0	0	0	0	0	0	0	0	0	0	0	0	0	0
S(5,-5)DifEntrp	1.7268117	0	0	0	0	0	0	0	0	0	0	0	0	0	0	0
Horzl_RLNonUni	61353.75	0	0	0	0	0	0	0	0	0	0	0	0	0	0	0
Horzl_GLevNonU	1009.5923	0	0	0	0	0	0	0	0	0	0	0	0	0	0	0
Horzl_LngREmph	1.0687406	0	0	0	0	0	0	0	0	0	0	0	0	0	0	0
Horzl_ShrtREmp	0.98352775	0	0	0	0	0	0	0	0	0	0	0	0	0	0	0
Horzl_Fraction	0.97802734	0	0	0	0	0	0	0	0	0	0	0	0	0	0	0
Vertl_RLNonUni	62462.554	0	0	0	0	0	0	0	0	0	0	0	0	0	0	0
Vertl_GLevNonU	1016.0181	0	0	0	0	0	0	0	0	0	0	0	0	0	0	0
Vertl_LngREmph	1.0489673	0	0	0	0	0	0	0	0	0	0	0	0	0	0	0
Vertl_ShrtREmp	0.98798214	0	0	0	0	0	0	0	0	0	0	0	0	0	0	0
Vertl_Fraction	0.98406982	0	0	0	0	0	0	0	0	0	0	0	0	0	0	0
45dgr_RLNonUni	62462.429	0	0	0	0	0	0	0	0	0	0	0	0	0	0	0
45dgr_GLevNonU	1016.0849	0	0	0	0	0	0	0	0	0	0	0	0	0	0	0
45dgr_LngREmph	1.0491859	0	0	0	0	0	0	0	0	0	0	0	0	0	0	0
45dgr_ShrtREmp	0.98798834	0	0	0	0	0	0	0	0	0	0	0	0	0	0	0
45dgr_Fraction	0.98403931	0	0	0	0	0	0	0	0	0	0	0	0	0	0	0
135dr_RLNonUni	62648.528	0	0	0	0	0	0	0	0	0	0	0	0	0	0	0
135dr_GLevNonU	1017.0515	0	0	0	0	0	0	0	0	0	0	0	0	0	0	0
135dr_LngREmph	1.0461009	0	0	0	0	0	0	0	0	0	0	0	0	0	0	0
135dr_ShrtREmp	0.98873295	0	0	0	0	0	0	0	0	0	0	0	0	0	0	0
135dr_Fraction	0.98501587	0	0	0	0	0	0	0	0	0	0	0	0	0	0	0
_AreaGr	64516	0	0	0	0	0	0	0	0	0	0	0	0	0	0	0
GrMean	8.2819938	0	0	0	0	0	0	0	0	0	0	0	0	0	0	0
GrVariance	15.635686	0	0	0	0	0	0	0	0	0	0	0	0	0	0	0
GrSkewness	0.17256392	0	0	0	0	0	0	0	0	0	0	0	0	0	0	0
GrKurtosis	-0.6690963	0	0	0	0	0	0	0	0	0	0	0	0	0	0	0
GrNonZeros	0.99572199	0	0	0	0	0	0	0	0	0	0	0	0	0	0	0
_AreaARM	64770	0	0	0	0	0	0	0	0	0	0	0	0	0	0	0
Teta1	0.089019852	0	0	0	0	0	0	0	0	0	0	0	0	0	0	0
Teta2	0.0016311303	0	0	0	0	0	0	0	0	0	0	0	0	0	0	0
Teta3	-0.00064828364	0	0	0	0	0	0	0	0	0	0	0	0	0	0	0
Teta4	-0.0010412018	0	0	0	0	0	0	0	0	0	0	0	0	0	0	0
Sigma	0.99581357	0	0	0	0	0	0	0	0	0	0	0	0	0	0	0
WavEnLL_s-1	17760.267	0	0	0	0	0	0	0	0	0	0	0	0	0	0	0
WavEnLH_s-1	1490.1937	0	0	0	0	0	0	0	0	0	0	0	0	0	0	0
WavEnHL_s-1	1272.7862	0	0	0	0	0	0	0	0	0	0	0	0	0	0	0
WavEnHH_s-1	1256.9035	0	0	0	0	0	0	0	0	0	0	0	0	0	0	0
WavEnLL_s-2	16665.287	0	0	0	0	0	0	0	0	0	0	0	0	0	0	0
WavEnLH_s-2	396.51777	0	0	0	0	0	0	0	0	0	0	0	0	0	0	0
WavEnHL_s-2	345.96653	0	0	0	0	0	0	0	0	0	0	0	0	0	0	0
WavEnHH_s-2	352.49637	0	0	0	0	0	0	0	0	0	0	0	0	0	0	0
WavEnLL_s-3	16370.881	0	0	0	0	0	0	0	0	0	0	0	0	0	0	0
WavEnLH_s-3	111.07132	0	0	0	0	0	0	0	0	0	0	0	0	0	0	0
WavEnHL_s-3	93.361512	0	0	0	0	0	0	0	0	0	0	0	0	0	0	0
WavEnHH_s-3	89.972348	0	0	0	0	0	0	0	0	0	0	0	0	0	0	0
WavEnLL_s-4	16295.045	0	0	0	0	0	0	0	0	0	0	0	0	0	0	0
WavEnLH_s-4	25.786866	0	0	0	0	0	0	0	0	0	0	0	0	0	0	0
WavEnHL_s-4	23.921681	0	0	0	0	0	0	0	0	0	0	0	0	0	0	0
WavEnHH_s-4	26.128151	0	0	0	0	0	0	0	0	0	0	0	0	0	0	0
