Image File: sand1-a-p039.png 
ROI File: allred.roi 
Image size: 256 x 256
Min. lum.: 1
Max. lum.: 256
Bits/pixel: 8

Normalisation =  No
Histogram analysis = Yes
CO matrix analysis = Yes, Dimensions = 6 x 6, Distances = 1 2 3 4 5
RL matrix analysis = Yes, Dimension = 6
Gradient analysis = Yes, Max pixel value = 16
AR model analysis = Yes
Wavelet analysis = Yes

--------------- CLASS NAMES ----------------

----------------- FEATURES -----------------
_Area	65536	0	0	0	0	0	0	0	0	0	0	0	0	0	0	0
Mean	127.9288	0	0	0	0	0	0	0	0	0	0	0	0	0	0	0
Variance	5539.4718	0	0	0	0	0	0	0	0	0	0	0	0	0	0	0
Skewness	0.016518987	0	0	0	0	0	0	0	0	0	0	0	0	0	0	0
Kurtosis	-1.2069537	0	0	0	0	0	0	0	0	0	0	0	0	0	0	0
Perc.01%	3	0	0	0	0	0	0	0	0	0	0	0	0	0	0	0
Perc.10%	26	0	0	0	0	0	0	0	0	0	0	0	0	0	0	0
Perc.50%	127	0	0	0	0	0	0	0	0	0	0	0	0	0	0	0
Perc.90%	232	0	0	0	0	0	0	0	0	0	0	0	0	0	0	0
Perc.99%	254	0	0	0	0	0	0	0	0	0	0	0	0	0	0	0
_Area_S(1,0)	130560	0	0	0	0	0	0	0	0	0	0	0	0	0	0	0
S(1,0)AngScMom	0.00026443851	0	0	0	0	0	0	0	0	0	0	0	0	0	0	0
S(1,0)Contrast	642.93687	0	0	0	0	0	0	0	0	0	0	0	0	0	0	0
S(1,0)Correlat	0.069658447	0	0	0	0	0	0	0	0	0	0	0	0	0	0	0
S(1,0)SumOfSqs	345.53808	0	0	0	0	0	0	0	0	0	0	0	0	0	0	0
S(1,0)InvDfMom	0.051708103	0	0	0	0	0	0	0	0	0	0	0	0	0	0	0
S(1,0)SumAverg	64.711749	0	0	0	0	0	0	0	0	0	0	0	0	0	0	0
S(1,0)SumVarnc	739.21546	0	0	0	0	0	0	0	0	0	0	0	0	0	0	0
S(1,0)SumEntrp	2.0374777	0	0	0	0	0	0	0	0	0	0	0	0	0	0	0
S(1,0)Entropy	3.5952676	0	0	0	0	0	0	0	0	0	0	0	0	0	0	0
S(1,0)DifVarnc	217.28018	0	0	0	0	0	0	0	0	0	0	0	0	0	0	0
S(1,0)DifEntrp	1.7152684	0	0	0	0	0	0	0	0	0	0	0	0	0	0	0
_Area_S(0,1)	130560	0	0	0	0	0	0	0	0	0	0	0	0	0	0	0
S(0,1)AngScMom	0.00025510208	0	0	0	0	0	0	0	0	0	0	0	0	0	0	0
S(0,1)Contrast	693.07171	0	0	0	0	0	0	0	0	0	0	0	0	0	0	0
S(0,1)Correlat	-0.0034573875	0	0	0	0	0	0	0	0	0	0	0	0	0	0	0
S(0,1)SumOfSqs	345.34187	0	0	0	0	0	0	0	0	0	0	0	0	0	0	0
S(0,1)InvDfMom	0.046803819	0	0	0	0	0	0	0	0	0	0	0	0	0	0	0
S(0,1)SumAverg	64.710524	0	0	0	0	0	0	0	0	0	0	0	0	0	0	0
S(0,1)SumVarnc	688.29578	0	0	0	0	0	0	0	0	0	0	0	0	0	0	0
S(0,1)SumEntrp	2.0243171	0	0	0	0	0	0	0	0	0	0	0	0	0	0	0
S(0,1)Entropy	3.602644	0	0	0	0	0	0	0	0	0	0	0	0	0	0	0
S(0,1)DifVarnc	231.83226	0	0	0	0	0	0	0	0	0	0	0	0	0	0	0
S(0,1)DifEntrp	1.7294999	0	0	0	0	0	0	0	0	0	0	0	0	0	0	0
_Area_S(1,1)	130050	0	0	0	0	0	0	0	0	0	0	0	0	0	0	0
S(1,1)AngScMom	0.0002554618	0	0	0	0	0	0	0	0	0	0	0	0	0	0	0
S(1,1)Contrast	692.7103	0	0	0	0	0	0	0	0	0	0	0	0	0	0	0
S(1,1)Correlat	-0.0029457899	0	0	0	0	0	0	0	0	0	0	0	0	0	0	0
S(1,1)SumOfSqs	345.33786	0	0	0	0	0	0	0	0	0	0	0	0	0	0	0
S(1,1)InvDfMom	0.046596356	0	0	0	0	0	0	0	0	0	0	0	0	0	0	0
S(1,1)SumAverg	64.704114	0	0	0	0	0	0	0	0	0	0	0	0	0	0	0
S(1,1)SumVarnc	688.64112	0	0	0	0	0	0	0	0	0	0	0	0	0	0	0
S(1,1)SumEntrp	2.0244578	0	0	0	0	0	0	0	0	0	0	0	0	0	0	0
S(1,1)Entropy	3.6022263	0	0	0	0	0	0	0	0	0	0	0	0	0	0	0
S(1,1)DifVarnc	231.37935	0	0	0	0	0	0	0	0	0	0	0	0	0	0	0
S(1,1)DifEntrp	1.7292389	0	0	0	0	0	0	0	0	0	0	0	0	0	0	0
_Area_S(1,-1)	130050	0	0	0	0	0	0	0	0	0	0	0	0	0	0	0
S(1,-1)AngScMom	0.00025542242	0	0	0	0	0	0	0	0	0	0	0	0	0	0	0
S(1,-1)Contrast	690.83509	0	0	0	0	0	0	0	0	0	0	0	0	0	0	0
S(1,-1)Correlat	-0.00022884993	0	0	0	0	0	0	0	0	0	0	0	0	0	0	0
S(1,-1)SumOfSqs	345.33852	0	0	0	0	0	0	0	0	0	0	0	0	0	0	0
S(1,-1)InvDfMom	0.046308907	0	0	0	0	0	0	0	0	0	0	0	0	0	0	0
S(1,-1)SumAverg	64.704529	0	0	0	0	0	0	0	0	0	0	0	0	0	0	0
S(1,-1)SumVarnc	690.51897	0	0	0	0	0	0	0	0	0	0	0	0	0	0	0
S(1,-1)SumEntrp	2.0249303	0	0	0	0	0	0	0	0	0	0	0	0	0	0	0
S(1,-1)Entropy	3.6022939	0	0	0	0	0	0	0	0	0	0	0	0	0	0	0
S(1,-1)DifVarnc	229.91563	0	0	0	0	0	0	0	0	0	0	0	0	0	0	0
S(1,-1)DifEntrp	1.7286702	0	0	0	0	0	0	0	0	0	0	0	0	0	0	0
_Area_S(2,0)	130048	0	0	0	0	0	0	0	0	0	0	0	0	0	0	0
S(2,0)AngScMom	0.00025652509	0	0	0	0	0	0	0	0	0	0	0	0	0	0	0
S(2,0)Contrast	678.43838	0	0	0	0	0	0	0	0	0	0	0	0	0	0	0
S(2,0)Correlat	0.018254756	0	0	0	0	0	0	0	0	0	0	0	0	0	0	0
S(2,0)SumOfSqs	345.52669	0	0	0	0	0	0	0	0	0	0	0	0	0	0	0
S(2,0)InvDfMom	0.048240267	0	0	0	0	0	0	0	0	0	0	0	0	0	0	0
S(2,0)SumAverg	64.704002	0	0	0	0	0	0	0	0	0	0	0	0	0	0	0
S(2,0)SumVarnc	703.6684	0	0	0	0	0	0	0	0	0	0	0	0	0	0	0
S(2,0)SumEntrp	2.0288735	0	0	0	0	0	0	0	0	0	0	0	0	0	0	0
S(2,0)Entropy	3.6014028	0	0	0	0	0	0	0	0	0	0	0	0	0	0	0
S(2,0)DifVarnc	227.98567	0	0	0	0	0	0	0	0	0	0	0	0	0	0	0
S(2,0)DifEntrp	1.7256995	0	0	0	0	0	0	0	0	0	0	0	0	0	0	0
_Area_S(0,2)	130048	0	0	0	0	0	0	0	0	0	0	0	0	0	0	0
S(0,2)AngScMom	0.0002551247	0	0	0	0	0	0	0	0	0	0	0	0	0	0	0
S(0,2)Contrast	688.86345	0	0	0	0	0	0	0	0	0	0	0	0	0	0	0
S(0,2)Correlat	0.0023009049	0	0	0	0	0	0	0	0	0	0	0	0	0	0	0
S(0,2)SumOfSqs	345.22606	0	0	0	0	0	0	0	0	0	0	0	0	0	0	0
S(0,2)InvDfMom	0.047415604	0	0	0	0	0	0	0	0	0	0	0	0	0	0	0
S(0,2)SumAverg	64.685701	0	0	0	0	0	0	0	0	0	0	0	0	0	0	0
S(0,2)SumVarnc	692.04078	0	0	0	0	0	0	0	0	0	0	0	0	0	0	0
S(0,2)SumEntrp	2.0252462	0	0	0	0	0	0	0	0	0	0	0	0	0	0	0
S(0,2)Entropy	3.6026468	0	0	0	0	0	0	0	0	0	0	0	0	0	0	0
S(0,2)DifVarnc	229.48099	0	0	0	0	0	0	0	0	0	0	0	0	0	0	0
S(0,2)DifEntrp	1.7285993	0	0	0	0	0	0	0	0	0	0	0	0	0	0	0
_Area_S(2,2)	129032	0	0	0	0	0	0	0	0	0	0	0	0	0	0	0
S(2,2)AngScMom	0.00025565321	0	0	0	0	0	0	0	0	0	0	0	0	0	0	0
S(2,2)Contrast	695.27742	0	0	0	0	0	0	0	0	0	0	0	0	0	0	0
S(2,2)Correlat	-0.0070328607	0	0	0	0	0	0	0	0	0	0	0	0	0	0	0
S(2,2)SumOfSqs	345.21089	0	0	0	0	0	0	0	0	0	0	0	0	0	0	0
S(2,2)InvDfMom	0.047180471	0	0	0	0	0	0	0	0	0	0	0	0	0	0	0
S(2,2)SumAverg	64.671337	0	0	0	0	0	0	0	0	0	0	0	0	0	0	0
S(2,2)SumVarnc	685.56614	0	0	0	0	0	0	0	0	0	0	0	0	0	0	0
S(2,2)SumEntrp	2.0236947	0	0	0	0	0	0	0	0	0	0	0	0	0	0	0
S(2,2)Entropy	3.6021105	0	0	0	0	0	0	0	0	0	0	0	0	0	0	0
S(2,2)DifVarnc	231.85897	0	0	0	0	0	0	0	0	0	0	0	0	0	0	0
S(2,2)DifEntrp	1.7304704	0	0	0	0	0	0	0	0	0	0	0	0	0	0	0
_Area_S(2,-2)	129032	0	0	0	0	0	0	0	0	0	0	0	0	0	0	0
S(2,-2)AngScMom	0.00025519529	0	0	0	0	0	0	0	0	0	0	0	0	0	0	0
S(2,-2)Contrast	690.85548	0	0	0	0	0	0	0	0	0	0	0	0	0	0	0
S(2,-2)Correlat	-0.00064489601	0	0	0	0	0	0	0	0	0	0	0	0	0	0	0
S(2,-2)SumOfSqs	345.20512	0	0	0	0	0	0	0	0	0	0	0	0	0	0	0
S(2,-2)InvDfMom	0.046979944	0	0	0	0	0	0	0	0	0	0	0	0	0	0	0
S(2,-2)SumAverg	64.671771	0	0	0	0	0	0	0	0	0	0	0	0	0	0	0
S(2,-2)SumVarnc	689.96499	0	0	0	0	0	0	0	0	0	0	0	0	0	0	0
S(2,-2)SumEntrp	2.0247679	0	0	0	0	0	0	0	0	0	0	0	0	0	0	0
S(2,-2)Entropy	3.6025251	0	0	0	0	0	0	0	0	0	0	0	0	0	0	0
S(2,-2)DifVarnc	231.53476	0	0	0	0	0	0	0	0	0	0	0	0	0	0	0
S(2,-2)DifEntrp	1.7287767	0	0	0	0	0	0	0	0	0	0	0	0	0	0	0
_Area_S(3,0)	129536	0	0	0	0	0	0	0	0	0	0	0	0	0	0	0
S(3,0)AngScMom	0.00025510515	0	0	0	0	0	0	0	0	0	0	0	0	0	0	0
S(3,0)Contrast	686.89445	0	0	0	0	0	0	0	0	0	0	0	0	0	0	0
S(3,0)Correlat	0.0059133771	0	0	0	0	0	0	0	0	0	0	0	0	0	0	0
S(3,0)SumOfSqs	345.49024	0	0	0	0	0	0	0	0	0	0	0	0	0	0	0
S(3,0)InvDfMom	0.047435665	0	0	0	0	0	0	0	0	0	0	0	0	0	0	0
S(3,0)SumAverg	64.707633	0	0	0	0	0	0	0	0	0	0	0	0	0	0	0
S(3,0)SumVarnc	695.06651	0	0	0	0	0	0	0	0	0	0	0	0	0	0	0
S(3,0)SumEntrp	2.0266152	0	0	0	0	0	0	0	0	0	0	0	0	0	0	0
S(3,0)Entropy	3.6026039	0	0	0	0	0	0	0	0	0	0	0	0	0	0	0
S(3,0)DifVarnc	229.0119	0	0	0	0	0	0	0	0	0	0	0	0	0	0	0
S(3,0)DifEntrp	1.7276984	0	0	0	0	0	0	0	0	0	0	0	0	0	0	0
_Area_S(0,3)	129536	0	0	0	0	0	0	0	0	0	0	0	0	0	0	0
S(0,3)AngScMom	0.00025543698	0	0	0	0	0	0	0	0	0	0	0	0	0	0	0
S(0,3)Contrast	687.58527	0	0	0	0	0	0	0	0	0	0	0	0	0	0	0
S(0,3)Correlat	0.0043897368	0	0	0	0	0	0	0	0	0	0	0	0	0	0	0
S(0,3)SumOfSqs	345.30845	0	0	0	0	0	0	0	0	0	0	0	0	0	0	0
S(0,3)InvDfMom	0.046442843	0	0	0	0	0	0	0	0	0	0	0	0	0	0	0
S(0,3)SumAverg	64.675472	0	0	0	0	0	0	0	0	0	0	0	0	0	0	0
S(0,3)SumVarnc	693.64853	0	0	0	0	0	0	0	0	0	0	0	0	0	0	0
S(0,3)SumEntrp	2.0256452	0	0	0	0	0	0	0	0	0	0	0	0	0	0	0
S(0,3)Entropy	3.6022945	0	0	0	0	0	0	0	0	0	0	0	0	0	0	0
S(0,3)DifVarnc	228.87573	0	0	0	0	0	0	0	0	0	0	0	0	0	0	0
S(0,3)DifEntrp	1.7278886	0	0	0	0	0	0	0	0	0	0	0	0	0	0	0
_Area_S(3,3)	128018	0	0	0	0	0	0	0	0	0	0	0	0	0	0	0
S(3,3)AngScMom	0.00025564977	0	0	0	0	0	0	0	0	0	0	0	0	0	0	0
S(3,3)Contrast	686.03203	0	0	0	0	0	0	0	0	0	0	0	0	0	0	0
S(3,3)Correlat	0.0064820898	0	0	0	0	0	0	0	0	0	0	0	0	0	0	0
S(3,3)SumOfSqs	345.25398	0	0	0	0	0	0	0	0	0	0	0	0	0	0	0
S(3,3)InvDfMom	0.047315378	0	0	0	0	0	0	0	0	0	0	0	0	0	0	0
S(3,3)SumAverg	64.664688	0	0	0	0	0	0	0	0	0	0	0	0	0	0	0
S(3,3)SumVarnc	694.9839	0	0	0	0	0	0	0	0	0	0	0	0	0	0	0
S(3,3)SumEntrp	2.026069	0	0	0	0	0	0	0	0	0	0	0	0	0	0	0
S(3,3)Entropy	3.6021029	0	0	0	0	0	0	0	0	0	0	0	0	0	0	0
S(3,3)DifVarnc	230.59646	0	0	0	0	0	0	0	0	0	0	0	0	0	0	0
S(3,3)DifEntrp	1.7276873	0	0	0	0	0	0	0	0	0	0	0	0	0	0	0
_Area_S(3,-3)	128018	0	0	0	0	0	0	0	0	0	0	0	0	0	0	0
S(3,-3)AngScMom	0.00025548637	0	0	0	0	0	0	0	0	0	0	0	0	0	0	0
S(3,-3)Contrast	684.01423	0	0	0	0	0	0	0	0	0	0	0	0	0	0	0
S(3,-3)Correlat	0.0093933953	0	0	0	0	0	0	0	0	0	0	0	0	0	0	0
S(3,-3)SumOfSqs	345.25019	0	0	0	0	0	0	0	0	0	0	0	0	0	0	0
S(3,-3)InvDfMom	0.048270923	0	0	0	0	0	0	0	0	0	0	0	0	0	0	0
S(3,-3)SumAverg	64.665735	0	0	0	0	0	0	0	0	0	0	0	0	0	0	0
S(3,-3)SumVarnc	696.98652	0	0	0	0	0	0	0	0	0	0	0	0	0	0	0
S(3,-3)SumEntrp	2.0267149	0	0	0	0	0	0	0	0	0	0	0	0	0	0	0
S(3,-3)Entropy	3.6022292	0	0	0	0	0	0	0	0	0	0	0	0	0	0	0
S(3,-3)DifVarnc	230.03714	0	0	0	0	0	0	0	0	0	0	0	0	0	0	0
S(3,-3)DifEntrp	1.7272523	0	0	0	0	0	0	0	0	0	0	0	0	0	0	0
_Area_S(4,0)	129024	0	0	0	0	0	0	0	0	0	0	0	0	0	0	0
S(4,0)AngScMom	0.0002560469	0	0	0	0	0	0	0	0	0	0	0	0	0	0	0
S(4,0)Contrast	690.62063	0	0	0	0	0	0	0	0	0	0	0	0	0	0	0
S(4,0)Correlat	0.0003139267	0	0	0	0	0	0	0	0	0	0	0	0	0	0	0
S(4,0)SumOfSqs	345.41875	0	0	0	0	0	0	0	0	0	0	0	0	0	0	0
S(4,0)InvDfMom	0.046418048	0	0	0	0	0	0	0	0	0	0	0	0	0	0	0
S(4,0)SumAverg	64.704892	0	0	0	0	0	0	0	0	0	0	0	0	0	0	0
S(4,0)SumVarnc	691.05437	0	0	0	0	0	0	0	0	0	0	0	0	0	0	0
S(4,0)SumEntrp	2.0252181	0	0	0	0	0	0	0	0	0	0	0	0	0	0	0
S(4,0)Entropy	3.601832	0	0	0	0	0	0	0	0	0	0	0	0	0	0	0
S(4,0)DifVarnc	229.80924	0	0	0	0	0	0	0	0	0	0	0	0	0	0	0
S(4,0)DifEntrp	1.72876	0	0	0	0	0	0	0	0	0	0	0	0	0	0	0
_Area_S(0,4)	129024	0	0	0	0	0	0	0	0	0	0	0	0	0	0	0
S(0,4)AngScMom	0.00025529806	0	0	0	0	0	0	0	0	0	0	0	0	0	0	0
S(0,4)Contrast	685.88929	0	0	0	0	0	0	0	0	0	0	0	0	0	0	0
S(0,4)Correlat	0.0069323403	0	0	0	0	0	0	0	0	0	0	0	0	0	0	0
S(0,4)SumOfSqs	345.33865	0	0	0	0	0	0	0	0	0	0	0	0	0	0	0
S(0,4)InvDfMom	0.048578006	0	0	0	0	0	0	0	0	0	0	0	0	0	0	0
S(0,4)SumAverg	64.680928	0	0	0	0	0	0	0	0	0	0	0	0	0	0	0
S(0,4)SumVarnc	695.46531	0	0	0	0	0	0	0	0	0	0	0	0	0	0	0
S(0,4)SumEntrp	2.0264569	0	0	0	0	0	0	0	0	0	0	0	0	0	0	0
S(0,4)Entropy	3.6023835	0	0	0	0	0	0	0	0	0	0	0	0	0	0	0
S(0,4)DifVarnc	229.37763	0	0	0	0	0	0	0	0	0	0	0	0	0	0	0
S(0,4)DifEntrp	1.7278724	0	0	0	0	0	0	0	0	0	0	0	0	0	0	0
_Area_S(4,4)	127008	0	0	0	0	0	0	0	0	0	0	0	0	0	0	0
S(4,4)AngScMom	0.00025548	0	0	0	0	0	0	0	0	0	0	0	0	0	0	0
S(4,4)Contrast	689.76831	0	0	0	0	0	0	0	0	0	0	0	0	0	0	0
S(4,4)Correlat	0.00098431868	0	0	0	0	0	0	0	0	0	0	0	0	0	0	0
S(4,4)SumOfSqs	345.22397	0	0	0	0	0	0	0	0	0	0	0	0	0	0	0
S(4,4)InvDfMom	0.047159481	0	0	0	0	0	0	0	0	0	0	0	0	0	0	0
S(4,4)SumAverg	64.667596	0	0	0	0	0	0	0	0	0	0	0	0	0	0	0
S(4,4)SumVarnc	691.12756	0	0	0	0	0	0	0	0	0	0	0	0	0	0	0
S(4,4)SumEntrp	2.0251451	0	0	0	0	0	0	0	0	0	0	0	0	0	0	0
S(4,4)Entropy	3.6022667	0	0	0	0	0	0	0	0	0	0	0	0	0	0	0
S(4,4)DifVarnc	229.7616	0	0	0	0	0	0	0	0	0	0	0	0	0	0	0
S(4,4)DifEntrp	1.7287083	0	0	0	0	0	0	0	0	0	0	0	0	0	0	0
_Area_S(4,-4)	127008	0	0	0	0	0	0	0	0	0	0	0	0	0	0	0
S(4,-4)AngScMom	0.00025545061	0	0	0	0	0	0	0	0	0	0	0	0	0	0	0
S(4,-4)Contrast	690.21392	0	0	0	0	0	0	0	0	0	0	0	0	0	0	0
S(4,-4)Correlat	0.00029291444	0	0	0	0	0	0	0	0	0	0	0	0	0	0	0
S(4,-4)SumOfSqs	345.20808	0	0	0	0	0	0	0	0	0	0	0	0	0	0	0
S(4,-4)InvDfMom	0.046237604	0	0	0	0	0	0	0	0	0	0	0	0	0	0	0
S(4,-4)SumAverg	64.668163	0	0	0	0	0	0	0	0	0	0	0	0	0	0	0
S(4,-4)SumVarnc	690.61839	0	0	0	0	0	0	0	0	0	0	0	0	0	0	0
S(4,-4)SumEntrp	2.0250478	0	0	0	0	0	0	0	0	0	0	0	0	0	0	0
S(4,-4)Entropy	3.6022742	0	0	0	0	0	0	0	0	0	0	0	0	0	0	0
S(4,-4)DifVarnc	229.3449	0	0	0	0	0	0	0	0	0	0	0	0	0	0	0
S(4,-4)DifEntrp	1.7287806	0	0	0	0	0	0	0	0	0	0	0	0	0	0	0
_Area_S(5,0)	128512	0	0	0	0	0	0	0	0	0	0	0	0	0	0	0
S(5,0)AngScMom	0.00025576146	0	0	0	0	0	0	0	0	0	0	0	0	0	0	0
S(5,0)Contrast	691.5862	0	0	0	0	0	0	0	0	0	0	0	0	0	0	0
S(5,0)Correlat	-0.0011289065	0	0	0	0	0	0	0	0	0	0	0	0	0	0	0
S(5,0)SumOfSqs	345.40317	0	0	0	0	0	0	0	0	0	0	0	0	0	0	0
S(5,0)InvDfMom	0.046722761	0	0	0	0	0	0	0	0	0	0	0	0	0	0	0
S(5,0)SumAverg	64.706191	0	0	0	0	0	0	0	0	0	0	0	0	0	0	0
S(5,0)SumVarnc	690.02649	0	0	0	0	0	0	0	0	0	0	0	0	0	0	0
S(5,0)SumEntrp	2.0251211	0	0	0	0	0	0	0	0	0	0	0	0	0	0	0
S(5,0)Entropy	3.6019988	0	0	0	0	0	0	0	0	0	0	0	0	0	0	0
S(5,0)DifVarnc	229.58444	0	0	0	0	0	0	0	0	0	0	0	0	0	0	0
S(5,0)DifEntrp	1.7289691	0	0	0	0	0	0	0	0	0	0	0	0	0	0	0
_Area_S(0,5)	128512	0	0	0	0	0	0	0	0	0	0	0	0	0	0	0
S(0,5)AngScMom	0.00025508125	0	0	0	0	0	0	0	0	0	0	0	0	0	0	0
S(0,5)Contrast	688.92368	0	0	0	0	0	0	0	0	0	0	0	0	0	0	0
S(0,5)Correlat	0.0024699782	0	0	0	0	0	0	0	0	0	0	0	0	0	0	0
S(0,5)SumOfSqs	345.31476	0	0	0	0	0	0	0	0	0	0	0	0	0	0	0
S(0,5)InvDfMom	0.047306871	0	0	0	0	0	0	0	0	0	0	0	0	0	0	0
S(0,5)SumAverg	64.681773	0	0	0	0	0	0	0	0	0	0	0	0	0	0	0
S(0,5)SumVarnc	692.33536	0	0	0	0	0	0	0	0	0	0	0	0	0	0	0
S(0,5)SumEntrp	2.0253085	0	0	0	0	0	0	0	0	0	0	0	0	0	0	0
S(0,5)Entropy	3.6025953	0	0	0	0	0	0	0	0	0	0	0	0	0	0	0
S(0,5)DifVarnc	230.62951	0	0	0	0	0	0	0	0	0	0	0	0	0	0	0
S(0,5)DifEntrp	1.7285544	0	0	0	0	0	0	0	0	0	0	0	0	0	0	0
_Area_S(5,5)	126002	0	0	0	0	0	0	0	0	0	0	0	0	0	0	0
S(5,5)AngScMom	0.00025548887	0	0	0	0	0	0	0	0	0	0	0	0	0	0	0
S(5,5)Contrast	689.59191	0	0	0	0	0	0	0	0	0	0	0	0	0	0	0
S(5,5)Correlat	0.0011629913	0	0	0	0	0	0	0	0	0	0	0	0	0	0	0
S(5,5)SumOfSqs	345.19742	0	0	0	0	0	0	0	0	0	0	0	0	0	0	0
S(5,5)InvDfMom	0.047676655	0	0	0	0	0	0	0	0	0	0	0	0	0	0	0
S(5,5)SumAverg	64.671005	0	0	0	0	0	0	0	0	0	0	0	0	0	0	0
S(5,5)SumVarnc	691.19776	0	0	0	0	0	0	0	0	0	0	0	0	0	0	0
S(5,5)SumEntrp	2.0250089	0	0	0	0	0	0	0	0	0	0	0	0	0	0	0
S(5,5)Entropy	3.602209	0	0	0	0	0	0	0	0	0	0	0	0	0	0	0
S(5,5)DifVarnc	230.83631	0	0	0	0	0	0	0	0	0	0	0	0	0	0	0
S(5,5)DifEntrp	1.7288909	0	0	0	0	0	0	0	0	0	0	0	0	0	0	0
_Area_S(5,-5)	126002	0	0	0	0	0	0	0	0	0	0	0	0	0	0	0
S(5,-5)AngScMom	0.00025552817	0	0	0	0	0	0	0	0	0	0	0	0	0	0	0
S(5,-5)Contrast	691.72159	0	0	0	0	0	0	0	0	0	0	0	0	0	0	0
S(5,-5)Correlat	-0.001980274	0	0	0	0	0	0	0	0	0	0	0	0	0	0	0
S(5,-5)SumOfSqs	345.17725	0	0	0	0	0	0	0	0	0	0	0	0	0	0	0
S(5,-5)InvDfMom	0.047285588	0	0	0	0	0	0	0	0	0	0	0	0	0	0	0
S(5,-5)SumAverg	64.669894	0	0	0	0	0	0	0	0	0	0	0	0	0	0	0
S(5,-5)SumVarnc	688.98741	0	0	0	0	0	0	0	0	0	0	0	0	0	0	0
S(5,-5)SumEntrp	2.0242997	0	0	0	0	0	0	0	0	0	0	0	0	0	0	0
S(5,-5)Entropy	3.6021891	0	0	0	0	0	0	0	0	0	0	0	0	0	0	0
S(5,-5)DifVarnc	230.91435	0	0	0	0	0	0	0	0	0	0	0	0	0	0	0
S(5,-5)DifEntrp	1.7295172	0	0	0	0	0	0	0	0	0	0	0	0	0	0	0
Horzl_RLNonUni	62036.834	0	0	0	0	0	0	0	0	0	0	0	0	0	0	0
Horzl_GLevNonU	1012.398	0	0	0	0	0	0	0	0	0	0	0	0	0	0	0
Horzl_LngREmph	1.0576732	0	0	0	0	0	0	0	0	0	0	0	0	0	0	0
Horzl_ShrtREmp	0.98631633	0	0	0	0	0	0	0	0	0	0	0	0	0	0	0
Horzl_Fraction	0.98156738	0	0	0	0	0	0	0	0	0	0	0	0	0	0	0
Vertl_RLNonUni	62542.454	0	0	0	0	0	0	0	0	0	0	0	0	0	0	0
Vertl_GLevNonU	1015.5147	0	0	0	0	0	0	0	0	0	0	0	0	0	0	0
Vertl_LngREmph	1.0482066	0	0	0	0	0	0	0	0	0	0	0	0	0	0	0
Vertl_ShrtREmp	0.98831918	0	0	0	0	0	0	0	0	0	0	0	0	0	0	0
Vertl_Fraction	0.98440552	0	0	0	0	0	0	0	0	0	0	0	0	0	0	0
45dgr_RLNonUni	62672.051	0	0	0	0	0	0	0	0	0	0	0	0	0	0	0
45dgr_GLevNonU	1016.4091	0	0	0	0	0	0	0	0	0	0	0	0	0	0	0
45dgr_LngREmph	1.0457235	0	0	0	0	0	0	0	0	0	0	0	0	0	0	0
45dgr_ShrtREmp	0.98882728	0	0	0	0	0	0	0	0	0	0	0	0	0	0	0
45dgr_Fraction	0.98513794	0	0	0	0	0	0	0	0	0	0	0	0	0	0	0
135dr_RLNonUni	62686.612	0	0	0	0	0	0	0	0	0	0	0	0	0	0	0
135dr_GLevNonU	1016.197	0	0	0	0	0	0	0	0	0	0	0	0	0	0	0
135dr_LngREmph	1.0456749	0	0	0	0	0	0	0	0	0	0	0	0	0	0	0
135dr_ShrtREmp	0.98889104	0	0	0	0	0	0	0	0	0	0	0	0	0	0	0
135dr_Fraction	0.98518372	0	0	0	0	0	0	0	0	0	0	0	0	0	0	0
_AreaGr	64516	0	0	0	0	0	0	0	0	0	0	0	0	0	0	0
GrMean	8.3156022	0	0	0	0	0	0	0	0	0	0	0	0	0	0	0
GrVariance	15.748211	0	0	0	0	0	0	0	0	0	0	0	0	0	0	0
GrSkewness	0.17947685	0	0	0	0	0	0	0	0	0	0	0	0	0	0	0
GrKurtosis	-0.663908	0	0	0	0	0	0	0	0	0	0	0	0	0	0	0
GrNonZeros	0.99621799	0	0	0	0	0	0	0	0	0	0	0	0	0	0	0
_AreaARM	64770	0	0	0	0	0	0	0	0	0	0	0	0	0	0	0
Teta1	0.068734079	0	0	0	0	0	0	0	0	0	0	0	0	0	0	0
Teta2	0.00076984844	0	0	0	0	0	0	0	0	0	0	0	0	0	0	0
Teta3	-0.0027637339	0	0	0	0	0	0	0	0	0	0	0	0	0	0	0
Teta4	-0.0030835873	0	0	0	0	0	0	0	0	0	0	0	0	0	0	0
Sigma	0.99698291	0	0	0	0	0	0	0	0	0	0	0	0	0	0	0
WavEnLL_s-1	17597.055	0	0	0	0	0	0	0	0	0	0	0	0	0	0	0
WavEnLH_s-1	1494.0476	0	0	0	0	0	0	0	0	0	0	0	0	0	0	0
WavEnHL_s-1	1267.1475	0	0	0	0	0	0	0	0	0	0	0	0	0	0	0
WavEnHH_s-1	1292.1429	0	0	0	0	0	0	0	0	0	0	0	0	0	0	0
WavEnLL_s-2	16503.562	0	0	0	0	0	0	0	0	0	0	0	0	0	0	0
WavEnLH_s-2	383.68924	0	0	0	0	0	0	0	0	0	0	0	0	0	0	0
WavEnHL_s-2	357.92775	0	0	0	0	0	0	0	0	0	0	0	0	0	0	0
WavEnHH_s-2	351.87579	0	0	0	0	0	0	0	0	0	0	0	0	0	0	0
WavEnLL_s-3	16217.932	0	0	0	0	0	0	0	0	0	0	0	0	0	0	0
WavEnLH_s-3	92.800173	0	0	0	0	0	0	0	0	0	0	0	0	0	0	0
WavEnHL_s-3	93.865211	0	0	0	0	0	0	0	0	0	0	0	0	0	0	0
WavEnHH_s-3	98.965135	0	0	0	0	0	0	0	0	0	0	0	0	0	0	0
WavEnLL_s-4	16139.351	0	0	0	0	0	0	0	0	0	0	0	0	0	0	0
WavEnLH_s-4	23.451953	0	0	0	0	0	0	0	0	0	0	0	0	0	0	0
WavEnHL_s-4	24.116139	0	0	0	0	0	0	0	0	0	0	0	0	0	0	0
WavEnHH_s-4	31.011937	0	0	0	0	0	0	0	0	0	0	0	0	0	0	0
