Image File: sand1-a-p009.png 
ROI File: allred.roi 
Image size: 256 x 256
Min. lum.: 1
Max. lum.: 256
Bits/pixel: 8

Normalisation =  No
Histogram analysis = Yes
CO matrix analysis = Yes, Dimensions = 6 x 6, Distances = 1 2 3 4 5
RL matrix analysis = Yes, Dimension = 6
Gradient analysis = Yes, Max pixel value = 16
AR model analysis = Yes
Wavelet analysis = Yes

--------------- CLASS NAMES ----------------

----------------- FEATURES -----------------
_Area	65536	0	0	0	0	0	0	0	0	0	0	0	0	0	0	0
Mean	130.12445	0	0	0	0	0	0	0	0	0	0	0	0	0	0	0
Variance	5525.0943	0	0	0	0	0	0	0	0	0	0	0	0	0	0	0
Skewness	-0.0023608106	0	0	0	0	0	0	0	0	0	0	0	0	0	0	0
Kurtosis	-1.2003945	0	0	0	0	0	0	0	0	0	0	0	0	0	0	0
Perc.01%	3	0	0	0	0	0	0	0	0	0	0	0	0	0	0	0
Perc.10%	28	0	0	0	0	0	0	0	0	0	0	0	0	0	0	0
Perc.50%	130	0	0	0	0	0	0	0	0	0	0	0	0	0	0	0
Perc.90%	234	0	0	0	0	0	0	0	0	0	0	0	0	0	0	0
Perc.99%	254	0	0	0	0	0	0	0	0	0	0	0	0	0	0	0
_Area_S(1,0)	130560	0	0	0	0	0	0	0	0	0	0	0	0	0	0	0
S(1,0)AngScMom	0.00027215215	0	0	0	0	0	0	0	0	0	0	0	0	0	0	0
S(1,0)Contrast	639.03914	0	0	0	0	0	0	0	0	0	0	0	0	0	0	0
S(1,0)Correlat	0.072492576	0	0	0	0	0	0	0	0	0	0	0	0	0	0	0
S(1,0)SumOfSqs	344.49274	0	0	0	0	0	0	0	0	0	0	0	0	0	0	0
S(1,0)InvDfMom	0.055364057	0	0	0	0	0	0	0	0	0	0	0	0	0	0	0
S(1,0)SumAverg	65.801241	0	0	0	0	0	0	0	0	0	0	0	0	0	0	0
S(1,0)SumVarnc	738.9318	0	0	0	0	0	0	0	0	0	0	0	0	0	0	0
S(1,0)SumEntrp	2.0367604	0	0	0	0	0	0	0	0	0	0	0	0	0	0	0
S(1,0)Entropy	3.5905284	0	0	0	0	0	0	0	0	0	0	0	0	0	0	0
S(1,0)DifVarnc	219.45651	0	0	0	0	0	0	0	0	0	0	0	0	0	0	0
S(1,0)DifEntrp	1.7144849	0	0	0	0	0	0	0	0	0	0	0	0	0	0	0
_Area_S(0,1)	130560	0	0	0	0	0	0	0	0	0	0	0	0	0	0	0
S(0,1)AngScMom	0.00025737699	0	0	0	0	0	0	0	0	0	0	0	0	0	0	0
S(0,1)Contrast	685.61271	0	0	0	0	0	0	0	0	0	0	0	0	0	0	0
S(0,1)Correlat	0.0044766363	0	0	0	0	0	0	0	0	0	0	0	0	0	0	0
S(0,1)SumOfSqs	344.34788	0	0	0	0	0	0	0	0	0	0	0	0	0	0	0
S(0,1)InvDfMom	0.046725686	0	0	0	0	0	0	0	0	0	0	0	0	0	0	0
S(0,1)SumAverg	65.80913	0	0	0	0	0	0	0	0	0	0	0	0	0	0	0
S(0,1)SumVarnc	691.7788	0	0	0	0	0	0	0	0	0	0	0	0	0	0	0
S(0,1)SumEntrp	2.0254459	0	0	0	0	0	0	0	0	0	0	0	0	0	0	0
S(0,1)Entropy	3.6004546	0	0	0	0	0	0	0	0	0	0	0	0	0	0	0
S(0,1)DifVarnc	229.54816	0	0	0	0	0	0	0	0	0	0	0	0	0	0	0
S(0,1)DifEntrp	1.7274725	0	0	0	0	0	0	0	0	0	0	0	0	0	0	0
_Area_S(1,1)	130050	0	0	0	0	0	0	0	0	0	0	0	0	0	0	0
S(1,1)AngScMom	0.00025716723	0	0	0	0	0	0	0	0	0	0	0	0	0	0	0
S(1,1)Contrast	686.49195	0	0	0	0	0	0	0	0	0	0	0	0	0	0	0
S(1,1)Correlat	0.0030785529	0	0	0	0	0	0	0	0	0	0	0	0	0	0	0
S(1,1)SumOfSqs	344.30594	0	0	0	0	0	0	0	0	0	0	0	0	0	0	0
S(1,1)InvDfMom	0.046963263	0	0	0	0	0	0	0	0	0	0	0	0	0	0	0
S(1,1)SumAverg	65.808551	0	0	0	0	0	0	0	0	0	0	0	0	0	0	0
S(1,1)SumVarnc	690.73181	0	0	0	0	0	0	0	0	0	0	0	0	0	0	0
S(1,1)SumEntrp	2.02505	0	0	0	0	0	0	0	0	0	0	0	0	0	0	0
S(1,1)Entropy	3.6007208	0	0	0	0	0	0	0	0	0	0	0	0	0	0	0
S(1,1)DifVarnc	228.62278	0	0	0	0	0	0	0	0	0	0	0	0	0	0	0
S(1,1)DifEntrp	1.7281279	0	0	0	0	0	0	0	0	0	0	0	0	0	0	0
_Area_S(1,-1)	130050	0	0	0	0	0	0	0	0	0	0	0	0	0	0	0
S(1,-1)AngScMom	0.00025702332	0	0	0	0	0	0	0	0	0	0	0	0	0	0	0
S(1,-1)Contrast	692.07612	0	0	0	0	0	0	0	0	0	0	0	0	0	0	0
S(1,-1)Correlat	-0.0050412037	0	0	0	0	0	0	0	0	0	0	0	0	0	0	0
S(1,-1)SumOfSqs	344.30236	0	0	0	0	0	0	0	0	0	0	0	0	0	0	0
S(1,-1)InvDfMom	0.046906	0	0	0	0	0	0	0	0	0	0	0	0	0	0	0
S(1,-1)SumAverg	65.80872	0	0	0	0	0	0	0	0	0	0	0	0	0	0	0
S(1,-1)SumVarnc	685.13333	0	0	0	0	0	0	0	0	0	0	0	0	0	0	0
S(1,-1)SumEntrp	2.0235376	0	0	0	0	0	0	0	0	0	0	0	0	0	0	0
S(1,-1)Entropy	3.6008214	0	0	0	0	0	0	0	0	0	0	0	0	0	0	0
S(1,-1)DifVarnc	230.76434	0	0	0	0	0	0	0	0	0	0	0	0	0	0	0
S(1,-1)DifEntrp	1.7293666	0	0	0	0	0	0	0	0	0	0	0	0	0	0	0
_Area_S(2,0)	130048	0	0	0	0	0	0	0	0	0	0	0	0	0	0	0
S(2,0)AngScMom	0.00025842522	0	0	0	0	0	0	0	0	0	0	0	0	0	0	0
S(2,0)Contrast	673.83608	0	0	0	0	0	0	0	0	0	0	0	0	0	0	0
S(2,0)Correlat	0.021877682	0	0	0	0	0	0	0	0	0	0	0	0	0	0	0
S(2,0)SumOfSqs	344.45389	0	0	0	0	0	0	0	0	0	0	0	0	0	0	0
S(2,0)InvDfMom	0.049392101	0	0	0	0	0	0	0	0	0	0	0	0	0	0	0
S(2,0)SumAverg	65.798244	0	0	0	0	0	0	0	0	0	0	0	0	0	0	0
S(2,0)SumVarnc	703.97949	0	0	0	0	0	0	0	0	0	0	0	0	0	0	0
S(2,0)SumEntrp	2.0292276	0	0	0	0	0	0	0	0	0	0	0	0	0	0	0
S(2,0)Entropy	3.5999572	0	0	0	0	0	0	0	0	0	0	0	0	0	0	0
S(2,0)DifVarnc	226.36824	0	0	0	0	0	0	0	0	0	0	0	0	0	0	0
S(2,0)DifEntrp	1.7243785	0	0	0	0	0	0	0	0	0	0	0	0	0	0	0
_Area_S(0,2)	130048	0	0	0	0	0	0	0	0	0	0	0	0	0	0	0
S(0,2)AngScMom	0.00025681694	0	0	0	0	0	0	0	0	0	0	0	0	0	0	0
S(0,2)Contrast	682.74345	0	0	0	0	0	0	0	0	0	0	0	0	0	0	0
S(0,2)Correlat	0.0081486396	0	0	0	0	0	0	0	0	0	0	0	0	0	0	0
S(0,2)SumOfSqs	344.17629	0	0	0	0	0	0	0	0	0	0	0	0	0	0	0
S(0,2)InvDfMom	0.048460213	0	0	0	0	0	0	0	0	0	0	0	0	0	0	0
S(0,2)SumAverg	65.779589	0	0	0	0	0	0	0	0	0	0	0	0	0	0	0
S(0,2)SumVarnc	693.96172	0	0	0	0	0	0	0	0	0	0	0	0	0	0	0
S(0,2)SumEntrp	2.0258931	0	0	0	0	0	0	0	0	0	0	0	0	0	0	0
S(0,2)Entropy	3.6009289	0	0	0	0	0	0	0	0	0	0	0	0	0	0	0
S(0,2)DifVarnc	229.01493	0	0	0	0	0	0	0	0	0	0	0	0	0	0	0
S(0,2)DifEntrp	1.7270103	0	0	0	0	0	0	0	0	0	0	0	0	0	0	0
_Area_S(2,2)	129032	0	0	0	0	0	0	0	0	0	0	0	0	0	0	0
S(2,2)AngScMom	0.00025731731	0	0	0	0	0	0	0	0	0	0	0	0	0	0	0
S(2,2)Contrast	690.30468	0	0	0	0	0	0	0	0	0	0	0	0	0	0	0
S(2,2)Correlat	-0.0030922615	0	0	0	0	0	0	0	0	0	0	0	0	0	0	0
S(2,2)SumOfSqs	344.08833	0	0	0	0	0	0	0	0	0	0	0	0	0	0	0
S(2,2)InvDfMom	0.045991093	0	0	0	0	0	0	0	0	0	0	0	0	0	0	0
S(2,2)SumAverg	65.776908	0	0	0	0	0	0	0	0	0	0	0	0	0	0	0
S(2,2)SumVarnc	686.04864	0	0	0	0	0	0	0	0	0	0	0	0	0	0	0
S(2,2)SumEntrp	2.0238737	0	0	0	0	0	0	0	0	0	0	0	0	0	0	0
S(2,2)Entropy	3.6005708	0	0	0	0	0	0	0	0	0	0	0	0	0	0	0
S(2,2)DifVarnc	229.80792	0	0	0	0	0	0	0	0	0	0	0	0	0	0	0
S(2,2)DifEntrp	1.7286142	0	0	0	0	0	0	0	0	0	0	0	0	0	0	0
_Area_S(2,-2)	129032	0	0	0	0	0	0	0	0	0	0	0	0	0	0	0
S(2,-2)AngScMom	0.00025700991	0	0	0	0	0	0	0	0	0	0	0	0	0	0	0
S(2,-2)Contrast	685.41723	0	0	0	0	0	0	0	0	0	0	0	0	0	0	0
S(2,-2)Correlat	0.0039879523	0	0	0	0	0	0	0	0	0	0	0	0	0	0	0
S(2,-2)SumOfSqs	344.08079	0	0	0	0	0	0	0	0	0	0	0	0	0	0	0
S(2,-2)InvDfMom	0.046146716	0	0	0	0	0	0	0	0	0	0	0	0	0	0	0
S(2,-2)SumAverg	65.775684	0	0	0	0	0	0	0	0	0	0	0	0	0	0	0
S(2,-2)SumVarnc	690.90594	0	0	0	0	0	0	0	0	0	0	0	0	0	0	0
S(2,-2)SumEntrp	2.0250977	0	0	0	0	0	0	0	0	0	0	0	0	0	0	0
S(2,-2)Entropy	3.6007861	0	0	0	0	0	0	0	0	0	0	0	0	0	0	0
S(2,-2)DifVarnc	228.74756	0	0	0	0	0	0	0	0	0	0	0	0	0	0	0
S(2,-2)DifEntrp	1.7278439	0	0	0	0	0	0	0	0	0	0	0	0	0	0	0
_Area_S(3,0)	129536	0	0	0	0	0	0	0	0	0	0	0	0	0	0	0
S(3,0)AngScMom	0.00025757994	0	0	0	0	0	0	0	0	0	0	0	0	0	0	0
S(3,0)Contrast	681.8901	0	0	0	0	0	0	0	0	0	0	0	0	0	0	0
S(3,0)Correlat	0.010104017	0	0	0	0	0	0	0	0	0	0	0	0	0	0	0
S(3,0)SumOfSqs	344.42513	0	0	0	0	0	0	0	0	0	0	0	0	0	0	0
S(3,0)InvDfMom	0.047050554	0	0	0	0	0	0	0	0	0	0	0	0	0	0	0
S(3,0)SumAverg	65.798666	0	0	0	0	0	0	0	0	0	0	0	0	0	0	0
S(3,0)SumVarnc	695.81041	0	0	0	0	0	0	0	0	0	0	0	0	0	0	0
S(3,0)SumEntrp	2.0266528	0	0	0	0	0	0	0	0	0	0	0	0	0	0	0
S(3,0)Entropy	3.6003237	0	0	0	0	0	0	0	0	0	0	0	0	0	0	0
S(3,0)DifVarnc	229.0629	0	0	0	0	0	0	0	0	0	0	0	0	0	0	0
S(3,0)DifEntrp	1.7263037	0	0	0	0	0	0	0	0	0	0	0	0	0	0	0
_Area_S(0,3)	129536	0	0	0	0	0	0	0	0	0	0	0	0	0	0	0
S(0,3)AngScMom	0.00025734322	0	0	0	0	0	0	0	0	0	0	0	0	0	0	0
S(0,3)Contrast	688.03974	0	0	0	0	0	0	0	0	0	0	0	0	0	0	0
S(0,3)Correlat	0.00074066627	0	0	0	0	0	0	0	0	0	0	0	0	0	0	0
S(0,3)SumOfSqs	344.27486	0	0	0	0	0	0	0	0	0	0	0	0	0	0	0
S(0,3)InvDfMom	0.047037209	0	0	0	0	0	0	0	0	0	0	0	0	0	0	0
S(0,3)SumAverg	65.783689	0	0	0	0	0	0	0	0	0	0	0	0	0	0	0
S(0,3)SumVarnc	689.05971	0	0	0	0	0	0	0	0	0	0	0	0	0	0	0
S(0,3)SumEntrp	2.0246359	0	0	0	0	0	0	0	0	0	0	0	0	0	0	0
S(0,3)Entropy	3.6004545	0	0	0	0	0	0	0	0	0	0	0	0	0	0	0
S(0,3)DifVarnc	230.25762	0	0	0	0	0	0	0	0	0	0	0	0	0	0	0
S(0,3)DifEntrp	1.7282572	0	0	0	0	0	0	0	0	0	0	0	0	0	0	0
_Area_S(3,3)	128018	0	0	0	0	0	0	0	0	0	0	0	0	0	0	0
S(3,3)AngScMom	0.00025673675	0	0	0	0	0	0	0	0	0	0	0	0	0	0	0
S(3,3)Contrast	687.91153	0	0	0	0	0	0	0	0	0	0	0	0	0	0	0
S(3,3)Correlat	0.00059631794	0	0	0	0	0	0	0	0	0	0	0	0	0	0	0
S(3,3)SumOfSqs	344.16099	0	0	0	0	0	0	0	0	0	0	0	0	0	0	0
S(3,3)InvDfMom	0.047258345	0	0	0	0	0	0	0	0	0	0	0	0	0	0	0
S(3,3)SumAverg	65.780859	0	0	0	0	0	0	0	0	0	0	0	0	0	0	0
S(3,3)SumVarnc	688.73245	0	0	0	0	0	0	0	0	0	0	0	0	0	0	0
S(3,3)SumEntrp	2.0247372	0	0	0	0	0	0	0	0	0	0	0	0	0	0	0
S(3,3)Entropy	3.6010924	0	0	0	0	0	0	0	0	0	0	0	0	0	0	0
S(3,3)DifVarnc	229.89108	0	0	0	0	0	0	0	0	0	0	0	0	0	0	0
S(3,3)DifEntrp	1.7281123	0	0	0	0	0	0	0	0	0	0	0	0	0	0	0
_Area_S(3,-3)	128018	0	0	0	0	0	0	0	0	0	0	0	0	0	0	0
S(3,-3)AngScMom	0.00025717412	0	0	0	0	0	0	0	0	0	0	0	0	0	0	0
S(3,-3)Contrast	684.71385	0	0	0	0	0	0	0	0	0	0	0	0	0	0	0
S(3,-3)Correlat	0.0052033758	0	0	0	0	0	0	0	0	0	0	0	0	0	0	0
S(3,-3)SumOfSqs	344.14766	0	0	0	0	0	0	0	0	0	0	0	0	0	0	0
S(3,-3)InvDfMom	0.047460769	0	0	0	0	0	0	0	0	0	0	0	0	0	0	0
S(3,-3)SumAverg	65.781328	0	0	0	0	0	0	0	0	0	0	0	0	0	0	0
S(3,-3)SumVarnc	691.87677	0	0	0	0	0	0	0	0	0	0	0	0	0	0	0
S(3,-3)SumEntrp	2.0256008	0	0	0	0	0	0	0	0	0	0	0	0	0	0	0
S(3,-3)Entropy	3.6007431	0	0	0	0	0	0	0	0	0	0	0	0	0	0	0
S(3,-3)DifVarnc	228.71732	0	0	0	0	0	0	0	0	0	0	0	0	0	0	0
S(3,-3)DifEntrp	1.7275413	0	0	0	0	0	0	0	0	0	0	0	0	0	0	0
_Area_S(4,0)	129024	0	0	0	0	0	0	0	0	0	0	0	0	0	0	0
S(4,0)AngScMom	0.00025683261	0	0	0	0	0	0	0	0	0	0	0	0	0	0	0
S(4,0)Contrast	685.93318	0	0	0	0	0	0	0	0	0	0	0	0	0	0	0
S(4,0)Correlat	0.004130704	0	0	0	0	0	0	0	0	0	0	0	0	0	0	0
S(4,0)SumOfSqs	344.38916	0	0	0	0	0	0	0	0	0	0	0	0	0	0	0
S(4,0)InvDfMom	0.046598961	0	0	0	0	0	0	0	0	0	0	0	0	0	0	0
S(4,0)SumAverg	65.799371	0	0	0	0	0	0	0	0	0	0	0	0	0	0	0
S(4,0)SumVarnc	691.62345	0	0	0	0	0	0	0	0	0	0	0	0	0	0	0
S(4,0)SumEntrp	2.0254387	0	0	0	0	0	0	0	0	0	0	0	0	0	0	0
S(4,0)Entropy	3.6009524	0	0	0	0	0	0	0	0	0	0	0	0	0	0	0
S(4,0)DifVarnc	228.60177	0	0	0	0	0	0	0	0	0	0	0	0	0	0	0
S(4,0)DifEntrp	1.727576	0	0	0	0	0	0	0	0	0	0	0	0	0	0	0
_Area_S(0,4)	129024	0	0	0	0	0	0	0	0	0	0	0	0	0	0	0
S(0,4)AngScMom	0.00025727569	0	0	0	0	0	0	0	0	0	0	0	0	0	0	0
S(0,4)Contrast	691.84429	0	0	0	0	0	0	0	0	0	0	0	0	0	0	0
S(0,4)Correlat	-0.0050738095	0	0	0	0	0	0	0	0	0	0	0	0	0	0	0
S(0,4)SumOfSqs	344.17586	0	0	0	0	0	0	0	0	0	0	0	0	0	0	0
S(0,4)InvDfMom	0.047407103	0	0	0	0	0	0	0	0	0	0	0	0	0	0	0
S(0,4)SumAverg	65.794937	0	0	0	0	0	0	0	0	0	0	0	0	0	0	0
S(0,4)SumVarnc	684.85916	0	0	0	0	0	0	0	0	0	0	0	0	0	0	0
S(0,4)SumEntrp	2.0237049	0	0	0	0	0	0	0	0	0	0	0	0	0	0	0
S(0,4)Entropy	3.6005466	0	0	0	0	0	0	0	0	0	0	0	0	0	0	0
S(0,4)DifVarnc	230.02944	0	0	0	0	0	0	0	0	0	0	0	0	0	0	0
S(0,4)DifEntrp	1.7297277	0	0	0	0	0	0	0	0	0	0	0	0	0	0	0
_Area_S(4,4)	127008	0	0	0	0	0	0	0	0	0	0	0	0	0	0	0
S(4,4)AngScMom	0.00025707791	0	0	0	0	0	0	0	0	0	0	0	0	0	0	0
S(4,4)Contrast	687.88171	0	0	0	0	0	0	0	0	0	0	0	0	0	0	0
S(4,4)Correlat	0.00022354779	0	0	0	0	0	0	0	0	0	0	0	0	0	0	0
S(4,4)SumOfSqs	344.01776	0	0	0	0	0	0	0	0	0	0	0	0	0	0	0
S(4,4)InvDfMom	0.047405388	0	0	0	0	0	0	0	0	0	0	0	0	0	0	0
S(4,4)SumAverg	65.794375	0	0	0	0	0	0	0	0	0	0	0	0	0	0	0
S(4,4)SumVarnc	688.18933	0	0	0	0	0	0	0	0	0	0	0	0	0	0	0
S(4,4)SumEntrp	2.0243257	0	0	0	0	0	0	0	0	0	0	0	0	0	0	0
S(4,4)Entropy	3.6007531	0	0	0	0	0	0	0	0	0	0	0	0	0	0	0
S(4,4)DifVarnc	229.67473	0	0	0	0	0	0	0	0	0	0	0	0	0	0	0
S(4,4)DifEntrp	1.7283968	0	0	0	0	0	0	0	0	0	0	0	0	0	0	0
_Area_S(4,-4)	127008	0	0	0	0	0	0	0	0	0	0	0	0	0	0	0
S(4,-4)AngScMom	0.00025766622	0	0	0	0	0	0	0	0	0	0	0	0	0	0	0
S(4,-4)Contrast	686.44564	0	0	0	0	0	0	0	0	0	0	0	0	0	0	0
S(4,-4)Correlat	0.0022901287	0	0	0	0	0	0	0	0	0	0	0	0	0	0	0
S(4,-4)SumOfSqs	344.01065	0	0	0	0	0	0	0	0	0	0	0	0	0	0	0
S(4,-4)InvDfMom	0.047446891	0	0	0	0	0	0	0	0	0	0	0	0	0	0	0
S(4,-4)SumAverg	65.79006	0	0	0	0	0	0	0	0	0	0	0	0	0	0	0
S(4,-4)SumVarnc	689.59696	0	0	0	0	0	0	0	0	0	0	0	0	0	0	0
S(4,-4)SumEntrp	2.0246901	0	0	0	0	0	0	0	0	0	0	0	0	0	0	0
S(4,-4)Entropy	3.6002246	0	0	0	0	0	0	0	0	0	0	0	0	0	0	0
S(4,-4)DifVarnc	229.89962	0	0	0	0	0	0	0	0	0	0	0	0	0	0	0
S(4,-4)DifEntrp	1.728105	0	0	0	0	0	0	0	0	0	0	0	0	0	0	0
_Area_S(5,0)	128512	0	0	0	0	0	0	0	0	0	0	0	0	0	0	0
S(5,0)AngScMom	0.00025772836	0	0	0	0	0	0	0	0	0	0	0	0	0	0	0
S(5,0)Contrast	680.94368	0	0	0	0	0	0	0	0	0	0	0	0	0	0	0
S(5,0)Correlat	0.011250841	0	0	0	0	0	0	0	0	0	0	0	0	0	0	0
S(5,0)SumOfSqs	344.34602	0	0	0	0	0	0	0	0	0	0	0	0	0	0	0
S(5,0)InvDfMom	0.047343136	0	0	0	0	0	0	0	0	0	0	0	0	0	0	0
S(5,0)SumAverg	65.789389	0	0	0	0	0	0	0	0	0	0	0	0	0	0	0
S(5,0)SumVarnc	696.44041	0	0	0	0	0	0	0	0	0	0	0	0	0	0	0
S(5,0)SumEntrp	2.0266113	0	0	0	0	0	0	0	0	0	0	0	0	0	0	0
S(5,0)Entropy	3.6001705	0	0	0	0	0	0	0	0	0	0	0	0	0	0	0
S(5,0)DifVarnc	226.81057	0	0	0	0	0	0	0	0	0	0	0	0	0	0	0
S(5,0)DifEntrp	1.7264922	0	0	0	0	0	0	0	0	0	0	0	0	0	0	0
_Area_S(0,5)	128512	0	0	0	0	0	0	0	0	0	0	0	0	0	0	0
S(0,5)AngScMom	0.00025692281	0	0	0	0	0	0	0	0	0	0	0	0	0	0	0
S(0,5)Contrast	685.0026	0	0	0	0	0	0	0	0	0	0	0	0	0	0	0
S(0,5)Correlat	0.0045903119	0	0	0	0	0	0	0	0	0	0	0	0	0	0	0
S(0,5)SumOfSqs	344.08074	0	0	0	0	0	0	0	0	0	0	0	0	0	0	0
S(0,5)InvDfMom	0.046779686	0	0	0	0	0	0	0	0	0	0	0	0	0	0	0
S(0,5)SumAverg	65.793405	0	0	0	0	0	0	0	0	0	0	0	0	0	0	0
S(0,5)SumVarnc	691.32035	0	0	0	0	0	0	0	0	0	0	0	0	0	0	0
S(0,5)SumEntrp	2.0251772	0	0	0	0	0	0	0	0	0	0	0	0	0	0	0
S(0,5)Entropy	3.6009475	0	0	0	0	0	0	0	0	0	0	0	0	0	0	0
S(0,5)DifVarnc	228.6035	0	0	0	0	0	0	0	0	0	0	0	0	0	0	0
S(0,5)DifEntrp	1.7276642	0	0	0	0	0	0	0	0	0	0	0	0	0	0	0
_Area_S(5,5)	126002	0	0	0	0	0	0	0	0	0	0	0	0	0	0	0
S(5,5)AngScMom	0.00025736207	0	0	0	0	0	0	0	0	0	0	0	0	0	0	0
S(5,5)Contrast	687.00113	0	0	0	0	0	0	0	0	0	0	0	0	0	0	0
S(5,5)Correlat	0.0010625874	0	0	0	0	0	0	0	0	0	0	0	0	0	0	0
S(5,5)SumOfSqs	343.86595	0	0	0	0	0	0	0	0	0	0	0	0	0	0	0
S(5,5)InvDfMom	0.046864972	0	0	0	0	0	0	0	0	0	0	0	0	0	0	0
S(5,5)SumAverg	65.784829	0	0	0	0	0	0	0	0	0	0	0	0	0	0	0
S(5,5)SumVarnc	688.46268	0	0	0	0	0	0	0	0	0	0	0	0	0	0	0
S(5,5)SumEntrp	2.0247429	0	0	0	0	0	0	0	0	0	0	0	0	0	0	0
S(5,5)Entropy	3.6004832	0	0	0	0	0	0	0	0	0	0	0	0	0	0	0
S(5,5)DifVarnc	228.76758	0	0	0	0	0	0	0	0	0	0	0	0	0	0	0
S(5,5)DifEntrp	1.7282702	0	0	0	0	0	0	0	0	0	0	0	0	0	0	0
_Area_S(5,-5)	126002	0	0	0	0	0	0	0	0	0	0	0	0	0	0	0
S(5,-5)AngScMom	0.00025714817	0	0	0	0	0	0	0	0	0	0	0	0	0	0	0
S(5,-5)Contrast	688.32368	0	0	0	0	0	0	0	0	0	0	0	0	0	0	0
S(5,-5)Correlat	-0.00080588548	0	0	0	0	0	0	0	0	0	0	0	0	0	0	0
S(5,-5)SumOfSqs	343.88471	0	0	0	0	0	0	0	0	0	0	0	0	0	0	0
S(5,-5)InvDfMom	0.046828914	0	0	0	0	0	0	0	0	0	0	0	0	0	0	0
S(5,-5)SumAverg	65.776385	0	0	0	0	0	0	0	0	0	0	0	0	0	0	0
S(5,-5)SumVarnc	687.21515	0	0	0	0	0	0	0	0	0	0	0	0	0	0	0
S(5,-5)SumEntrp	2.0239439	0	0	0	0	0	0	0	0	0	0	0	0	0	0	0
S(5,-5)Entropy	3.6007018	0	0	0	0	0	0	0	0	0	0	0	0	0	0	0
S(5,-5)DifVarnc	229.22804	0	0	0	0	0	0	0	0	0	0	0	0	0	0	0
S(5,-5)DifEntrp	1.7285962	0	0	0	0	0	0	0	0	0	0	0	0	0	0	0
Horzl_RLNonUni	61406.613	0	0	0	0	0	0	0	0	0	0	0	0	0	0	0
Horzl_GLevNonU	1011.7266	0	0	0	0	0	0	0	0	0	0	0	0	0	0	0
Horzl_LngREmph	1.0683679	0	0	0	0	0	0	0	0	0	0	0	0	0	0	0
Horzl_ShrtREmp	0.98375943	0	0	0	0	0	0	0	0	0	0	0	0	0	0	0
Horzl_Fraction	0.97822571	0	0	0	0	0	0	0	0	0	0	0	0	0	0	0
Vertl_RLNonUni	62547.572	0	0	0	0	0	0	0	0	0	0	0	0	0	0	0
Vertl_GLevNonU	1018.7548	0	0	0	0	0	0	0	0	0	0	0	0	0	0	0
Vertl_LngREmph	1.0477844	0	0	0	0	0	0	0	0	0	0	0	0	0	0	0
Vertl_ShrtREmp	0.98832945	0	0	0	0	0	0	0	0	0	0	0	0	0	0	0
Vertl_Fraction	0.98448181	0	0	0	0	0	0	0	0	0	0	0	0	0	0	0
45dgr_RLNonUni	62499.543	0	0	0	0	0	0	0	0	0	0	0	0	0	0	0
45dgr_GLevNonU	1018.3746	0	0	0	0	0	0	0	0	0	0	0	0	0	0	0
45dgr_LngREmph	1.0486186	0	0	0	0	0	0	0	0	0	0	0	0	0	0	0
45dgr_ShrtREmp	0.98813818	0	0	0	0	0	0	0	0	0	0	0	0	0	0	0
45dgr_Fraction	0.98422241	0	0	0	0	0	0	0	0	0	0	0	0	0	0	0
135dr_RLNonUni	62500.42	0	0	0	0	0	0	0	0	0	0	0	0	0	0	0
135dr_GLevNonU	1018.6331	0	0	0	0	0	0	0	0	0	0	0	0	0	0	0
135dr_LngREmph	1.0487279	0	0	0	0	0	0	0	0	0	0	0	0	0	0	0
135dr_ShrtREmp	0.98814532	0	0	0	0	0	0	0	0	0	0	0	0	0	0	0
135dr_Fraction	0.98420715	0	0	0	0	0	0	0	0	0	0	0	0	0	0	0
_AreaGr	64516	0	0	0	0	0	0	0	0	0	0	0	0	0	0	0
GrMean	8.277794	0	0	0	0	0	0	0	0	0	0	0	0	0	0	0
GrVariance	15.691003	0	0	0	0	0	0	0	0	0	0	0	0	0	0	0
GrSkewness	0.17189798	0	0	0	0	0	0	0	0	0	0	0	0	0	0	0
GrKurtosis	-0.67732259	0	0	0	0	0	0	0	0	0	0	0	0	0	0	0
GrNonZeros	0.99544299	0	0	0	0	0	0	0	0	0	0	0	0	0	0	0
_AreaARM	64770	0	0	0	0	0	0	0	0	0	0	0	0	0	0	0
Teta1	0.072330464	0	0	0	0	0	0	0	0	0	0	0	0	0	0	0
Teta2	-0.0057907243	0	0	0	0	0	0	0	0	0	0	0	0	0	0	0
Teta3	0.0042215878	0	0	0	0	0	0	0	0	0	0	0	0	0	0	0
Teta4	0.0036859063	0	0	0	0	0	0	0	0	0	0	0	0	0	0	0
Sigma	0.99671793	0	0	0	0	0	0	0	0	0	0	0	0	0	0	0
WavEnLL_s-1	18161.714	0	0	0	0	0	0	0	0	0	0	0	0	0	0	0
WavEnLH_s-1	1477.0201	0	0	0	0	0	0	0	0	0	0	0	0	0	0	0
WavEnHL_s-1	1285.519	0	0	0	0	0	0	0	0	0	0	0	0	0	0	0
WavEnHH_s-1	1273.9647	0	0	0	0	0	0	0	0	0	0	0	0	0	0	0
WavEnLL_s-2	17058.42	0	0	0	0	0	0	0	0	0	0	0	0	0	0	0
WavEnLH_s-2	388.79189	0	0	0	0	0	0	0	0	0	0	0	0	0	0	0
WavEnHL_s-2	361.46939	0	0	0	0	0	0	0	0	0	0	0	0	0	0	0
WavEnHH_s-2	353.03256	0	0	0	0	0	0	0	0	0	0	0	0	0	0	0
WavEnLL_s-3	16782.305	0	0	0	0	0	0	0	0	0	0	0	0	0	0	0
WavEnLH_s-3	95.865525	0	0	0	0	0	0	0	0	0	0	0	0	0	0	0
WavEnHL_s-3	87.488259	0	0	0	0	0	0	0	0	0	0	0	0	0	0	0
WavEnHH_s-3	92.76109	0	0	0	0	0	0	0	0	0	0	0	0	0	0	0
WavEnLL_s-4	16699.928	0	0	0	0	0	0	0	0	0	0	0	0	0	0	0
WavEnLH_s-4	28.460527	0	0	0	0	0	0	0	0	0	0	0	0	0	0	0
WavEnHL_s-4	28.452605	0	0	0	0	0	0	0	0	0	0	0	0	0	0	0
WavEnHH_s-4	25.464693	0	0	0	0	0	0	0	0	0	0	0	0	0	0	0
