Image File: sand1-a-p001.png 
ROI File: allred.roi 
Image size: 256 x 256
Min. lum.: 1
Max. lum.: 256
Bits/pixel: 8

Normalisation =  No
Histogram analysis = Yes
CO matrix analysis = Yes, Dimensions = 6 x 6, Distances = 1 2 3 4 5
RL matrix analysis = Yes, Dimension = 6
Gradient analysis = Yes, Max pixel value = 16
AR model analysis = Yes
Wavelet analysis = Yes

--------------- CLASS NAMES ----------------

----------------- FEATURES -----------------
_Area	65536	0	0	0	0	0	0	0	0	0	0	0	0	0	0	0
Mean	126.80785	0	0	0	0	0	0	0	0	0	0	0	0	0	0	0
Variance	5556.8043	0	0	0	0	0	0	0	0	0	0	0	0	0	0	0
Skewness	0.027310233	0	0	0	0	0	0	0	0	0	0	0	0	0	0	0
Kurtosis	-1.209517	0	0	0	0	0	0	0	0	0	0	0	0	0	0	0
Perc.01%	2	0	0	0	0	0	0	0	0	0	0	0	0	0	0	0
Perc.10%	24	0	0	0	0	0	0	0	0	0	0	0	0	0	0	0
Perc.50%	127	0	0	0	0	0	0	0	0	0	0	0	0	0	0	0
Perc.90%	231	0	0	0	0	0	0	0	0	0	0	0	0	0	0	0
Perc.99%	254	0	0	0	0	0	0	0	0	0	0	0	0	0	0	0
_Area_S(1,0)	130560	0	0	0	0	0	0	0	0	0	0	0	0	0	0	0
S(1,0)AngScMom	0.00026859681	0	0	0	0	0	0	0	0	0	0	0	0	0	0	0
S(1,0)Contrast	639.13028	0	0	0	0	0	0	0	0	0	0	0	0	0	0	0
S(1,0)Correlat	0.077837734	0	0	0	0	0	0	0	0	0	0	0	0	0	0	0
S(1,0)SumOfSqs	346.53895	0	0	0	0	0	0	0	0	0	0	0	0	0	0	0
S(1,0)InvDfMom	0.054385245	0	0	0	0	0	0	0	0	0	0	0	0	0	0	0
S(1,0)SumAverg	64.163618	0	0	0	0	0	0	0	0	0	0	0	0	0	0	0
S(1,0)SumVarnc	747.02551	0	0	0	0	0	0	0	0	0	0	0	0	0	0	0
S(1,0)SumEntrp	2.0390628	0	0	0	0	0	0	0	0	0	0	0	0	0	0	0
S(1,0)Entropy	3.5921571	0	0	0	0	0	0	0	0	0	0	0	0	0	0	0
S(1,0)DifVarnc	219.73841	0	0	0	0	0	0	0	0	0	0	0	0	0	0	0
S(1,0)DifEntrp	1.7142408	0	0	0	0	0	0	0	0	0	0	0	0	0	0	0
_Area_S(0,1)	130560	0	0	0	0	0	0	0	0	0	0	0	0	0	0	0
S(0,1)AngScMom	0.00025644633	0	0	0	0	0	0	0	0	0	0	0	0	0	0	0
S(0,1)Contrast	692.29527	0	0	0	0	0	0	0	0	0	0	0	0	0	0	0
S(0,1)Correlat	0.00034627279	0	0	0	0	0	0	0	0	0	0	0	0	0	0	0
S(0,1)SumOfSqs	346.26754	0	0	0	0	0	0	0	0	0	0	0	0	0	0	0
S(0,1)InvDfMom	0.046958992	0	0	0	0	0	0	0	0	0	0	0	0	0	0	0
S(0,1)SumAverg	64.159605	0	0	0	0	0	0	0	0	0	0	0	0	0	0	0
S(0,1)SumVarnc	692.77488	0	0	0	0	0	0	0	0	0	0	0	0	0	0	0
S(0,1)SumEntrp	2.0255514	0	0	0	0	0	0	0	0	0	0	0	0	0	0	0
S(0,1)Entropy	3.6014414	0	0	0	0	0	0	0	0	0	0	0	0	0	0	0
S(0,1)DifVarnc	231.53997	0	0	0	0	0	0	0	0	0	0	0	0	0	0	0
S(0,1)DifEntrp	1.7293598	0	0	0	0	0	0	0	0	0	0	0	0	0	0	0
_Area_S(1,1)	130050	0	0	0	0	0	0	0	0	0	0	0	0	0	0	0
S(1,1)AngScMom	0.00025735702	0	0	0	0	0	0	0	0	0	0	0	0	0	0	0
S(1,1)Contrast	690.30622	0	0	0	0	0	0	0	0	0	0	0	0	0	0	0
S(1,1)Correlat	0.0033281378	0	0	0	0	0	0	0	0	0	0	0	0	0	0	0
S(1,1)SumOfSqs	346.30566	0	0	0	0	0	0	0	0	0	0	0	0	0	0	0
S(1,1)InvDfMom	0.047496552	0	0	0	0	0	0	0	0	0	0	0	0	0	0	0
S(1,1)SumAverg	64.156125	0	0	0	0	0	0	0	0	0	0	0	0	0	0	0
S(1,1)SumVarnc	694.91643	0	0	0	0	0	0	0	0	0	0	0	0	0	0	0
S(1,1)SumEntrp	2.0261123	0	0	0	0	0	0	0	0	0	0	0	0	0	0	0
S(1,1)Entropy	3.600643	0	0	0	0	0	0	0	0	0	0	0	0	0	0	0
S(1,1)DifVarnc	230.1709	0	0	0	0	0	0	0	0	0	0	0	0	0	0	0
S(1,1)DifEntrp	1.7292585	0	0	0	0	0	0	0	0	0	0	0	0	0	0	0
_Area_S(1,-1)	130050	0	0	0	0	0	0	0	0	0	0	0	0	0	0	0
S(1,-1)AngScMom	0.00025684298	0	0	0	0	0	0	0	0	0	0	0	0	0	0	0
S(1,-1)Contrast	694.90076	0	0	0	0	0	0	0	0	0	0	0	0	0	0	0
S(1,-1)Correlat	-0.0033140911	0	0	0	0	0	0	0	0	0	0	0	0	0	0	0
S(1,-1)SumOfSqs	346.3027	0	0	0	0	0	0	0	0	0	0	0	0	0	0	0
S(1,-1)InvDfMom	0.047078126	0	0	0	0	0	0	0	0	0	0	0	0	0	0	0
S(1,-1)SumAverg	64.156432	0	0	0	0	0	0	0	0	0	0	0	0	0	0	0
S(1,-1)SumVarnc	690.31005	0	0	0	0	0	0	0	0	0	0	0	0	0	0	0
S(1,-1)SumEntrp	2.0247996	0	0	0	0	0	0	0	0	0	0	0	0	0	0	0
S(1,-1)Entropy	3.6011901	0	0	0	0	0	0	0	0	0	0	0	0	0	0	0
S(1,-1)DifVarnc	231.50967	0	0	0	0	0	0	0	0	0	0	0	0	0	0	0
S(1,-1)DifEntrp	1.7300893	0	0	0	0	0	0	0	0	0	0	0	0	0	0	0
_Area_S(2,0)	130048	0	0	0	0	0	0	0	0	0	0	0	0	0	0	0
S(2,0)AngScMom	0.00025857162	0	0	0	0	0	0	0	0	0	0	0	0	0	0	0
S(2,0)Contrast	667.46146	0	0	0	0	0	0	0	0	0	0	0	0	0	0	0
S(2,0)Correlat	0.036944794	0	0	0	0	0	0	0	0	0	0	0	0	0	0	0
S(2,0)SumOfSqs	346.53333	0	0	0	0	0	0	0	0	0	0	0	0	0	0	0
S(2,0)InvDfMom	0.04907367	0	0	0	0	0	0	0	0	0	0	0	0	0	0	0
S(2,0)SumAverg	64.162371	0	0	0	0	0	0	0	0	0	0	0	0	0	0	0
S(2,0)SumVarnc	718.67187	0	0	0	0	0	0	0	0	0	0	0	0	0	0	0
S(2,0)SumEntrp	2.0326738	0	0	0	0	0	0	0	0	0	0	0	0	0	0	0
S(2,0)Entropy	3.5997672	0	0	0	0	0	0	0	0	0	0	0	0	0	0	0
S(2,0)DifVarnc	224.44261	0	0	0	0	0	0	0	0	0	0	0	0	0	0	0
S(2,0)DifEntrp	1.722561	0	0	0	0	0	0	0	0	0	0	0	0	0	0	0
_Area_S(0,2)	130048	0	0	0	0	0	0	0	0	0	0	0	0	0	0	0
S(0,2)AngScMom	0.00025750827	0	0	0	0	0	0	0	0	0	0	0	0	0	0	0
S(0,2)Contrast	690.8736	0	0	0	0	0	0	0	0	0	0	0	0	0	0	0
S(0,2)Correlat	0.0019344342	0	0	0	0	0	0	0	0	0	0	0	0	0	0	0
S(0,2)SumOfSqs	346.10632	0	0	0	0	0	0	0	0	0	0	0	0	0	0	0
S(0,2)InvDfMom	0.046285473	0	0	0	0	0	0	0	0	0	0	0	0	0	0	0
S(0,2)SumAverg	64.120525	0	0	0	0	0	0	0	0	0	0	0	0	0	0	0
S(0,2)SumVarnc	693.55168	0	0	0	0	0	0	0	0	0	0	0	0	0	0	0
S(0,2)SumEntrp	2.0257125	0	0	0	0	0	0	0	0	0	0	0	0	0	0	0
S(0,2)Entropy	3.6004962	0	0	0	0	0	0	0	0	0	0	0	0	0	0	0
S(0,2)DifVarnc	229.84685	0	0	0	0	0	0	0	0	0	0	0	0	0	0	0
S(0,2)DifEntrp	1.7289808	0	0	0	0	0	0	0	0	0	0	0	0	0	0	0
_Area_S(2,2)	129032	0	0	0	0	0	0	0	0	0	0	0	0	0	0	0
S(2,2)AngScMom	0.00025744332	0	0	0	0	0	0	0	0	0	0	0	0	0	0	0
S(2,2)Contrast	690.07925	0	0	0	0	0	0	0	0	0	0	0	0	0	0	0
S(2,2)Correlat	0.0031502659	0	0	0	0	0	0	0	0	0	0	0	0	0	0	0
S(2,2)SumOfSqs	346.13003	0	0	0	0	0	0	0	0	0	0	0	0	0	0	0
S(2,2)InvDfMom	0.046927398	0	0	0	0	0	0	0	0	0	0	0	0	0	0	0
S(2,2)SumAverg	64.114282	0	0	0	0	0	0	0	0	0	0	0	0	0	0	0
S(2,2)SumVarnc	694.44086	0	0	0	0	0	0	0	0	0	0	0	0	0	0	0
S(2,2)SumEntrp	2.0259356	0	0	0	0	0	0	0	0	0	0	0	0	0	0	0
S(2,2)Entropy	3.6005571	0	0	0	0	0	0	0	0	0	0	0	0	0	0	0
S(2,2)DifVarnc	230.1451	0	0	0	0	0	0	0	0	0	0	0	0	0	0	0
S(2,2)DifEntrp	1.7285296	0	0	0	0	0	0	0	0	0	0	0	0	0	0	0
_Area_S(2,-2)	129032	0	0	0	0	0	0	0	0	0	0	0	0	0	0	0
S(2,-2)AngScMom	0.00025699117	0	0	0	0	0	0	0	0	0	0	0	0	0	0	0
S(2,-2)Contrast	696.96159	0	0	0	0	0	0	0	0	0	0	0	0	0	0	0
S(2,-2)Correlat	-0.0067970582	0	0	0	0	0	0	0	0	0	0	0	0	0	0	0
S(2,-2)SumOfSqs	346.12814	0	0	0	0	0	0	0	0	0	0	0	0	0	0	0
S(2,-2)InvDfMom	0.046958558	0	0	0	0	0	0	0	0	0	0	0	0	0	0	0
S(2,-2)SumAverg	64.114855	0	0	0	0	0	0	0	0	0	0	0	0	0	0	0
S(2,-2)SumVarnc	687.55098	0	0	0	0	0	0	0	0	0	0	0	0	0	0	0
S(2,-2)SumEntrp	2.0241686	0	0	0	0	0	0	0	0	0	0	0	0	0	0	0
S(2,-2)Entropy	3.6009804	0	0	0	0	0	0	0	0	0	0	0	0	0	0	0
S(2,-2)DifVarnc	231.6192	0	0	0	0	0	0	0	0	0	0	0	0	0	0	0
S(2,-2)DifEntrp	1.7307732	0	0	0	0	0	0	0	0	0	0	0	0	0	0	0
_Area_S(3,0)	129536	0	0	0	0	0	0	0	0	0	0	0	0	0	0	0
S(3,0)AngScMom	0.00025747243	0	0	0	0	0	0	0	0	0	0	0	0	0	0	0
S(3,0)Contrast	682.9275	0	0	0	0	0	0	0	0	0	0	0	0	0	0	0
S(3,0)Correlat	0.014613721	0	0	0	0	0	0	0	0	0	0	0	0	0	0	0
S(3,0)SumOfSqs	346.52781	0	0	0	0	0	0	0	0	0	0	0	0	0	0	0
S(3,0)InvDfMom	0.048043001	0	0	0	0	0	0	0	0	0	0	0	0	0	0	0
S(3,0)SumAverg	64.16539	0	0	0	0	0	0	0	0	0	0	0	0	0	0	0
S(3,0)SumVarnc	703.18374	0	0	0	0	0	0	0	0	0	0	0	0	0	0	0
S(3,0)SumEntrp	2.0286482	0	0	0	0	0	0	0	0	0	0	0	0	0	0	0
S(3,0)Entropy	3.600634	0	0	0	0	0	0	0	0	0	0	0	0	0	0	0
S(3,0)DifVarnc	229.00489	0	0	0	0	0	0	0	0	0	0	0	0	0	0	0
S(3,0)DifEntrp	1.7268219	0	0	0	0	0	0	0	0	0	0	0	0	0	0	0
_Area_S(0,3)	129536	0	0	0	0	0	0	0	0	0	0	0	0	0	0	0
S(0,3)AngScMom	0.00025731688	0	0	0	0	0	0	0	0	0	0	0	0	0	0	0
S(0,3)Contrast	689.59489	0	0	0	0	0	0	0	0	0	0	0	0	0	0	0
S(0,3)Correlat	0.0036964666	0	0	0	0	0	0	0	0	0	0	0	0	0	0	0
S(0,3)SumOfSqs	346.07671	0	0	0	0	0	0	0	0	0	0	0	0	0	0	0
S(0,3)InvDfMom	0.046577058	0	0	0	0	0	0	0	0	0	0	0	0	0	0	0
S(0,3)SumAverg	64.113019	0	0	0	0	0	0	0	0	0	0	0	0	0	0	0
S(0,3)SumVarnc	694.71194	0	0	0	0	0	0	0	0	0	0	0	0	0	0	0
S(0,3)SumEntrp	2.0258708	0	0	0	0	0	0	0	0	0	0	0	0	0	0	0
S(0,3)Entropy	3.6006345	0	0	0	0	0	0	0	0	0	0	0	0	0	0	0
S(0,3)DifVarnc	230.80797	0	0	0	0	0	0	0	0	0	0	0	0	0	0	0
S(0,3)DifEntrp	1.7285065	0	0	0	0	0	0	0	0	0	0	0	0	0	0	0
_Area_S(3,3)	128018	0	0	0	0	0	0	0	0	0	0	0	0	0	0	0
S(3,3)AngScMom	0.00025693078	0	0	0	0	0	0	0	0	0	0	0	0	0	0	0
S(3,3)Contrast	687.96444	0	0	0	0	0	0	0	0	0	0	0	0	0	0	0
S(3,3)Correlat	0.0060950207	0	0	0	0	0	0	0	0	0	0	0	0	0	0	0
S(3,3)SumOfSqs	346.09166	0	0	0	0	0	0	0	0	0	0	0	0	0	0	0
S(3,3)InvDfMom	0.047750907	0	0	0	0	0	0	0	0	0	0	0	0	0	0	0
S(3,3)SumAverg	64.110141	0	0	0	0	0	0	0	0	0	0	0	0	0	0	0
S(3,3)SumVarnc	696.40219	0	0	0	0	0	0	0	0	0	0	0	0	0	0	0
S(3,3)SumEntrp	2.0264831	0	0	0	0	0	0	0	0	0	0	0	0	0	0	0
S(3,3)Entropy	3.600933	0	0	0	0	0	0	0	0	0	0	0	0	0	0	0
S(3,3)DifVarnc	230.42199	0	0	0	0	0	0	0	0	0	0	0	0	0	0	0
S(3,3)DifEntrp	1.7286447	0	0	0	0	0	0	0	0	0	0	0	0	0	0	0
_Area_S(3,-3)	128018	0	0	0	0	0	0	0	0	0	0	0	0	0	0	0
S(3,-3)AngScMom	0.00025741783	0	0	0	0	0	0	0	0	0	0	0	0	0	0	0
S(3,-3)Contrast	691.71832	0	0	0	0	0	0	0	0	0	0	0	0	0	0	0
S(3,-3)Correlat	0.00067936574	0	0	0	0	0	0	0	0	0	0	0	0	0	0	0
S(3,-3)SumOfSqs	346.09429	0	0	0	0	0	0	0	0	0	0	0	0	0	0	0
S(3,-3)InvDfMom	0.045574804	0	0	0	0	0	0	0	0	0	0	0	0	0	0	0
S(3,-3)SumAverg	64.112328	0	0	0	0	0	0	0	0	0	0	0	0	0	0	0
S(3,-3)SumVarnc	692.65882	0	0	0	0	0	0	0	0	0	0	0	0	0	0	0
S(3,-3)SumEntrp	2.0254041	0	0	0	0	0	0	0	0	0	0	0	0	0	0	0
S(3,-3)Entropy	3.600517	0	0	0	0	0	0	0	0	0	0	0	0	0	0	0
S(3,-3)DifVarnc	228.97342	0	0	0	0	0	0	0	0	0	0	0	0	0	0	0
S(3,-3)DifEntrp	1.7288038	0	0	0	0	0	0	0	0	0	0	0	0	0	0	0
_Area_S(4,0)	129024	0	0	0	0	0	0	0	0	0	0	0	0	0	0	0
S(4,0)AngScMom	0.00025713044	0	0	0	0	0	0	0	0	0	0	0	0	0	0	0
S(4,0)Contrast	688.04782	0	0	0	0	0	0	0	0	0	0	0	0	0	0	0
S(4,0)Correlat	0.0077065537	0	0	0	0	0	0	0	0	0	0	0	0	0	0	0
S(4,0)SumOfSqs	346.69574	0	0	0	0	0	0	0	0	0	0	0	0	0	0	0
S(4,0)InvDfMom	0.046766834	0	0	0	0	0	0	0	0	0	0	0	0	0	0	0
S(4,0)SumAverg	64.157475	0	0	0	0	0	0	0	0	0	0	0	0	0	0	0
S(4,0)SumVarnc	698.73514	0	0	0	0	0	0	0	0	0	0	0	0	0	0	0
S(4,0)SumEntrp	2.0274903	0	0	0	0	0	0	0	0	0	0	0	0	0	0	0
S(4,0)Entropy	3.6008176	0	0	0	0	0	0	0	0	0	0	0	0	0	0	0
S(4,0)DifVarnc	229.01627	0	0	0	0	0	0	0	0	0	0	0	0	0	0	0
S(4,0)DifEntrp	1.7279583	0	0	0	0	0	0	0	0	0	0	0	0	0	0	0
_Area_S(0,4)	129024	0	0	0	0	0	0	0	0	0	0	0	0	0	0	0
S(0,4)AngScMom	0.00025709909	0	0	0	0	0	0	0	0	0	0	0	0	0	0	0
S(0,4)Contrast	689.69196	0	0	0	0	0	0	0	0	0	0	0	0	0	0	0
S(0,4)Correlat	0.0035249237	0	0	0	0	0	0	0	0	0	0	0	0	0	0	0
S(0,4)SumOfSqs	346.06584	0	0	0	0	0	0	0	0	0	0	0	0	0	0	0
S(0,4)InvDfMom	0.046252974	0	0	0	0	0	0	0	0	0	0	0	0	0	0	0
S(0,4)SumAverg	64.111545	0	0	0	0	0	0	0	0	0	0	0	0	0	0	0
S(0,4)SumVarnc	694.57139	0	0	0	0	0	0	0	0	0	0	0	0	0	0	0
S(0,4)SumEntrp	2.0259412	0	0	0	0	0	0	0	0	0	0	0	0	0	0	0
S(0,4)Entropy	3.600835	0	0	0	0	0	0	0	0	0	0	0	0	0	0	0
S(0,4)DifVarnc	229.40351	0	0	0	0	0	0	0	0	0	0	0	0	0	0	0
S(0,4)DifEntrp	1.7286772	0	0	0	0	0	0	0	0	0	0	0	0	0	0	0
_Area_S(4,4)	127008	0	0	0	0	0	0	0	0	0	0	0	0	0	0	0
S(4,4)AngScMom	0.00025696236	0	0	0	0	0	0	0	0	0	0	0	0	0	0	0
S(4,4)Contrast	693.85484	0	0	0	0	0	0	0	0	0	0	0	0	0	0	0
S(4,4)Correlat	-0.0019473639	0	0	0	0	0	0	0	0	0	0	0	0	0	0	0
S(4,4)SumOfSqs	346.25314	0	0	0	0	0	0	0	0	0	0	0	0	0	0	0
S(4,4)InvDfMom	0.046440452	0	0	0	0	0	0	0	0	0	0	0	0	0	0	0
S(4,4)SumAverg	64.102419	0	0	0	0	0	0	0	0	0	0	0	0	0	0	0
S(4,4)SumVarnc	691.15772	0	0	0	0	0	0	0	0	0	0	0	0	0	0	0
S(4,4)SumEntrp	2.0248733	0	0	0	0	0	0	0	0	0	0	0	0	0	0	0
S(4,4)Entropy	3.6010561	0	0	0	0	0	0	0	0	0	0	0	0	0	0	0
S(4,4)DifVarnc	231.93793	0	0	0	0	0	0	0	0	0	0	0	0	0	0	0
S(4,4)DifEntrp	1.7298898	0	0	0	0	0	0	0	0	0	0	0	0	0	0	0
_Area_S(4,-4)	127008	0	0	0	0	0	0	0	0	0	0	0	0	0	0	0
S(4,-4)AngScMom	0.00025750702	0	0	0	0	0	0	0	0	0	0	0	0	0	0	0
S(4,-4)Contrast	697.66657	0	0	0	0	0	0	0	0	0	0	0	0	0	0	0
S(4,-4)Correlat	-0.0074735572	0	0	0	0	0	0	0	0	0	0	0	0	0	0	0
S(4,-4)SumOfSqs	346.2456	0	0	0	0	0	0	0	0	0	0	0	0	0	0	0
S(4,-4)InvDfMom	0.04750735	0	0	0	0	0	0	0	0	0	0	0	0	0	0	0
S(4,-4)SumAverg	64.102387	0	0	0	0	0	0	0	0	0	0	0	0	0	0	0
S(4,-4)SumVarnc	687.31583	0	0	0	0	0	0	0	0	0	0	0	0	0	0	0
S(4,-4)SumEntrp	2.023885	0	0	0	0	0	0	0	0	0	0	0	0	0	0	0
S(4,-4)Entropy	3.6004902	0	0	0	0	0	0	0	0	0	0	0	0	0	0	0
S(4,-4)DifVarnc	233.51054	0	0	0	0	0	0	0	0	0	0	0	0	0	0	0
S(4,-4)DifEntrp	1.7309215	0	0	0	0	0	0	0	0	0	0	0	0	0	0	0
_Area_S(5,0)	128512	0	0	0	0	0	0	0	0	0	0	0	0	0	0	0
S(5,0)AngScMom	0.00025722229	0	0	0	0	0	0	0	0	0	0	0	0	0	0	0
S(5,0)Contrast	689.91898	0	0	0	0	0	0	0	0	0	0	0	0	0	0	0
S(5,0)Correlat	0.0047373418	0	0	0	0	0	0	0	0	0	0	0	0	0	0	0
S(5,0)SumOfSqs	346.60146	0	0	0	0	0	0	0	0	0	0	0	0	0	0	0
S(5,0)InvDfMom	0.047284301	0	0	0	0	0	0	0	0	0	0	0	0	0	0	0
S(5,0)SumAverg	64.155534	0	0	0	0	0	0	0	0	0	0	0	0	0	0	0
S(5,0)SumVarnc	696.48686	0	0	0	0	0	0	0	0	0	0	0	0	0	0	0
S(5,0)SumEntrp	2.0267146	0	0	0	0	0	0	0	0	0	0	0	0	0	0	0
S(5,0)Entropy	3.6007758	0	0	0	0	0	0	0	0	0	0	0	0	0	0	0
S(5,0)DifVarnc	231.1836	0	0	0	0	0	0	0	0	0	0	0	0	0	0	0
S(5,0)DifEntrp	1.7287541	0	0	0	0	0	0	0	0	0	0	0	0	0	0	0
_Area_S(0,5)	128512	0	0	0	0	0	0	0	0	0	0	0	0	0	0	0
S(0,5)AngScMom	0.00025737766	0	0	0	0	0	0	0	0	0	0	0	0	0	0	0
S(0,5)Contrast	694.55003	0	0	0	0	0	0	0	0	0	0	0	0	0	0	0
S(0,5)Correlat	-0.0035828684	0	0	0	0	0	0	0	0	0	0	0	0	0	0	0
S(0,5)SumOfSqs	346.03522	0	0	0	0	0	0	0	0	0	0	0	0	0	0	0
S(0,5)InvDfMom	0.046998934	0	0	0	0	0	0	0	0	0	0	0	0	0	0	0
S(0,5)SumAverg	64.114744	0	0	0	0	0	0	0	0	0	0	0	0	0	0	0
S(0,5)SumVarnc	689.59084	0	0	0	0	0	0	0	0	0	0	0	0	0	0	0
S(0,5)SumEntrp	2.0248558	0	0	0	0	0	0	0	0	0	0	0	0	0	0	0
S(0,5)Entropy	3.6005888	0	0	0	0	0	0	0	0	0	0	0	0	0	0	0
S(0,5)DifVarnc	231.47454	0	0	0	0	0	0	0	0	0	0	0	0	0	0	0
S(0,5)DifEntrp	1.7304038	0	0	0	0	0	0	0	0	0	0	0	0	0	0	0
_Area_S(5,5)	126002	0	0	0	0	0	0	0	0	0	0	0	0	0	0	0
S(5,5)AngScMom	0.00025764652	0	0	0	0	0	0	0	0	0	0	0	0	0	0	0
S(5,5)Contrast	690.42403	0	0	0	0	0	0	0	0	0	0	0	0	0	0	0
S(5,5)Correlat	0.0026418319	0	0	0	0	0	0	0	0	0	0	0	0	0	0	0
S(5,5)SumOfSqs	346.12642	0	0	0	0	0	0	0	0	0	0	0	0	0	0	0
S(5,5)InvDfMom	0.046364942	0	0	0	0	0	0	0	0	0	0	0	0	0	0	0
S(5,5)SumAverg	64.102475	0	0	0	0	0	0	0	0	0	0	0	0	0	0	0
S(5,5)SumVarnc	694.08166	0	0	0	0	0	0	0	0	0	0	0	0	0	0	0
S(5,5)SumEntrp	2.0257418	0	0	0	0	0	0	0	0	0	0	0	0	0	0	0
S(5,5)Entropy	3.6003957	0	0	0	0	0	0	0	0	0	0	0	0	0	0	0
S(5,5)DifVarnc	229.37415	0	0	0	0	0	0	0	0	0	0	0	0	0	0	0
S(5,5)DifEntrp	1.7287315	0	0	0	0	0	0	0	0	0	0	0	0	0	0	0
_Area_S(5,-5)	126002	0	0	0	0	0	0	0	0	0	0	0	0	0	0	0
S(5,-5)AngScMom	0.00025748112	0	0	0	0	0	0	0	0	0	0	0	0	0	0	0
S(5,-5)Contrast	695.40437	0	0	0	0	0	0	0	0	0	0	0	0	0	0	0
S(5,-5)Correlat	-0.0045406989	0	0	0	0	0	0	0	0	0	0	0	0	0	0	0
S(5,-5)SumOfSqs	346.13051	0	0	0	0	0	0	0	0	0	0	0	0	0	0	0
S(5,-5)InvDfMom	0.046976609	0	0	0	0	0	0	0	0	0	0	0	0	0	0	0
S(5,-5)SumAverg	64.102681	0	0	0	0	0	0	0	0	0	0	0	0	0	0	0
S(5,-5)SumVarnc	689.11768	0	0	0	0	0	0	0	0	0	0	0	0	0	0	0
S(5,-5)SumEntrp	2.0245376	0	0	0	0	0	0	0	0	0	0	0	0	0	0	0
S(5,-5)Entropy	3.6004974	0	0	0	0	0	0	0	0	0	0	0	0	0	0	0
S(5,-5)DifVarnc	230.49176	0	0	0	0	0	0	0	0	0	0	0	0	0	0	0
S(5,-5)DifEntrp	1.7303197	0	0	0	0	0	0	0	0	0	0	0	0	0	0	0
Horzl_RLNonUni	61628.18	0	0	0	0	0	0	0	0	0	0	0	0	0	0	0
Horzl_GLevNonU	1013.2142	0	0	0	0	0	0	0	0	0	0	0	0	0	0	0
Horzl_LngREmph	1.0646413	0	0	0	0	0	0	0	0	0	0	0	0	0	0	0
Horzl_ShrtREmp	0.9846625	0	0	0	0	0	0	0	0	0	0	0	0	0	0	0
Horzl_Fraction	0.97938538	0	0	0	0	0	0	0	0	0	0	0	0	0	0	0
Vertl_RLNonUni	62490.732	0	0	0	0	0	0	0	0	0	0	0	0	0	0	0
Vertl_GLevNonU	1018.427	0	0	0	0	0	0	0	0	0	0	0	0	0	0	0
Vertl_LngREmph	1.0487604	0	0	0	0	0	0	0	0	0	0	0	0	0	0	0
Vertl_ShrtREmp	0.98810274	0	0	0	0	0	0	0	0	0	0	0	0	0	0	0
Vertl_Fraction	0.98417664	0	0	0	0	0	0	0	0	0	0	0	0	0	0	0
45dgr_RLNonUni	62357.933	0	0	0	0	0	0	0	0	0	0	0	0	0	0	0
45dgr_GLevNonU	1017.6187	0	0	0	0	0	0	0	0	0	0	0	0	0	0	0
45dgr_LngREmph	1.0505919	0	0	0	0	0	0	0	0	0	0	0	0	0	0	0
45dgr_ShrtREmp	0.98755889	0	0	0	0	0	0	0	0	0	0	0	0	0	0	0
45dgr_Fraction	0.98353577	0	0	0	0	0	0	0	0	0	0	0	0	0	0	0
135dr_RLNonUni	62477.955	0	0	0	0	0	0	0	0	0	0	0	0	0	0	0
135dr_GLevNonU	1018.0986	0	0	0	0	0	0	0	0	0	0	0	0	0	0	0
135dr_LngREmph	1.0490278	0	0	0	0	0	0	0	0	0	0	0	0	0	0	0
135dr_ShrtREmp	0.98805315	0	0	0	0	0	0	0	0	0	0	0	0	0	0	0
135dr_Fraction	0.98410034	0	0	0	0	0	0	0	0	0	0	0	0	0	0	0
_AreaGr	64516	0	0	0	0	0	0	0	0	0	0	0	0	0	0	0
GrMean	8.2808129	0	0	0	0	0	0	0	0	0	0	0	0	0	0	0
GrVariance	15.619423	0	0	0	0	0	0	0	0	0	0	0	0	0	0	0
GrSkewness	0.17433127	0	0	0	0	0	0	0	0	0	0	0	0	0	0	0
GrKurtosis	-0.66212399	0	0	0	0	0	0	0	0	0	0	0	0	0	0	0
GrNonZeros	0.99561349	0	0	0	0	0	0	0	0	0	0	0	0	0	0	0
_AreaARM	64770	0	0	0	0	0	0	0	0	0	0	0	0	0	0	0
Teta1	0.077114795	0	0	0	0	0	0	0	0	0	0	0	0	0	0	0
Teta2	-0.0028713254	0	0	0	0	0	0	0	0	0	0	0	0	0	0	0
Teta3	6.6421852e-05	0	0	0	0	0	0	0	0	0	0	0	0	0	0	0
Teta4	0.0030334832	0	0	0	0	0	0	0	0	0	0	0	0	0	0	0
Sigma	0.99664665	0	0	0	0	0	0	0	0	0	0	0	0	0	0	0
WavEnLL_s-1	17335.193	0	0	0	0	0	0	0	0	0	0	0	0	0	0	0
WavEnLH_s-1	1482.469	0	0	0	0	0	0	0	0	0	0	0	0	0	0	0
WavEnHL_s-1	1288.4517	0	0	0	0	0	0	0	0	0	0	0	0	0	0	0
WavEnHH_s-1	1278.3044	0	0	0	0	0	0	0	0	0	0	0	0	0	0	0
WavEnLL_s-2	16239.011	0	0	0	0	0	0	0	0	0	0	0	0	0	0	0
WavEnLH_s-2	414.38801	0	0	0	0	0	0	0	0	0	0	0	0	0	0	0
WavEnHL_s-2	350.59674	0	0	0	0	0	0	0	0	0	0	0	0	0	0	0
WavEnHH_s-2	331.19728	0	0	0	0	0	0	0	0	0	0	0	0	0	0	0
WavEnLL_s-3	15933.721	0	0	0	0	0	0	0	0	0	0	0	0	0	0	0
WavEnLH_s-3	114.62161	0	0	0	0	0	0	0	0	0	0	0	0	0	0	0
WavEnHL_s-3	95.440151	0	0	0	0	0	0	0	0	0	0	0	0	0	0	0
WavEnHH_s-3	95.228206	0	0	0	0	0	0	0	0	0	0	0	0	0	0	0
WavEnLL_s-4	15854.155	0	0	0	0	0	0	0	0	0	0	0	0	0	0	0
WavEnLH_s-4	24.572034	0	0	0	0	0	0	0	0	0	0	0	0	0	0	0
WavEnHL_s-4	28.493756	0	0	0	0	0	0	0	0	0	0	0	0	0	0	0
WavEnHH_s-4	26.499933	0	0	0	0	0	0	0	0	0	0	0	0	0	0	0
