Image File: sand1-a-p011.png 
ROI File: allred.roi 
Image size: 256 x 256
Min. lum.: 1
Max. lum.: 256
Bits/pixel: 8

Normalisation =  No
Histogram analysis = Yes
CO matrix analysis = Yes, Dimensions = 6 x 6, Distances = 1 2 3 4 5
RL matrix analysis = Yes, Dimension = 6
Gradient analysis = Yes, Max pixel value = 16
AR model analysis = Yes
Wavelet analysis = Yes

--------------- CLASS NAMES ----------------

----------------- FEATURES -----------------
_Area	65536	0	0	0	0	0	0	0	0	0	0	0	0	0	0	0
Mean	130.13263	0	0	0	0	0	0	0	0	0	0	0	0	0	0	0
Variance	5486.647	0	0	0	0	0	0	0	0	0	0	0	0	0	0	0
Skewness	-0.018333551	0	0	0	0	0	0	0	0	0	0	0	0	0	0	0
Kurtosis	-1.194928	0	0	0	0	0	0	0	0	0	0	0	0	0	0	0
Perc.01%	3	0	0	0	0	0	0	0	0	0	0	0	0	0	0	0
Perc.10%	27	0	0	0	0	0	0	0	0	0	0	0	0	0	0	0
Perc.50%	131	0	0	0	0	0	0	0	0	0	0	0	0	0	0	0
Perc.90%	232	0	0	0	0	0	0	0	0	0	0	0	0	0	0	0
Perc.99%	254	0	0	0	0	0	0	0	0	0	0	0	0	0	0	0
_Area_S(1,0)	130560	0	0	0	0	0	0	0	0	0	0	0	0	0	0	0
S(1,0)AngScMom	0.00026408347	0	0	0	0	0	0	0	0	0	0	0	0	0	0	0
S(1,0)Contrast	636.6775	0	0	0	0	0	0	0	0	0	0	0	0	0	0	0
S(1,0)Correlat	0.06986484	0	0	0	0	0	0	0	0	0	0	0	0	0	0	0
S(1,0)SumOfSqs	342.24999	0	0	0	0	0	0	0	0	0	0	0	0	0	0	0
S(1,0)InvDfMom	0.053205834	0	0	0	0	0	0	0	0	0	0	0	0	0	0	0
S(1,0)SumAverg	65.815058	0	0	0	0	0	0	0	0	0	0	0	0	0	0	0
S(1,0)SumVarnc	732.32246	0	0	0	0	0	0	0	0	0	0	0	0	0	0	0
S(1,0)SumEntrp	2.0361248	0	0	0	0	0	0	0	0	0	0	0	0	0	0	0
S(1,0)Entropy	3.5964206	0	0	0	0	0	0	0	0	0	0	0	0	0	0	0
S(1,0)DifVarnc	217.43493	0	0	0	0	0	0	0	0	0	0	0	0	0	0	0
S(1,0)DifEntrp	1.7137819	0	0	0	0	0	0	0	0	0	0	0	0	0	0	0
_Area_S(0,1)	130560	0	0	0	0	0	0	0	0	0	0	0	0	0	0	0
S(0,1)AngScMom	0.00025417271	0	0	0	0	0	0	0	0	0	0	0	0	0	0	0
S(0,1)Contrast	688.55233	0	0	0	0	0	0	0	0	0	0	0	0	0	0	0
S(0,1)Correlat	-0.0060649718	0	0	0	0	0	0	0	0	0	0	0	0	0	0	0
S(0,1)SumOfSqs	342.20073	0	0	0	0	0	0	0	0	0	0	0	0	0	0	0
S(0,1)InvDfMom	0.046913242	0	0	0	0	0	0	0	0	0	0	0	0	0	0	0
S(0,1)SumAverg	65.825214	0	0	0	0	0	0	0	0	0	0	0	0	0	0	0
S(0,1)SumVarnc	680.25058	0	0	0	0	0	0	0	0	0	0	0	0	0	0	0
S(0,1)SumEntrp	2.0225696	0	0	0	0	0	0	0	0	0	0	0	0	0	0	0
S(0,1)Entropy	3.6033823	0	0	0	0	0	0	0	0	0	0	0	0	0	0	0
S(0,1)DifVarnc	230.21329	0	0	0	0	0	0	0	0	0	0	0	0	0	0	0
S(0,1)DifEntrp	1.7283063	0	0	0	0	0	0	0	0	0	0	0	0	0	0	0
_Area_S(1,1)	130050	0	0	0	0	0	0	0	0	0	0	0	0	0	0	0
S(1,1)AngScMom	0.0002540896	0	0	0	0	0	0	0	0	0	0	0	0	0	0	0
S(1,1)Contrast	683.46687	0	0	0	0	0	0	0	0	0	0	0	0	0	0	0
S(1,1)Correlat	0.001272826	0	0	0	0	0	0	0	0	0	0	0	0	0	0	0
S(1,1)SumOfSqs	342.16895	0	0	0	0	0	0	0	0	0	0	0	0	0	0	0
S(1,1)InvDfMom	0.04624175	0	0	0	0	0	0	0	0	0	0	0	0	0	0	0
S(1,1)SumAverg	65.832111	0	0	0	0	0	0	0	0	0	0	0	0	0	0	0
S(1,1)SumVarnc	685.20895	0	0	0	0	0	0	0	0	0	0	0	0	0	0	0
S(1,1)SumEntrp	2.0235359	0	0	0	0	0	0	0	0	0	0	0	0	0	0	0
S(1,1)Entropy	3.6033854	0	0	0	0	0	0	0	0	0	0	0	0	0	0	0
S(1,1)DifVarnc	227.99283	0	0	0	0	0	0	0	0	0	0	0	0	0	0	0
S(1,1)DifEntrp	1.7269615	0	0	0	0	0	0	0	0	0	0	0	0	0	0	0
_Area_S(1,-1)	130050	0	0	0	0	0	0	0	0	0	0	0	0	0	0	0
S(1,-1)AngScMom	0.00025398293	0	0	0	0	0	0	0	0	0	0	0	0	0	0	0
S(1,-1)Contrast	684.63759	0	0	0	0	0	0	0	0	0	0	0	0	0	0	0
S(1,-1)Correlat	-0.00044721573	0	0	0	0	0	0	0	0	0	0	0	0	0	0	0
S(1,-1)SumOfSqs	342.16577	0	0	0	0	0	0	0	0	0	0	0	0	0	0	0
S(1,-1)InvDfMom	0.046807616	0	0	0	0	0	0	0	0	0	0	0	0	0	0	0
S(1,-1)SumAverg	65.831373	0	0	0	0	0	0	0	0	0	0	0	0	0	0	0
S(1,-1)SumVarnc	684.0255	0	0	0	0	0	0	0	0	0	0	0	0	0	0	0
S(1,-1)SumEntrp	2.0235232	0	0	0	0	0	0	0	0	0	0	0	0	0	0	0
S(1,-1)Entropy	3.6035543	0	0	0	0	0	0	0	0	0	0	0	0	0	0	0
S(1,-1)DifVarnc	228.25461	0	0	0	0	0	0	0	0	0	0	0	0	0	0	0
S(1,-1)DifEntrp	1.7277385	0	0	0	0	0	0	0	0	0	0	0	0	0	0	0
_Area_S(2,0)	130048	0	0	0	0	0	0	0	0	0	0	0	0	0	0	0
S(2,0)AngScMom	0.00025536831	0	0	0	0	0	0	0	0	0	0	0	0	0	0	0
S(2,0)Contrast	665.47587	0	0	0	0	0	0	0	0	0	0	0	0	0	0	0
S(2,0)Correlat	0.027559798	0	0	0	0	0	0	0	0	0	0	0	0	0	0	0
S(2,0)SumOfSqs	342.16802	0	0	0	0	0	0	0	0	0	0	0	0	0	0	0
S(2,0)InvDfMom	0.049080069	0	0	0	0	0	0	0	0	0	0	0	0	0	0	0
S(2,0)SumAverg	65.82368	0	0	0	0	0	0	0	0	0	0	0	0	0	0	0
S(2,0)SumVarnc	703.1962	0	0	0	0	0	0	0	0	0	0	0	0	0	0	0
S(2,0)SumEntrp	2.0290524	0	0	0	0	0	0	0	0	0	0	0	0	0	0	0
S(2,0)Entropy	3.6023683	0	0	0	0	0	0	0	0	0	0	0	0	0	0	0
S(2,0)DifVarnc	223.54979	0	0	0	0	0	0	0	0	0	0	0	0	0	0	0
S(2,0)DifEntrp	1.7222407	0	0	0	0	0	0	0	0	0	0	0	0	0	0	0
_Area_S(0,2)	130048	0	0	0	0	0	0	0	0	0	0	0	0	0	0	0
S(0,2)AngScMom	0.00025415453	0	0	0	0	0	0	0	0	0	0	0	0	0	0	0
S(0,2)Contrast	684.25141	0	0	0	0	0	0	0	0	0	0	0	0	0	0	0
S(0,2)Correlat	-0.00015137275	0	0	0	0	0	0	0	0	0	0	0	0	0	0	0
S(0,2)SumOfSqs	342.07393	0	0	0	0	0	0	0	0	0	0	0	0	0	0	0
S(0,2)InvDfMom	0.046456006	0	0	0	0	0	0	0	0	0	0	0	0	0	0	0
S(0,2)SumAverg	65.786356	0	0	0	0	0	0	0	0	0	0	0	0	0	0	0
S(0,2)SumVarnc	684.04429	0	0	0	0	0	0	0	0	0	0	0	0	0	0	0
S(0,2)SumEntrp	2.0233395	0	0	0	0	0	0	0	0	0	0	0	0	0	0	0
S(0,2)Entropy	3.6034315	0	0	0	0	0	0	0	0	0	0	0	0	0	0	0
S(0,2)DifVarnc	227.74072	0	0	0	0	0	0	0	0	0	0	0	0	0	0	0
S(0,2)DifEntrp	1.7275274	0	0	0	0	0	0	0	0	0	0	0	0	0	0	0
_Area_S(2,2)	129032	0	0	0	0	0	0	0	0	0	0	0	0	0	0	0
S(2,2)AngScMom	0.00025435754	0	0	0	0	0	0	0	0	0	0	0	0	0	0	0
S(2,2)Contrast	679.47013	0	0	0	0	0	0	0	0	0	0	0	0	0	0	0
S(2,2)Correlat	0.006509862	0	0	0	0	0	0	0	0	0	0	0	0	0	0	0
S(2,2)SumOfSqs	341.96119	0	0	0	0	0	0	0	0	0	0	0	0	0	0	0
S(2,2)InvDfMom	0.047814293	0	0	0	0	0	0	0	0	0	0	0	0	0	0	0
S(2,2)SumAverg	65.802421	0	0	0	0	0	0	0	0	0	0	0	0	0	0	0
S(2,2)SumVarnc	688.37461	0	0	0	0	0	0	0	0	0	0	0	0	0	0	0
S(2,2)SumEntrp	2.0242399	0	0	0	0	0	0	0	0	0	0	0	0	0	0	0
S(2,2)Entropy	3.6031899	0	0	0	0	0	0	0	0	0	0	0	0	0	0	0
S(2,2)DifVarnc	228.22641	0	0	0	0	0	0	0	0	0	0	0	0	0	0	0
S(2,2)DifEntrp	1.7262702	0	0	0	0	0	0	0	0	0	0	0	0	0	0	0
_Area_S(2,-2)	129032	0	0	0	0	0	0	0	0	0	0	0	0	0	0	0
S(2,-2)AngScMom	0.00025414407	0	0	0	0	0	0	0	0	0	0	0	0	0	0	0
S(2,-2)Contrast	682.01759	0	0	0	0	0	0	0	0	0	0	0	0	0	0	0
S(2,-2)Correlat	0.0027546552	0	0	0	0	0	0	0	0	0	0	0	0	0	0	0
S(2,-2)SumOfSqs	341.95075	0	0	0	0	0	0	0	0	0	0	0	0	0	0	0
S(2,-2)InvDfMom	0.047253865	0	0	0	0	0	0	0	0	0	0	0	0	0	0	0
S(2,-2)SumAverg	65.800065	0	0	0	0	0	0	0	0	0	0	0	0	0	0	0
S(2,-2)SumVarnc	685.78542	0	0	0	0	0	0	0	0	0	0	0	0	0	0	0
S(2,-2)SumEntrp	2.0236936	0	0	0	0	0	0	0	0	0	0	0	0	0	0	0
S(2,-2)Entropy	3.6034306	0	0	0	0	0	0	0	0	0	0	0	0	0	0	0
S(2,-2)DifVarnc	226.37351	0	0	0	0	0	0	0	0	0	0	0	0	0	0	0
S(2,-2)DifEntrp	1.7264743	0	0	0	0	0	0	0	0	0	0	0	0	0	0	0
_Area_S(3,0)	129536	0	0	0	0	0	0	0	0	0	0	0	0	0	0	0
S(3,0)AngScMom	0.00025447259	0	0	0	0	0	0	0	0	0	0	0	0	0	0	0
S(3,0)Contrast	673.96222	0	0	0	0	0	0	0	0	0	0	0	0	0	0	0
S(3,0)Correlat	0.015160213	0	0	0	0	0	0	0	0	0	0	0	0	0	0	0
S(3,0)SumOfSqs	342.16846	0	0	0	0	0	0	0	0	0	0	0	0	0	0	0
S(3,0)InvDfMom	0.048595386	0	0	0	0	0	0	0	0	0	0	0	0	0	0	0
S(3,0)SumAverg	65.819432	0	0	0	0	0	0	0	0	0	0	0	0	0	0	0
S(3,0)SumVarnc	694.71161	0	0	0	0	0	0	0	0	0	0	0	0	0	0	0
S(3,0)SumEntrp	2.026366	0	0	0	0	0	0	0	0	0	0	0	0	0	0	0
S(3,0)Entropy	3.6031534	0	0	0	0	0	0	0	0	0	0	0	0	0	0	0
S(3,0)DifVarnc	226.75479	0	0	0	0	0	0	0	0	0	0	0	0	0	0	0
S(3,0)DifEntrp	1.7249069	0	0	0	0	0	0	0	0	0	0	0	0	0	0	0
_Area_S(0,3)	129536	0	0	0	0	0	0	0	0	0	0	0	0	0	0	0
S(0,3)AngScMom	0.00025418319	0	0	0	0	0	0	0	0	0	0	0	0	0	0	0
S(0,3)Contrast	681.82443	0	0	0	0	0	0	0	0	0	0	0	0	0	0	0
S(0,3)Correlat	0.0032529117	0	0	0	0	0	0	0	0	0	0	0	0	0	0	0
S(0,3)SumOfSqs	342.02479	0	0	0	0	0	0	0	0	0	0	0	0	0	0	0
S(0,3)InvDfMom	0.047164258	0	0	0	0	0	0	0	0	0	0	0	0	0	0	0
S(0,3)SumAverg	65.776386	0	0	0	0	0	0	0	0	0	0	0	0	0	0	0
S(0,3)SumVarnc	686.27474	0	0	0	0	0	0	0	0	0	0	0	0	0	0	0
S(0,3)SumEntrp	2.0239551	0	0	0	0	0	0	0	0	0	0	0	0	0	0	0
S(0,3)Entropy	3.603413	0	0	0	0	0	0	0	0	0	0	0	0	0	0	0
S(0,3)DifVarnc	228.67979	0	0	0	0	0	0	0	0	0	0	0	0	0	0	0
S(0,3)DifEntrp	1.7267377	0	0	0	0	0	0	0	0	0	0	0	0	0	0	0
_Area_S(3,3)	128018	0	0	0	0	0	0	0	0	0	0	0	0	0	0	0
S(3,3)AngScMom	0.00025429322	0	0	0	0	0	0	0	0	0	0	0	0	0	0	0
S(3,3)Contrast	678.08352	0	0	0	0	0	0	0	0	0	0	0	0	0	0	0
S(3,3)Correlat	0.0083869285	0	0	0	0	0	0	0	0	0	0	0	0	0	0	0
S(3,3)SumOfSqs	341.90933	0	0	0	0	0	0	0	0	0	0	0	0	0	0	0
S(3,3)InvDfMom	0.047646647	0	0	0	0	0	0	0	0	0	0	0	0	0	0	0
S(3,3)SumAverg	65.788655	0	0	0	0	0	0	0	0	0	0	0	0	0	0	0
S(3,3)SumVarnc	689.5538	0	0	0	0	0	0	0	0	0	0	0	0	0	0	0
S(3,3)SumEntrp	2.0248256	0	0	0	0	0	0	0	0	0	0	0	0	0	0	0
S(3,3)Entropy	3.6033002	0	0	0	0	0	0	0	0	0	0	0	0	0	0	0
S(3,3)DifVarnc	226.6772	0	0	0	0	0	0	0	0	0	0	0	0	0	0	0
S(3,3)DifEntrp	1.7257807	0	0	0	0	0	0	0	0	0	0	0	0	0	0	0
_Area_S(3,-3)	128018	0	0	0	0	0	0	0	0	0	0	0	0	0	0	0
S(3,-3)AngScMom	0.00025474134	0	0	0	0	0	0	0	0	0	0	0	0	0	0	0
S(3,-3)Contrast	685.35378	0	0	0	0	0	0	0	0	0	0	0	0	0	0	0
S(3,-3)Correlat	-0.0022954625	0	0	0	0	0	0	0	0	0	0	0	0	0	0	0
S(3,-3)SumOfSqs	341.89209	0	0	0	0	0	0	0	0	0	0	0	0	0	0	0
S(3,-3)InvDfMom	0.047060318	0	0	0	0	0	0	0	0	0	0	0	0	0	0	0
S(3,-3)SumAverg	65.784624	0	0	0	0	0	0	0	0	0	0	0	0	0	0	0
S(3,-3)SumVarnc	682.21458	0	0	0	0	0	0	0	0	0	0	0	0	0	0	0
S(3,-3)SumEntrp	2.0229439	0	0	0	0	0	0	0	0	0	0	0	0	0	0	0
S(3,-3)Entropy	3.6028565	0	0	0	0	0	0	0	0	0	0	0	0	0	0	0
S(3,-3)DifVarnc	227.44366	0	0	0	0	0	0	0	0	0	0	0	0	0	0	0
S(3,-3)DifEntrp	1.7274406	0	0	0	0	0	0	0	0	0	0	0	0	0	0	0
_Area_S(4,0)	129024	0	0	0	0	0	0	0	0	0	0	0	0	0	0	0
S(4,0)AngScMom	0.0002545598	0	0	0	0	0	0	0	0	0	0	0	0	0	0	0
S(4,0)Contrast	685.89965	0	0	0	0	0	0	0	0	0	0	0	0	0	0	0
S(4,0)Correlat	-0.0023397138	0	0	0	0	0	0	0	0	0	0	0	0	0	0	0
S(4,0)SumOfSqs	342.14929	0	0	0	0	0	0	0	0	0	0	0	0	0	0	0
S(4,0)InvDfMom	0.047392781	0	0	0	0	0	0	0	0	0	0	0	0	0	0	0
S(4,0)SumAverg	65.829675	0	0	0	0	0	0	0	0	0	0	0	0	0	0	0
S(4,0)SumVarnc	682.69752	0	0	0	0	0	0	0	0	0	0	0	0	0	0	0
S(4,0)SumEntrp	2.0231316	0	0	0	0	0	0	0	0	0	0	0	0	0	0	0
S(4,0)Entropy	3.6030939	0	0	0	0	0	0	0	0	0	0	0	0	0	0	0
S(4,0)DifVarnc	229.04746	0	0	0	0	0	0	0	0	0	0	0	0	0	0	0
S(4,0)DifEntrp	1.7276746	0	0	0	0	0	0	0	0	0	0	0	0	0	0	0
_Area_S(0,4)	129024	0	0	0	0	0	0	0	0	0	0	0	0	0	0	0
S(0,4)AngScMom	0.00025434835	0	0	0	0	0	0	0	0	0	0	0	0	0	0	0
S(0,4)Contrast	684.22607	0	0	0	0	0	0	0	0	0	0	0	0	0	0	0
S(0,4)Correlat	-0.00034054013	0	0	0	0	0	0	0	0	0	0	0	0	0	0	0
S(0,4)SumOfSqs	341.99657	0	0	0	0	0	0	0	0	0	0	0	0	0	0	0
S(0,4)InvDfMom	0.046341395	0	0	0	0	0	0	0	0	0	0	0	0	0	0	0
S(0,4)SumAverg	65.783451	0	0	0	0	0	0	0	0	0	0	0	0	0	0	0
S(0,4)SumVarnc	683.76021	0	0	0	0	0	0	0	0	0	0	0	0	0	0	0
S(0,4)SumEntrp	2.0230968	0	0	0	0	0	0	0	0	0	0	0	0	0	0	0
S(0,4)Entropy	3.6032329	0	0	0	0	0	0	0	0	0	0	0	0	0	0	0
S(0,4)DifVarnc	227.354	0	0	0	0	0	0	0	0	0	0	0	0	0	0	0
S(0,4)DifEntrp	1.7274066	0	0	0	0	0	0	0	0	0	0	0	0	0	0	0
_Area_S(4,4)	127008	0	0	0	0	0	0	0	0	0	0	0	0	0	0	0
S(4,4)AngScMom	0.00025445799	0	0	0	0	0	0	0	0	0	0	0	0	0	0	0
S(4,4)Contrast	684.84009	0	0	0	0	0	0	0	0	0	0	0	0	0	0	0
S(4,4)Correlat	-0.0016395979	0	0	0	0	0	0	0	0	0	0	0	0	0	0	0
S(4,4)SumOfSqs	341.85953	0	0	0	0	0	0	0	0	0	0	0	0	0	0	0
S(4,4)InvDfMom	0.046197317	0	0	0	0	0	0	0	0	0	0	0	0	0	0	0
S(4,4)SumAverg	65.805634	0	0	0	0	0	0	0	0	0	0	0	0	0	0	0
S(4,4)SumVarnc	682.59804	0	0	0	0	0	0	0	0	0	0	0	0	0	0	0
S(4,4)SumEntrp	2.0228478	0	0	0	0	0	0	0	0	0	0	0	0	0	0	0
S(4,4)Entropy	3.603124	0	0	0	0	0	0	0	0	0	0	0	0	0	0	0
S(4,4)DifVarnc	228.09957	0	0	0	0	0	0	0	0	0	0	0	0	0	0	0
S(4,4)DifEntrp	1.7274042	0	0	0	0	0	0	0	0	0	0	0	0	0	0	0
_Area_S(4,-4)	127008	0	0	0	0	0	0	0	0	0	0	0	0	0	0	0
S(4,-4)AngScMom	0.00025478829	0	0	0	0	0	0	0	0	0	0	0	0	0	0	0
S(4,-4)Contrast	678.6566	0	0	0	0	0	0	0	0	0	0	0	0	0	0	0
S(4,-4)Correlat	0.0073818752	0	0	0	0	0	0	0	0	0	0	0	0	0	0	0
S(4,-4)SumOfSqs	341.85181	0	0	0	0	0	0	0	0	0	0	0	0	0	0	0
S(4,-4)InvDfMom	0.047417177	0	0	0	0	0	0	0	0	0	0	0	0	0	0	0
S(4,-4)SumAverg	65.802831	0	0	0	0	0	0	0	0	0	0	0	0	0	0	0
S(4,-4)SumVarnc	688.75063	0	0	0	0	0	0	0	0	0	0	0	0	0	0	0
S(4,-4)SumEntrp	2.0248431	0	0	0	0	0	0	0	0	0	0	0	0	0	0	0
S(4,-4)Entropy	3.6028737	0	0	0	0	0	0	0	0	0	0	0	0	0	0	0
S(4,-4)DifVarnc	226.69715	0	0	0	0	0	0	0	0	0	0	0	0	0	0	0
S(4,-4)DifEntrp	1.7259054	0	0	0	0	0	0	0	0	0	0	0	0	0	0	0
_Area_S(5,0)	128512	0	0	0	0	0	0	0	0	0	0	0	0	0	0	0
S(5,0)AngScMom	0.00025461671	0	0	0	0	0	0	0	0	0	0	0	0	0	0	0
S(5,0)Contrast	682.43702	0	0	0	0	0	0	0	0	0	0	0	0	0	0	0
S(5,0)Correlat	0.0026080828	0	0	0	0	0	0	0	0	0	0	0	0	0	0	0
S(5,0)SumOfSqs	342.11076	0	0	0	0	0	0	0	0	0	0	0	0	0	0	0
S(5,0)InvDfMom	0.04719765	0	0	0	0	0	0	0	0	0	0	0	0	0	0	0
S(5,0)SumAverg	65.824748	0	0	0	0	0	0	0	0	0	0	0	0	0	0	0
S(5,0)SumVarnc	686.00603	0	0	0	0	0	0	0	0	0	0	0	0	0	0	0
S(5,0)SumEntrp	2.0238162	0	0	0	0	0	0	0	0	0	0	0	0	0	0	0
S(5,0)Entropy	3.602951	0	0	0	0	0	0	0	0	0	0	0	0	0	0	0
S(5,0)DifVarnc	227.40138	0	0	0	0	0	0	0	0	0	0	0	0	0	0	0
S(5,0)DifEntrp	1.7270991	0	0	0	0	0	0	0	0	0	0	0	0	0	0	0
_Area_S(0,5)	128512	0	0	0	0	0	0	0	0	0	0	0	0	0	0	0
S(0,5)AngScMom	0.00025455749	0	0	0	0	0	0	0	0	0	0	0	0	0	0	0
S(0,5)Contrast	678.46019	0	0	0	0	0	0	0	0	0	0	0	0	0	0	0
S(0,5)Correlat	0.0080908371	0	0	0	0	0	0	0	0	0	0	0	0	0	0	0
S(0,5)SumOfSqs	341.99714	0	0	0	0	0	0	0	0	0	0	0	0	0	0	0
S(0,5)InvDfMom	0.047431453	0	0	0	0	0	0	0	0	0	0	0	0	0	0	0
S(0,5)SumAverg	65.784954	0	0	0	0	0	0	0	0	0	0	0	0	0	0	0
S(0,5)SumVarnc	689.52836	0	0	0	0	0	0	0	0	0	0	0	0	0	0	0
S(0,5)SumEntrp	2.0245899	0	0	0	0	0	0	0	0	0	0	0	0	0	0	0
S(0,5)Entropy	3.6030155	0	0	0	0	0	0	0	0	0	0	0	0	0	0	0
S(0,5)DifVarnc	226.5828	0	0	0	0	0	0	0	0	0	0	0	0	0	0	0
S(0,5)DifEntrp	1.7260751	0	0	0	0	0	0	0	0	0	0	0	0	0	0	0
_Area_S(5,5)	126002	0	0	0	0	0	0	0	0	0	0	0	0	0	0	0
S(5,5)AngScMom	0.0002546097	0	0	0	0	0	0	0	0	0	0	0	0	0	0	0
S(5,5)Contrast	683.55329	0	0	0	0	0	0	0	0	0	0	0	0	0	0	0
S(5,5)Correlat	0.00016262519	0	0	0	0	0	0	0	0	0	0	0	0	0	0	0
S(5,5)SumOfSqs	341.83224	0	0	0	0	0	0	0	0	0	0	0	0	0	0	0
S(5,5)InvDfMom	0.046558264	0	0	0	0	0	0	0	0	0	0	0	0	0	0	0
S(5,5)SumAverg	65.801797	0	0	0	0	0	0	0	0	0	0	0	0	0	0	0
S(5,5)SumVarnc	683.77565	0	0	0	0	0	0	0	0	0	0	0	0	0	0	0
S(5,5)SumEntrp	2.0232001	0	0	0	0	0	0	0	0	0	0	0	0	0	0	0
S(5,5)Entropy	3.6029775	0	0	0	0	0	0	0	0	0	0	0	0	0	0	0
S(5,5)DifVarnc	227.25104	0	0	0	0	0	0	0	0	0	0	0	0	0	0	0
S(5,5)DifEntrp	1.7270477	0	0	0	0	0	0	0	0	0	0	0	0	0	0	0
_Area_S(5,-5)	126002	0	0	0	0	0	0	0	0	0	0	0	0	0	0	0
S(5,-5)AngScMom	0.00025487122	0	0	0	0	0	0	0	0	0	0	0	0	0	0	0
S(5,-5)Contrast	684.30438	0	0	0	0	0	0	0	0	0	0	0	0	0	0	0
S(5,-5)Correlat	-0.00098857416	0	0	0	0	0	0	0	0	0	0	0	0	0	0	0
S(5,-5)SumOfSqs	341.81428	0	0	0	0	0	0	0	0	0	0	0	0	0	0	0
S(5,-5)InvDfMom	0.046619118	0	0	0	0	0	0	0	0	0	0	0	0	0	0	0
S(5,-5)SumAverg	65.800067	0	0	0	0	0	0	0	0	0	0	0	0	0	0	0
S(5,-5)SumVarnc	682.95274	0	0	0	0	0	0	0	0	0	0	0	0	0	0	0
S(5,-5)SumEntrp	2.0233173	0	0	0	0	0	0	0	0	0	0	0	0	0	0	0
S(5,-5)Entropy	3.6027553	0	0	0	0	0	0	0	0	0	0	0	0	0	0	0
S(5,-5)DifVarnc	227.37058	0	0	0	0	0	0	0	0	0	0	0	0	0	0	0
S(5,-5)DifEntrp	1.7274116	0	0	0	0	0	0	0	0	0	0	0	0	0	0	0
Horzl_RLNonUni	61775.521	0	0	0	0	0	0	0	0	0	0	0	0	0	0	0
Horzl_GLevNonU	1008.5369	0	0	0	0	0	0	0	0	0	0	0	0	0	0	0
Horzl_LngREmph	1.0620505	0	0	0	0	0	0	0	0	0	0	0	0	0	0	0
Horzl_ShrtREmp	0.9852587	0	0	0	0	0	0	0	0	0	0	0	0	0	0	0
Horzl_Fraction	0.98019409	0	0	0	0	0	0	0	0	0	0	0	0	0	0	0
Vertl_RLNonUni	62655.583	0	0	0	0	0	0	0	0	0	0	0	0	0	0	0
Vertl_GLevNonU	1013.9145	0	0	0	0	0	0	0	0	0	0	0	0	0	0	0
Vertl_LngREmph	1.0457411	0	0	0	0	0	0	0	0	0	0	0	0	0	0	0
Vertl_ShrtREmp	0.98875404	0	0	0	0	0	0	0	0	0	0	0	0	0	0	0
Vertl_Fraction	0.98509216	0	0	0	0	0	0	0	0	0	0	0	0	0	0	0
45dgr_RLNonUni	62668.227	0	0	0	0	0	0	0	0	0	0	0	0	0	0	0
45dgr_GLevNonU	1013.9751	0	0	0	0	0	0	0	0	0	0	0	0	0	0	0
45dgr_LngREmph	1.0456615	0	0	0	0	0	0	0	0	0	0	0	0	0	0	0
45dgr_ShrtREmp	0.98880835	0	0	0	0	0	0	0	0	0	0	0	0	0	0	0
45dgr_Fraction	0.98513794	0	0	0	0	0	0	0	0	0	0	0	0	0	0	0
135dr_RLNonUni	62518.922	0	0	0	0	0	0	0	0	0	0	0	0	0	0	0
135dr_GLevNonU	1012.9683	0	0	0	0	0	0	0	0	0	0	0	0	0	0	0
135dr_LngREmph	1.0485536	0	0	0	0	0	0	0	0	0	0	0	0	0	0	0
135dr_ShrtREmp	0.98822332	0	0	0	0	0	0	0	0	0	0	0	0	0	0	0
135dr_Fraction	0.98428345	0	0	0	0	0	0	0	0	0	0	0	0	0	0	0
_AreaGr	64516	0	0	0	0	0	0	0	0	0	0	0	0	0	0	0
GrMean	8.2716067	0	0	0	0	0	0	0	0	0	0	0	0	0	0	0
GrVariance	15.528226	0	0	0	0	0	0	0	0	0	0	0	0	0	0	0
GrSkewness	0.1831164	0	0	0	0	0	0	0	0	0	0	0	0	0	0	0
GrKurtosis	-0.65006141	0	0	0	0	0	0	0	0	0	0	0	0	0	0	0
GrNonZeros	0.99593899	0	0	0	0	0	0	0	0	0	0	0	0	0	0	0
_AreaARM	64770	0	0	0	0	0	0	0	0	0	0	0	0	0	0	0
Teta1	0.068910441	0	0	0	0	0	0	0	0	0	0	0	0	0	0	0
Teta2	0.00043524973	0	0	0	0	0	0	0	0	0	0	0	0	0	0	0
Teta3	-0.006492086	0	0	0	0	0	0	0	0	0	0	0	0	0	0	0
Teta4	0.0020953757	0	0	0	0	0	0	0	0	0	0	0	0	0	0	0
Sigma	0.99704375	0	0	0	0	0	0	0	0	0	0	0	0	0	0	0
WavEnLL_s-1	18120.736	0	0	0	0	0	0	0	0	0	0	0	0	0	0	0
WavEnLH_s-1	1481.9714	0	0	0	0	0	0	0	0	0	0	0	0	0	0	0
WavEnHL_s-1	1286.4671	0	0	0	0	0	0	0	0	0	0	0	0	0	0	0
WavEnHH_s-1	1272.708	0	0	0	0	0	0	0	0	0	0	0	0	0	0	0
WavEnLL_s-2	17054.002	0	0	0	0	0	0	0	0	0	0	0	0	0	0	0
WavEnLH_s-2	392.64024	0	0	0	0	0	0	0	0	0	0	0	0	0	0	0
WavEnHL_s-2	341.86496	0	0	0	0	0	0	0	0	0	0	0	0	0	0	0
WavEnHH_s-2	332.22879	0	0	0	0	0	0	0	0	0	0	0	0	0	0	0
WavEnLL_s-3	16776.588	0	0	0	0	0	0	0	0	0	0	0	0	0	0	0
WavEnLH_s-3	102.83571	0	0	0	0	0	0	0	0	0	0	0	0	0	0	0
WavEnHL_s-3	89.714818	0	0	0	0	0	0	0	0	0	0	0	0	0	0	0
WavEnHH_s-3	84.863537	0	0	0	0	0	0	0	0	0	0	0	0	0	0	0
WavEnLL_s-4	16708.13	0	0	0	0	0	0	0	0	0	0	0	0	0	0	0
WavEnLH_s-4	22.579418	0	0	0	0	0	0	0	0	0	0	0	0	0	0	0
WavEnHL_s-4	24.839874	0	0	0	0	0	0	0	0	0	0	0	0	0	0	0
WavEnHH_s-4	21.038905	0	0	0	0	0	0	0	0	0	0	0	0	0	0	0
