Image File: sand1-a-p004.png 
ROI File: allred.roi 
Image size: 256 x 256
Min. lum.: 1
Max. lum.: 256
Bits/pixel: 8

Normalisation =  No
Histogram analysis = Yes
CO matrix analysis = Yes, Dimensions = 6 x 6, Distances = 1 2 3 4 5
RL matrix analysis = Yes, Dimension = 6
Gradient analysis = Yes, Max pixel value = 16
AR model analysis = Yes
Wavelet analysis = Yes

--------------- CLASS NAMES ----------------

----------------- FEATURES -----------------
_Area	65536	0	0	0	0	0	0	0	0	0	0	0	0	0	0	0
Mean	130.6179	0	0	0	0	0	0	0	0	0	0	0	0	0	0	0
Variance	5531.5489	0	0	0	0	0	0	0	0	0	0	0	0	0	0	0
Skewness	-0.01352748	0	0	0	0	0	0	0	0	0	0	0	0	0	0	0
Kurtosis	-1.2053913	0	0	0	0	0	0	0	0	0	0	0	0	0	0	0
Perc.01%	3	0	0	0	0	0	0	0	0	0	0	0	0	0	0	0
Perc.10%	28	0	0	0	0	0	0	0	0	0	0	0	0	0	0	0
Perc.50%	131	0	0	0	0	0	0	0	0	0	0	0	0	0	0	0
Perc.90%	234	0	0	0	0	0	0	0	0	0	0	0	0	0	0	0
Perc.99%	254	0	0	0	0	0	0	0	0	0	0	0	0	0	0	0
_Area_S(1,0)	130560	0	0	0	0	0	0	0	0	0	0	0	0	0	0	0
S(1,0)AngScMom	0.00026271915	0	0	0	0	0	0	0	0	0	0	0	0	0	0	0
S(1,0)Contrast	647.35487	0	0	0	0	0	0	0	0	0	0	0	0	0	0	0
S(1,0)Correlat	0.062081435	0	0	0	0	0	0	0	0	0	0	0	0	0	0	0
S(1,0)SumOfSqs	345.10185	0	0	0	0	0	0	0	0	0	0	0	0	0	0	0
S(1,0)InvDfMom	0.053105723	0	0	0	0	0	0	0	0	0	0	0	0	0	0	0
S(1,0)SumAverg	66.042862	0	0	0	0	0	0	0	0	0	0	0	0	0	0	0
S(1,0)SumVarnc	733.05254	0	0	0	0	0	0	0	0	0	0	0	0	0	0	0
S(1,0)SumEntrp	2.0359163	0	0	0	0	0	0	0	0	0	0	0	0	0	0	0
S(1,0)Entropy	3.5973732	0	0	0	0	0	0	0	0	0	0	0	0	0	0	0
S(1,0)DifVarnc	220.85265	0	0	0	0	0	0	0	0	0	0	0	0	0	0	0
S(1,0)DifEntrp	1.7172369	0	0	0	0	0	0	0	0	0	0	0	0	0	0	0
_Area_S(0,1)	130560	0	0	0	0	0	0	0	0	0	0	0	0	0	0	0
S(0,1)AngScMom	0.00025449055	0	0	0	0	0	0	0	0	0	0	0	0	0	0	0
S(0,1)Contrast	692.77724	0	0	0	0	0	0	0	0	0	0	0	0	0	0	0
S(0,1)Correlat	-0.0045951835	0	0	0	0	0	0	0	0	0	0	0	0	0	0	0
S(0,1)SumOfSqs	344.80418	0	0	0	0	0	0	0	0	0	0	0	0	0	0	0
S(0,1)InvDfMom	0.046367202	0	0	0	0	0	0	0	0	0	0	0	0	0	0	0
S(0,1)SumAverg	66.048346	0	0	0	0	0	0	0	0	0	0	0	0	0	0	0
S(0,1)SumVarnc	686.43948	0	0	0	0	0	0	0	0	0	0	0	0	0	0	0
S(0,1)SumEntrp	2.0239446	0	0	0	0	0	0	0	0	0	0	0	0	0	0	0
S(0,1)Entropy	3.6031265	0	0	0	0	0	0	0	0	0	0	0	0	0	0	0
S(0,1)DifVarnc	230.04758	0	0	0	0	0	0	0	0	0	0	0	0	0	0	0
S(0,1)DifEntrp	1.7291313	0	0	0	0	0	0	0	0	0	0	0	0	0	0	0
_Area_S(1,1)	130050	0	0	0	0	0	0	0	0	0	0	0	0	0	0	0
S(1,1)AngScMom	0.00025469056	0	0	0	0	0	0	0	0	0	0	0	0	0	0	0
S(1,1)Contrast	685.87333	0	0	0	0	0	0	0	0	0	0	0	0	0	0	0
S(1,1)Correlat	0.0053666179	0	0	0	0	0	0	0	0	0	0	0	0	0	0	0
S(1,1)SumOfSqs	344.787	0	0	0	0	0	0	0	0	0	0	0	0	0	0	0
S(1,1)InvDfMom	0.048465568	0	0	0	0	0	0	0	0	0	0	0	0	0	0	0
S(1,1)SumAverg	66.04123	0	0	0	0	0	0	0	0	0	0	0	0	0	0	0
S(1,1)SumVarnc	693.27469	0	0	0	0	0	0	0	0	0	0	0	0	0	0	0
S(1,1)SumEntrp	2.0257718	0	0	0	0	0	0	0	0	0	0	0	0	0	0	0
S(1,1)Entropy	3.602899	0	0	0	0	0	0	0	0	0	0	0	0	0	0	0
S(1,1)DifVarnc	229.9029	0	0	0	0	0	0	0	0	0	0	0	0	0	0	0
S(1,1)DifEntrp	1.7278339	0	0	0	0	0	0	0	0	0	0	0	0	0	0	0
_Area_S(1,-1)	130050	0	0	0	0	0	0	0	0	0	0	0	0	0	0	0
S(1,-1)AngScMom	0.00025519396	0	0	0	0	0	0	0	0	0	0	0	0	0	0	0
S(1,-1)Contrast	691.29629	0	0	0	0	0	0	0	0	0	0	0	0	0	0	0
S(1,-1)Correlat	-0.002527396	0	0	0	0	0	0	0	0	0	0	0	0	0	0	0
S(1,-1)SumOfSqs	344.77676	0	0	0	0	0	0	0	0	0	0	0	0	0	0	0
S(1,-1)InvDfMom	0.046791976	0	0	0	0	0	0	0	0	0	0	0	0	0	0	0
S(1,-1)SumAverg	66.041476	0	0	0	0	0	0	0	0	0	0	0	0	0	0	0
S(1,-1)SumVarnc	687.81074	0	0	0	0	0	0	0	0	0	0	0	0	0	0	0
S(1,-1)SumEntrp	2.0243755	0	0	0	0	0	0	0	0	0	0	0	0	0	0	0
S(1,-1)Entropy	3.6025363	0	0	0	0	0	0	0	0	0	0	0	0	0	0	0
S(1,-1)DifVarnc	230.38937	0	0	0	0	0	0	0	0	0	0	0	0	0	0	0
S(1,-1)DifEntrp	1.729075	0	0	0	0	0	0	0	0	0	0	0	0	0	0	0
_Area_S(2,0)	130048	0	0	0	0	0	0	0	0	0	0	0	0	0	0	0
S(2,0)AngScMom	0.00025577925	0	0	0	0	0	0	0	0	0	0	0	0	0	0	0
S(2,0)Contrast	671.05809	0	0	0	0	0	0	0	0	0	0	0	0	0	0	0
S(2,0)Correlat	0.027675031	0	0	0	0	0	0	0	0	0	0	0	0	0	0	0
S(2,0)SumOfSqs	345.07912	0	0	0	0	0	0	0	0	0	0	0	0	0	0	0
S(2,0)InvDfMom	0.04891483	0	0	0	0	0	0	0	0	0	0	0	0	0	0	0
S(2,0)SumAverg	66.03754	0	0	0	0	0	0	0	0	0	0	0	0	0	0	0
S(2,0)SumVarnc	709.25839	0	0	0	0	0	0	0	0	0	0	0	0	0	0	0
S(2,0)SumEntrp	2.0302641	0	0	0	0	0	0	0	0	0	0	0	0	0	0	0
S(2,0)Entropy	3.6021037	0	0	0	0	0	0	0	0	0	0	0	0	0	0	0
S(2,0)DifVarnc	225.93076	0	0	0	0	0	0	0	0	0	0	0	0	0	0	0
S(2,0)DifEntrp	1.7235407	0	0	0	0	0	0	0	0	0	0	0	0	0	0	0
_Area_S(0,2)	130048	0	0	0	0	0	0	0	0	0	0	0	0	0	0	0
S(0,2)AngScMom	0.00025513771	0	0	0	0	0	0	0	0	0	0	0	0	0	0	0
S(0,2)Contrast	692.06728	0	0	0	0	0	0	0	0	0	0	0	0	0	0	0
S(0,2)Correlat	-0.0037917966	0	0	0	0	0	0	0	0	0	0	0	0	0	0	0
S(0,2)SumOfSqs	344.72651	0	0	0	0	0	0	0	0	0	0	0	0	0	0	0
S(0,2)InvDfMom	0.046337584	0	0	0	0	0	0	0	0	0	0	0	0	0	0	0
S(0,2)SumAverg	66.024806	0	0	0	0	0	0	0	0	0	0	0	0	0	0	0
S(0,2)SumVarnc	686.83875	0	0	0	0	0	0	0	0	0	0	0	0	0	0	0
S(0,2)SumEntrp	2.0239545	0	0	0	0	0	0	0	0	0	0	0	0	0	0	0
S(0,2)Entropy	3.60253	0	0	0	0	0	0	0	0	0	0	0	0	0	0	0
S(0,2)DifVarnc	229.79678	0	0	0	0	0	0	0	0	0	0	0	0	0	0	0
S(0,2)DifEntrp	1.729318	0	0	0	0	0	0	0	0	0	0	0	0	0	0	0
_Area_S(2,2)	129032	0	0	0	0	0	0	0	0	0	0	0	0	0	0	0
S(2,2)AngScMom	0.00025527205	0	0	0	0	0	0	0	0	0	0	0	0	0	0	0
S(2,2)Contrast	689.08844	0	0	0	0	0	0	0	0	0	0	0	0	0	0	0
S(2,2)Correlat	0.00038839423	0	0	0	0	0	0	0	0	0	0	0	0	0	0	0
S(2,2)SumOfSqs	344.67809	0	0	0	0	0	0	0	0	0	0	0	0	0	0	0
S(2,2)InvDfMom	0.047280616	0	0	0	0	0	0	0	0	0	0	0	0	0	0	0
S(2,2)SumAverg	66.011625	0	0	0	0	0	0	0	0	0	0	0	0	0	0	0
S(2,2)SumVarnc	689.62393	0	0	0	0	0	0	0	0	0	0	0	0	0	0	0
S(2,2)SumEntrp	2.024741	0	0	0	0	0	0	0	0	0	0	0	0	0	0	0
S(2,2)Entropy	3.6024306	0	0	0	0	0	0	0	0	0	0	0	0	0	0	0
S(2,2)DifVarnc	230.33361	0	0	0	0	0	0	0	0	0	0	0	0	0	0	0
S(2,2)DifEntrp	1.7285874	0	0	0	0	0	0	0	0	0	0	0	0	0	0	0
_Area_S(2,-2)	129032	0	0	0	0	0	0	0	0	0	0	0	0	0	0	0
S(2,-2)AngScMom	0.00025503709	0	0	0	0	0	0	0	0	0	0	0	0	0	0	0
S(2,-2)Contrast	690.30622	0	0	0	0	0	0	0	0	0	0	0	0	0	0	0
S(2,-2)Correlat	-0.001364302	0	0	0	0	0	0	0	0	0	0	0	0	0	0	0
S(2,-2)SumOfSqs	344.68286	0	0	0	0	0	0	0	0	0	0	0	0	0	0	0
S(2,-2)InvDfMom	0.04627147	0	0	0	0	0	0	0	0	0	0	0	0	0	0	0
S(2,-2)SumAverg	66.013051	0	0	0	0	0	0	0	0	0	0	0	0	0	0	0
S(2,-2)SumVarnc	688.42521	0	0	0	0	0	0	0	0	0	0	0	0	0	0	0
S(2,-2)SumEntrp	2.0245904	0	0	0	0	0	0	0	0	0	0	0	0	0	0	0
S(2,-2)Entropy	3.6026329	0	0	0	0	0	0	0	0	0	0	0	0	0	0	0
S(2,-2)DifVarnc	229.74758	0	0	0	0	0	0	0	0	0	0	0	0	0	0	0
S(2,-2)DifEntrp	1.7287254	0	0	0	0	0	0	0	0	0	0	0	0	0	0	0
_Area_S(3,0)	129536	0	0	0	0	0	0	0	0	0	0	0	0	0	0	0
S(3,0)AngScMom	0.00025556356	0	0	0	0	0	0	0	0	0	0	0	0	0	0	0
S(3,0)Contrast	679.90514	0	0	0	0	0	0	0	0	0	0	0	0	0	0	0
S(3,0)Correlat	0.014626081	0	0	0	0	0	0	0	0	0	0	0	0	0	0	0
S(3,0)SumOfSqs	344.99855	0	0	0	0	0	0	0	0	0	0	0	0	0	0	0
S(3,0)InvDfMom	0.048701893	0	0	0	0	0	0	0	0	0	0	0	0	0	0	0
S(3,0)SumAverg	66.032578	0	0	0	0	0	0	0	0	0	0	0	0	0	0	0
S(3,0)SumVarnc	700.08904	0	0	0	0	0	0	0	0	0	0	0	0	0	0	0
S(3,0)SumEntrp	2.0279013	0	0	0	0	0	0	0	0	0	0	0	0	0	0	0
S(3,0)Entropy	3.6021462	0	0	0	0	0	0	0	0	0	0	0	0	0	0	0
S(3,0)DifVarnc	227.86612	0	0	0	0	0	0	0	0	0	0	0	0	0	0	0
S(3,0)DifEntrp	1.7261263	0	0	0	0	0	0	0	0	0	0	0	0	0	0	0
_Area_S(0,3)	129536	0	0	0	0	0	0	0	0	0	0	0	0	0	0	0
S(0,3)AngScMom	0.00025501122	0	0	0	0	0	0	0	0	0	0	0	0	0	0	0
S(0,3)Contrast	686.57357	0	0	0	0	0	0	0	0	0	0	0	0	0	0	0
S(0,3)Correlat	0.0041657118	0	0	0	0	0	0	0	0	0	0	0	0	0	0	0
S(0,3)SumOfSqs	344.7228	0	0	0	0	0	0	0	0	0	0	0	0	0	0	0
S(0,3)InvDfMom	0.046938418	0	0	0	0	0	0	0	0	0	0	0	0	0	0	0
S(0,3)SumAverg	66.022403	0	0	0	0	0	0	0	0	0	0	0	0	0	0	0
S(0,3)SumVarnc	692.31763	0	0	0	0	0	0	0	0	0	0	0	0	0	0	0
S(0,3)SumEntrp	2.0254034	0	0	0	0	0	0	0	0	0	0	0	0	0	0	0
S(0,3)Entropy	3.6027089	0	0	0	0	0	0	0	0	0	0	0	0	0	0	0
S(0,3)DifVarnc	229.99905	0	0	0	0	0	0	0	0	0	0	0	0	0	0	0
S(0,3)DifEntrp	1.7280127	0	0	0	0	0	0	0	0	0	0	0	0	0	0	0
_Area_S(3,3)	128018	0	0	0	0	0	0	0	0	0	0	0	0	0	0	0
S(3,3)AngScMom	0.00025516431	0	0	0	0	0	0	0	0	0	0	0	0	0	0	0
S(3,3)Contrast	682.56428	0	0	0	0	0	0	0	0	0	0	0	0	0	0	0
S(3,3)Correlat	0.0095996308	0	0	0	0	0	0	0	0	0	0	0	0	0	0	0
S(3,3)SumOfSqs	344.59008	0	0	0	0	0	0	0	0	0	0	0	0	0	0	0
S(3,3)InvDfMom	0.048350977	0	0	0	0	0	0	0	0	0	0	0	0	0	0	0
S(3,3)SumAverg	66.003765	0	0	0	0	0	0	0	0	0	0	0	0	0	0	0
S(3,3)SumVarnc	695.79603	0	0	0	0	0	0	0	0	0	0	0	0	0	0	0
S(3,3)SumEntrp	2.026236	0	0	0	0	0	0	0	0	0	0	0	0	0	0	0
S(3,3)Entropy	3.6025354	0	0	0	0	0	0	0	0	0	0	0	0	0	0	0
S(3,3)DifVarnc	229.01317	0	0	0	0	0	0	0	0	0	0	0	0	0	0	0
S(3,3)DifEntrp	1.7270692	0	0	0	0	0	0	0	0	0	0	0	0	0	0	0
_Area_S(3,-3)	128018	0	0	0	0	0	0	0	0	0	0	0	0	0	0	0
S(3,-3)AngScMom	0.00025490731	0	0	0	0	0	0	0	0	0	0	0	0	0	0	0
S(3,-3)Contrast	686.25092	0	0	0	0	0	0	0	0	0	0	0	0	0	0	0
S(3,-3)Correlat	0.0042452406	0	0	0	0	0	0	0	0	0	0	0	0	0	0	0
S(3,-3)SumOfSqs	344.58832	0	0	0	0	0	0	0	0	0	0	0	0	0	0	0
S(3,-3)InvDfMom	0.047748201	0	0	0	0	0	0	0	0	0	0	0	0	0	0	0
S(3,-3)SumAverg	66.006952	0	0	0	0	0	0	0	0	0	0	0	0	0	0	0
S(3,-3)SumVarnc	692.10236	0	0	0	0	0	0	0	0	0	0	0	0	0	0	0
S(3,-3)SumEntrp	2.0254142	0	0	0	0	0	0	0	0	0	0	0	0	0	0	0
S(3,-3)Entropy	3.6028126	0	0	0	0	0	0	0	0	0	0	0	0	0	0	0
S(3,-3)DifVarnc	230.39183	0	0	0	0	0	0	0	0	0	0	0	0	0	0	0
S(3,-3)DifEntrp	1.7281779	0	0	0	0	0	0	0	0	0	0	0	0	0	0	0
_Area_S(4,0)	129024	0	0	0	0	0	0	0	0	0	0	0	0	0	0	0
S(4,0)AngScMom	0.00025497969	0	0	0	0	0	0	0	0	0	0	0	0	0	0	0
S(4,0)Contrast	681.98007	0	0	0	0	0	0	0	0	0	0	0	0	0	0	0
S(4,0)Correlat	0.011630363	0	0	0	0	0	0	0	0	0	0	0	0	0	0	0
S(4,0)SumOfSqs	345.00254	0	0	0	0	0	0	0	0	0	0	0	0	0	0	0
S(4,0)InvDfMom	0.047162689	0	0	0	0	0	0	0	0	0	0	0	0	0	0	0
S(4,0)SumAverg	66.036334	0	0	0	0	0	0	0	0	0	0	0	0	0	0	0
S(4,0)SumVarnc	698.03008	0	0	0	0	0	0	0	0	0	0	0	0	0	0	0
S(4,0)SumEntrp	2.0269858	0	0	0	0	0	0	0	0	0	0	0	0	0	0	0
S(4,0)Entropy	3.602718	0	0	0	0	0	0	0	0	0	0	0	0	0	0	0
S(4,0)DifVarnc	228.09036	0	0	0	0	0	0	0	0	0	0	0	0	0	0	0
S(4,0)DifEntrp	1.7263656	0	0	0	0	0	0	0	0	0	0	0	0	0	0	0
_Area_S(0,4)	129024	0	0	0	0	0	0	0	0	0	0	0	0	0	0	0
S(0,4)AngScMom	0.00025471646	0	0	0	0	0	0	0	0	0	0	0	0	0	0	0
S(0,4)Contrast	690.0775	0	0	0	0	0	0	0	0	0	0	0	0	0	0	0
S(0,4)Correlat	-0.00090705507	0	0	0	0	0	0	0	0	0	0	0	0	0	0	0
S(0,4)SumOfSqs	344.72607	0	0	0	0	0	0	0	0	0	0	0	0	0	0	0
S(0,4)InvDfMom	0.047392758	0	0	0	0	0	0	0	0	0	0	0	0	0	0	0
S(0,4)SumAverg	66.015687	0	0	0	0	0	0	0	0	0	0	0	0	0	0	0
S(0,4)SumVarnc	688.82676	0	0	0	0	0	0	0	0	0	0	0	0	0	0	0
S(0,4)SumEntrp	2.0244286	0	0	0	0	0	0	0	0	0	0	0	0	0	0	0
S(0,4)Entropy	3.6029776	0	0	0	0	0	0	0	0	0	0	0	0	0	0	0
S(0,4)DifVarnc	229.82231	0	0	0	0	0	0	0	0	0	0	0	0	0	0	0
S(0,4)DifEntrp	1.7287134	0	0	0	0	0	0	0	0	0	0	0	0	0	0	0
_Area_S(4,4)	127008	0	0	0	0	0	0	0	0	0	0	0	0	0	0	0
S(4,4)AngScMom	0.00025495678	0	0	0	0	0	0	0	0	0	0	0	0	0	0	0
S(4,4)Contrast	687.29563	0	0	0	0	0	0	0	0	0	0	0	0	0	0	0
S(4,4)Correlat	0.0027622172	0	0	0	0	0	0	0	0	0	0	0	0	0	0	0
S(4,4)SumOfSqs	344.59968	0	0	0	0	0	0	0	0	0	0	0	0	0	0	0
S(4,4)InvDfMom	0.047466483	0	0	0	0	0	0	0	0	0	0	0	0	0	0	0
S(4,4)SumAverg	66.002929	0	0	0	0	0	0	0	0	0	0	0	0	0	0	0
S(4,4)SumVarnc	691.10307	0	0	0	0	0	0	0	0	0	0	0	0	0	0	0
S(4,4)SumEntrp	2.0251189	0	0	0	0	0	0	0	0	0	0	0	0	0	0	0
S(4,4)Entropy	3.6028025	0	0	0	0	0	0	0	0	0	0	0	0	0	0	0
S(4,4)DifVarnc	230.04546	0	0	0	0	0	0	0	0	0	0	0	0	0	0	0
S(4,4)DifEntrp	1.7283617	0	0	0	0	0	0	0	0	0	0	0	0	0	0	0
_Area_S(4,-4)	127008	0	0	0	0	0	0	0	0	0	0	0	0	0	0	0
S(4,-4)AngScMom	0.00025539507	0	0	0	0	0	0	0	0	0	0	0	0	0	0	0
S(4,-4)Contrast	688.2332	0	0	0	0	0	0	0	0	0	0	0	0	0	0	0
S(4,-4)Correlat	0.0013493862	0	0	0	0	0	0	0	0	0	0	0	0	0	0	0
S(4,-4)SumOfSqs	344.58157	0	0	0	0	0	0	0	0	0	0	0	0	0	0	0
S(4,-4)InvDfMom	0.046119335	0	0	0	0	0	0	0	0	0	0	0	0	0	0	0
S(4,-4)SumAverg	66.004456	0	0	0	0	0	0	0	0	0	0	0	0	0	0	0
S(4,-4)SumVarnc	690.09309	0	0	0	0	0	0	0	0	0	0	0	0	0	0	0
S(4,-4)SumEntrp	2.0246663	0	0	0	0	0	0	0	0	0	0	0	0	0	0	0
S(4,-4)Entropy	3.6023315	0	0	0	0	0	0	0	0	0	0	0	0	0	0	0
S(4,-4)DifVarnc	228.93276	0	0	0	0	0	0	0	0	0	0	0	0	0	0	0
S(4,-4)DifEntrp	1.7280727	0	0	0	0	0	0	0	0	0	0	0	0	0	0	0
_Area_S(5,0)	128512	0	0	0	0	0	0	0	0	0	0	0	0	0	0	0
S(5,0)AngScMom	0.00025534246	0	0	0	0	0	0	0	0	0	0	0	0	0	0	0
S(5,0)Contrast	684.8519	0	0	0	0	0	0	0	0	0	0	0	0	0	0	0
S(5,0)Correlat	0.0075079173	0	0	0	0	0	0	0	0	0	0	0	0	0	0	0
S(5,0)SumOfSqs	345.01631	0	0	0	0	0	0	0	0	0	0	0	0	0	0	0
S(5,0)InvDfMom	0.04799681	0	0	0	0	0	0	0	0	0	0	0	0	0	0	0
S(5,0)SumAverg	66.033678	0	0	0	0	0	0	0	0	0	0	0	0	0	0	0
S(5,0)SumVarnc	695.21332	0	0	0	0	0	0	0	0	0	0	0	0	0	0	0
S(5,0)SumEntrp	2.0263289	0	0	0	0	0	0	0	0	0	0	0	0	0	0	0
S(5,0)Entropy	3.6023544	0	0	0	0	0	0	0	0	0	0	0	0	0	0	0
S(5,0)DifVarnc	230.16212	0	0	0	0	0	0	0	0	0	0	0	0	0	0	0
S(5,0)DifEntrp	1.7275057	0	0	0	0	0	0	0	0	0	0	0	0	0	0	0
_Area_S(0,5)	128512	0	0	0	0	0	0	0	0	0	0	0	0	0	0	0
S(0,5)AngScMom	0.00025503159	0	0	0	0	0	0	0	0	0	0	0	0	0	0	0
S(0,5)Contrast	689.84075	0	0	0	0	0	0	0	0	0	0	0	0	0	0	0
S(0,5)Correlat	-0.00073810243	0	0	0	0	0	0	0	0	0	0	0	0	0	0	0
S(0,5)SumOfSqs	344.66597	0	0	0	0	0	0	0	0	0	0	0	0	0	0	0
S(0,5)InvDfMom	0.047510708	0	0	0	0	0	0	0	0	0	0	0	0	0	0	0
S(0,5)SumAverg	66.010131	0	0	0	0	0	0	0	0	0	0	0	0	0	0	0
S(0,5)SumVarnc	688.82315	0	0	0	0	0	0	0	0	0	0	0	0	0	0	0
S(0,5)SumEntrp	2.0245995	0	0	0	0	0	0	0	0	0	0	0	0	0	0	0
S(0,5)Entropy	3.6026308	0	0	0	0	0	0	0	0	0	0	0	0	0	0	0
S(0,5)DifVarnc	231.09403	0	0	0	0	0	0	0	0	0	0	0	0	0	0	0
S(0,5)DifEntrp	1.7286742	0	0	0	0	0	0	0	0	0	0	0	0	0	0	0
_Area_S(5,5)	126002	0	0	0	0	0	0	0	0	0	0	0	0	0	0	0
S(5,5)AngScMom	0.00025551305	0	0	0	0	0	0	0	0	0	0	0	0	0	0	0
S(5,5)Contrast	688.03724	0	0	0	0	0	0	0	0	0	0	0	0	0	0	0
S(5,5)Correlat	0.0016332843	0	0	0	0	0	0	0	0	0	0	0	0	0	0	0
S(5,5)SumOfSqs	344.58142	0	0	0	0	0	0	0	0	0	0	0	0	0	0	0
S(5,5)InvDfMom	0.047715567	0	0	0	0	0	0	0	0	0	0	0	0	0	0	0
S(5,5)SumAverg	65.997841	0	0	0	0	0	0	0	0	0	0	0	0	0	0	0
S(5,5)SumVarnc	690.28844	0	0	0	0	0	0	0	0	0	0	0	0	0	0	0
S(5,5)SumEntrp	2.0247174	0	0	0	0	0	0	0	0	0	0	0	0	0	0	0
S(5,5)Entropy	3.6022462	0	0	0	0	0	0	0	0	0	0	0	0	0	0	0
S(5,5)DifVarnc	229.76427	0	0	0	0	0	0	0	0	0	0	0	0	0	0	0
S(5,5)DifEntrp	1.7285545	0	0	0	0	0	0	0	0	0	0	0	0	0	0	0
_Area_S(5,-5)	126002	0	0	0	0	0	0	0	0	0	0	0	0	0	0	0
S(5,-5)AngScMom	0.00025502264	0	0	0	0	0	0	0	0	0	0	0	0	0	0	0
S(5,-5)Contrast	687.43674	0	0	0	0	0	0	0	0	0	0	0	0	0	0	0
S(5,-5)Correlat	0.0023851439	0	0	0	0	0	0	0	0	0	0	0	0	0	0	0
S(5,-5)SumOfSqs	344.54015	0	0	0	0	0	0	0	0	0	0	0	0	0	0	0
S(5,-5)InvDfMom	0.046372558	0	0	0	0	0	0	0	0	0	0	0	0	0	0	0
S(5,-5)SumAverg	65.996667	0	0	0	0	0	0	0	0	0	0	0	0	0	0	0
S(5,-5)SumVarnc	690.72385	0	0	0	0	0	0	0	0	0	0	0	0	0	0	0
S(5,-5)SumEntrp	2.0250547	0	0	0	0	0	0	0	0	0	0	0	0	0	0	0
S(5,-5)Entropy	3.602699	0	0	0	0	0	0	0	0	0	0	0	0	0	0	0
S(5,-5)DifVarnc	228.9925	0	0	0	0	0	0	0	0	0	0	0	0	0	0	0
S(5,-5)DifEntrp	1.7281068	0	0	0	0	0	0	0	0	0	0	0	0	0	0	0
Horzl_RLNonUni	61721.613	0	0	0	0	0	0	0	0	0	0	0	0	0	0	0
Horzl_GLevNonU	1009.4072	0	0	0	0	0	0	0	0	0	0	0	0	0	0	0
Horzl_LngREmph	1.0623112	0	0	0	0	0	0	0	0	0	0	0	0	0	0	0
Horzl_ShrtREmp	0.98502067	0	0	0	0	0	0	0	0	0	0	0	0	0	0	0
Horzl_Fraction	0.98001099	0	0	0	0	0	0	0	0	0	0	0	0	0	0	0
Vertl_RLNonUni	62610.901	0	0	0	0	0	0	0	0	0	0	0	0	0	0	0
Vertl_GLevNonU	1014.8847	0	0	0	0	0	0	0	0	0	0	0	0	0	0	0
Vertl_LngREmph	1.0471985	0	0	0	0	0	0	0	0	0	0	0	0	0	0	0
Vertl_ShrtREmp	0.98859637	0	0	0	0	0	0	0	0	0	0	0	0	0	0	0
Vertl_Fraction	0.98474121	0	0	0	0	0	0	0	0	0	0	0	0	0	0	0
45dgr_RLNonUni	62360.545	0	0	0	0	0	0	0	0	0	0	0	0	0	0	0
45dgr_GLevNonU	1013.6226	0	0	0	0	0	0	0	0	0	0	0	0	0	0	0
45dgr_LngREmph	1.05092	0	0	0	0	0	0	0	0	0	0	0	0	0	0	0
45dgr_ShrtREmp	0.98758029	0	0	0	0	0	0	0	0	0	0	0	0	0	0	0
45dgr_Fraction	0.98348999	0	0	0	0	0	0	0	0	0	0	0	0	0	0	0
135dr_RLNonUni	62513.926	0	0	0	0	0	0	0	0	0	0	0	0	0	0	0
135dr_GLevNonU	1014.3438	0	0	0	0	0	0	0	0	0	0	0	0	0	0	0
135dr_LngREmph	1.0487574	0	0	0	0	0	0	0	0	0	0	0	0	0	0	0
135dr_ShrtREmp	0.98820684	0	0	0	0	0	0	0	0	0	0	0	0	0	0	0
135dr_Fraction	0.98423767	0	0	0	0	0	0	0	0	0	0	0	0	0	0	0
_AreaGr	64516	0	0	0	0	0	0	0	0	0	0	0	0	0	0	0
GrMean	8.3047034	0	0	0	0	0	0	0	0	0	0	0	0	0	0	0
GrVariance	15.737292	0	0	0	0	0	0	0	0	0	0	0	0	0	0	0
GrSkewness	0.18082497	0	0	0	0	0	0	0	0	0	0	0	0	0	0	0
GrKurtosis	-0.64709202	0	0	0	0	0	0	0	0	0	0	0	0	0	0	0
GrNonZeros	0.99581499	0	0	0	0	0	0	0	0	0	0	0	0	0	0	0
_AreaARM	64770	0	0	0	0	0	0	0	0	0	0	0	0	0	0	0
Teta1	0.060837471	0	0	0	0	0	0	0	0	0	0	0	0	0	0	0
Teta2	-0.0019383785	0	0	0	0	0	0	0	0	0	0	0	0	0	0	0
Teta3	-0.0053643609	0	0	0	0	0	0	0	0	0	0	0	0	0	0	0
Teta4	0.0052315327	0	0	0	0	0	0	0	0	0	0	0	0	0	0	0
Sigma	0.99731196	0	0	0	0	0	0	0	0	0	0	0	0	0	0	0
WavEnLL_s-1	18280.902	0	0	0	0	0	0	0	0	0	0	0	0	0	0	0
WavEnLH_s-1	1467.8093	0	0	0	0	0	0	0	0	0	0	0	0	0	0	0
WavEnHL_s-1	1276.9304	0	0	0	0	0	0	0	0	0	0	0	0	0	0	0
WavEnHH_s-1	1306.7087	0	0	0	0	0	0	0	0	0	0	0	0	0	0	0
WavEnLL_s-2	17187.133	0	0	0	0	0	0	0	0	0	0	0	0	0	0	0
WavEnLH_s-2	390.98927	0	0	0	0	0	0	0	0	0	0	0	0	0	0	0
WavEnHL_s-2	350.52928	0	0	0	0	0	0	0	0	0	0	0	0	0	0	0
WavEnHH_s-2	352.2505	0	0	0	0	0	0	0	0	0	0	0	0	0	0	0
WavEnLL_s-3	16907.21	0	0	0	0	0	0	0	0	0	0	0	0	0	0	0
WavEnLH_s-3	98.577591	0	0	0	0	0	0	0	0	0	0	0	0	0	0	0
WavEnHL_s-3	89.224413	0	0	0	0	0	0	0	0	0	0	0	0	0	0	0
WavEnHH_s-3	92.120146	0	0	0	0	0	0	0	0	0	0	0	0	0	0	0
WavEnLL_s-4	16831.074	0	0	0	0	0	0	0	0	0	0	0	0	0	0	0
WavEnLH_s-4	23.468694	0	0	0	0	0	0	0	0	0	0	0	0	0	0	0
WavEnHL_s-4	25.094437	0	0	0	0	0	0	0	0	0	0	0	0	0	0	0
WavEnHH_s-4	27.573315	0	0	0	0	0	0	0	0	0	0	0	0	0	0	0
