Image File: sand1-a-p034.png 
ROI File: allred.roi 
Image size: 256 x 256
Min. lum.: 1
Max. lum.: 256
Bits/pixel: 8

Normalisation =  No
Histogram analysis = Yes
CO matrix analysis = Yes, Dimensions = 6 x 6, Distances = 1 2 3 4 5
RL matrix analysis = Yes, Dimension = 6
Gradient analysis = Yes, Max pixel value = 16
AR model analysis = Yes
Wavelet analysis = Yes

--------------- CLASS NAMES ----------------

----------------- FEATURES -----------------
_Area	65536	0	0	0	0	0	0	0	0	0	0	0	0	0	0	0
Mean	130.22739	0	0	0	0	0	0	0	0	0	0	0	0	0	0	0
Variance	5529.125	0	0	0	0	0	0	0	0	0	0	0	0	0	0	0
Skewness	-0.014664893	0	0	0	0	0	0	0	0	0	0	0	0	0	0	0
Kurtosis	-1.208515	0	0	0	0	0	0	0	0	0	0	0	0	0	0	0
Perc.01%	3	0	0	0	0	0	0	0	0	0	0	0	0	0	0	0
Perc.10%	28	0	0	0	0	0	0	0	0	0	0	0	0	0	0	0
Perc.50%	130	0	0	0	0	0	0	0	0	0	0	0	0	0	0	0
Perc.90%	233	0	0	0	0	0	0	0	0	0	0	0	0	0	0	0
Perc.99%	254	0	0	0	0	0	0	0	0	0	0	0	0	0	0	0
_Area_S(1,0)	130560	0	0	0	0	0	0	0	0	0	0	0	0	0	0	0
S(1,0)AngScMom	0.00026931769	0	0	0	0	0	0	0	0	0	0	0	0	0	0	0
S(1,0)Contrast	633.84393	0	0	0	0	0	0	0	0	0	0	0	0	0	0	0
S(1,0)Correlat	0.080519064	0	0	0	0	0	0	0	0	0	0	0	0	0	0	0
S(1,0)SumOfSqs	344.67486	0	0	0	0	0	0	0	0	0	0	0	0	0	0	0
S(1,0)InvDfMom	0.054608557	0	0	0	0	0	0	0	0	0	0	0	0	0	0	0
S(1,0)SumAverg	65.858915	0	0	0	0	0	0	0	0	0	0	0	0	0	0	0
S(1,0)SumVarnc	744.85552	0	0	0	0	0	0	0	0	0	0	0	0	0	0	0
S(1,0)SumEntrp	2.0385602	0	0	0	0	0	0	0	0	0	0	0	0	0	0	0
S(1,0)Entropy	3.5929877	0	0	0	0	0	0	0	0	0	0	0	0	0	0	0
S(1,0)DifVarnc	218.71205	0	0	0	0	0	0	0	0	0	0	0	0	0	0	0
S(1,0)DifEntrp	1.7121136	0	0	0	0	0	0	0	0	0	0	0	0	0	0	0
_Area_S(0,1)	130560	0	0	0	0	0	0	0	0	0	0	0	0	0	0	0
S(0,1)AngScMom	0.00025483363	0	0	0	0	0	0	0	0	0	0	0	0	0	0	0
S(0,1)Contrast	693.62307	0	0	0	0	0	0	0	0	0	0	0	0	0	0	0
S(0,1)Correlat	-0.0064062531	0	0	0	0	0	0	0	0	0	0	0	0	0	0	0
S(0,1)SumOfSqs	344.60392	0	0	0	0	0	0	0	0	0	0	0	0	0	0	0
S(0,1)InvDfMom	0.046501577	0	0	0	0	0	0	0	0	0	0	0	0	0	0	0
S(0,1)SumAverg	65.835723	0	0	0	0	0	0	0	0	0	0	0	0	0	0	0
S(0,1)SumVarnc	684.79259	0	0	0	0	0	0	0	0	0	0	0	0	0	0	0
S(0,1)SumEntrp	2.0233547	0	0	0	0	0	0	0	0	0	0	0	0	0	0	0
S(0,1)Entropy	3.602842	0	0	0	0	0	0	0	0	0	0	0	0	0	0	0
S(0,1)DifVarnc	231.69709	0	0	0	0	0	0	0	0	0	0	0	0	0	0	0
S(0,1)DifEntrp	1.7293961	0	0	0	0	0	0	0	0	0	0	0	0	0	0	0
_Area_S(1,1)	130050	0	0	0	0	0	0	0	0	0	0	0	0	0	0	0
S(1,1)AngScMom	0.0002543915	0	0	0	0	0	0	0	0	0	0	0	0	0	0	0
S(1,1)Contrast	686.93057	0	0	0	0	0	0	0	0	0	0	0	0	0	0	0
S(1,1)Correlat	0.0029513155	0	0	0	0	0	0	0	0	0	0	0	0	0	0	0
S(1,1)SumOfSqs	344.48196	0	0	0	0	0	0	0	0	0	0	0	0	0	0	0
S(1,1)InvDfMom	0.047275465	0	0	0	0	0	0	0	0	0	0	0	0	0	0	0
S(1,1)SumAverg	65.843783	0	0	0	0	0	0	0	0	0	0	0	0	0	0	0
S(1,1)SumVarnc	690.99726	0	0	0	0	0	0	0	0	0	0	0	0	0	0	0
S(1,1)SumEntrp	2.0251931	0	0	0	0	0	0	0	0	0	0	0	0	0	0	0
S(1,1)Entropy	3.6031729	0	0	0	0	0	0	0	0	0	0	0	0	0	0	0
S(1,1)DifVarnc	230.00666	0	0	0	0	0	0	0	0	0	0	0	0	0	0	0
S(1,1)DifEntrp	1.7280436	0	0	0	0	0	0	0	0	0	0	0	0	0	0	0
_Area_S(1,-1)	130050	0	0	0	0	0	0	0	0	0	0	0	0	0	0	0
S(1,-1)AngScMom	0.0002545645	0	0	0	0	0	0	0	0	0	0	0	0	0	0	0
S(1,-1)Contrast	691.70016	0	0	0	0	0	0	0	0	0	0	0	0	0	0	0
S(1,-1)Correlat	-0.0039639952	0	0	0	0	0	0	0	0	0	0	0	0	0	0	0
S(1,-1)SumOfSqs	344.48455	0	0	0	0	0	0	0	0	0	0	0	0	0	0	0
S(1,-1)InvDfMom	0.04690992	0	0	0	0	0	0	0	0	0	0	0	0	0	0	0
S(1,-1)SumAverg	65.844137	0	0	0	0	0	0	0	0	0	0	0	0	0	0	0
S(1,-1)SumVarnc	686.23802	0	0	0	0	0	0	0	0	0	0	0	0	0	0	0
S(1,-1)SumEntrp	2.0238355	0	0	0	0	0	0	0	0	0	0	0	0	0	0	0
S(1,-1)Entropy	3.6030687	0	0	0	0	0	0	0	0	0	0	0	0	0	0	0
S(1,-1)DifVarnc	231.30947	0	0	0	0	0	0	0	0	0	0	0	0	0	0	0
S(1,-1)DifEntrp	1.7293792	0	0	0	0	0	0	0	0	0	0	0	0	0	0	0
_Area_S(2,0)	130048	0	0	0	0	0	0	0	0	0	0	0	0	0	0	0
S(2,0)AngScMom	0.00025638578	0	0	0	0	0	0	0	0	0	0	0	0	0	0	0
S(2,0)Contrast	675.90327	0	0	0	0	0	0	0	0	0	0	0	0	0	0	0
S(2,0)Correlat	0.019641071	0	0	0	0	0	0	0	0	0	0	0	0	0	0	0
S(2,0)SumOfSqs	344.72235	0	0	0	0	0	0	0	0	0	0	0	0	0	0	0
S(2,0)InvDfMom	0.048262239	0	0	0	0	0	0	0	0	0	0	0	0	0	0	0
S(2,0)SumAverg	65.867372	0	0	0	0	0	0	0	0	0	0	0	0	0	0	0
S(2,0)SumVarnc	702.98613	0	0	0	0	0	0	0	0	0	0	0	0	0	0	0
S(2,0)SumEntrp	2.0287904	0	0	0	0	0	0	0	0	0	0	0	0	0	0	0
S(2,0)Entropy	3.601647	0	0	0	0	0	0	0	0	0	0	0	0	0	0	0
S(2,0)DifVarnc	225.31803	0	0	0	0	0	0	0	0	0	0	0	0	0	0	0
S(2,0)DifEntrp	1.724833	0	0	0	0	0	0	0	0	0	0	0	0	0	0	0
_Area_S(0,2)	130048	0	0	0	0	0	0	0	0	0	0	0	0	0	0	0
S(0,2)AngScMom	0.00025451249	0	0	0	0	0	0	0	0	0	0	0	0	0	0	0
S(0,2)Contrast	683.11771	0	0	0	0	0	0	0	0	0	0	0	0	0	0	0
S(0,2)Correlat	0.0086673449	0	0	0	0	0	0	0	0	0	0	0	0	0	0	0
S(0,2)SumOfSqs	344.54515	0	0	0	0	0	0	0	0	0	0	0	0	0	0	0
S(0,2)InvDfMom	0.047056938	0	0	0	0	0	0	0	0	0	0	0	0	0	0	0
S(0,2)SumAverg	65.799059	0	0	0	0	0	0	0	0	0	0	0	0	0	0	0
S(0,2)SumVarnc	695.06288	0	0	0	0	0	0	0	0	0	0	0	0	0	0	0
S(0,2)SumEntrp	2.0259987	0	0	0	0	0	0	0	0	0	0	0	0	0	0	0
S(0,2)Entropy	3.6030501	0	0	0	0	0	0	0	0	0	0	0	0	0	0	0
S(0,2)DifVarnc	228.83474	0	0	0	0	0	0	0	0	0	0	0	0	0	0	0
S(0,2)DifEntrp	1.7270507	0	0	0	0	0	0	0	0	0	0	0	0	0	0	0
_Area_S(2,2)	129032	0	0	0	0	0	0	0	0	0	0	0	0	0	0	0
S(2,2)AngScMom	0.00025514856	0	0	0	0	0	0	0	0	0	0	0	0	0	0	0
S(2,2)Contrast	686.8184	0	0	0	0	0	0	0	0	0	0	0	0	0	0	0
S(2,2)Correlat	0.0030636511	0	0	0	0	0	0	0	0	0	0	0	0	0	0	0
S(2,2)SumOfSqs	344.46452	0	0	0	0	0	0	0	0	0	0	0	0	0	0	0
S(2,2)InvDfMom	0.046487233	0	0	0	0	0	0	0	0	0	0	0	0	0	0	0
S(2,2)SumAverg	65.815333	0	0	0	0	0	0	0	0	0	0	0	0	0	0	0
S(2,2)SumVarnc	691.03968	0	0	0	0	0	0	0	0	0	0	0	0	0	0	0
S(2,2)SumEntrp	2.0253116	0	0	0	0	0	0	0	0	0	0	0	0	0	0	0
S(2,2)Entropy	3.6025754	0	0	0	0	0	0	0	0	0	0	0	0	0	0	0
S(2,2)DifVarnc	228.97011	0	0	0	0	0	0	0	0	0	0	0	0	0	0	0
S(2,2)DifEntrp	1.727876	0	0	0	0	0	0	0	0	0	0	0	0	0	0	0
_Area_S(2,-2)	129032	0	0	0	0	0	0	0	0	0	0	0	0	0	0	0
S(2,-2)AngScMom	0.00025521451	0	0	0	0	0	0	0	0	0	0	0	0	0	0	0
S(2,-2)Contrast	688.44846	0	0	0	0	0	0	0	0	0	0	0	0	0	0	0
S(2,-2)Correlat	0.0007170614	0	0	0	0	0	0	0	0	0	0	0	0	0	0	0
S(2,-2)SumOfSqs	344.47124	0	0	0	0	0	0	0	0	0	0	0	0	0	0	0
S(2,-2)InvDfMom	0.046090938	0	0	0	0	0	0	0	0	0	0	0	0	0	0	0
S(2,-2)SumAverg	65.815658	0	0	0	0	0	0	0	0	0	0	0	0	0	0	0
S(2,-2)SumVarnc	689.43649	0	0	0	0	0	0	0	0	0	0	0	0	0	0	0
S(2,-2)SumEntrp	2.0245977	0	0	0	0	0	0	0	0	0	0	0	0	0	0	0
S(2,-2)Entropy	3.6024848	0	0	0	0	0	0	0	0	0	0	0	0	0	0	0
S(2,-2)DifVarnc	230.47082	0	0	0	0	0	0	0	0	0	0	0	0	0	0	0
S(2,-2)DifEntrp	1.7283054	0	0	0	0	0	0	0	0	0	0	0	0	0	0	0
_Area_S(3,0)	129536	0	0	0	0	0	0	0	0	0	0	0	0	0	0	0
S(3,0)AngScMom	0.00025460263	0	0	0	0	0	0	0	0	0	0	0	0	0	0	0
S(3,0)Contrast	677.01281	0	0	0	0	0	0	0	0	0	0	0	0	0	0	0
S(3,0)Correlat	0.017740282	0	0	0	0	0	0	0	0	0	0	0	0	0	0	0
S(3,0)SumOfSqs	344.62006	0	0	0	0	0	0	0	0	0	0	0	0	0	0	0
S(3,0)InvDfMom	0.047271368	0	0	0	0	0	0	0	0	0	0	0	0	0	0	0
S(3,0)SumAverg	65.871912	0	0	0	0	0	0	0	0	0	0	0	0	0	0	0
S(3,0)SumVarnc	701.46744	0	0	0	0	0	0	0	0	0	0	0	0	0	0	0
S(3,0)SumEntrp	2.0279647	0	0	0	0	0	0	0	0	0	0	0	0	0	0	0
S(3,0)Entropy	3.6030371	0	0	0	0	0	0	0	0	0	0	0	0	0	0	0
S(3,0)DifVarnc	226.0184	0	0	0	0	0	0	0	0	0	0	0	0	0	0	0
S(3,0)DifEntrp	1.7252841	0	0	0	0	0	0	0	0	0	0	0	0	0	0	0
_Area_S(0,3)	129536	0	0	0	0	0	0	0	0	0	0	0	0	0	0	0
S(0,3)AngScMom	0.00025467212	0	0	0	0	0	0	0	0	0	0	0	0	0	0	0
S(0,3)Contrast	691.62455	0	0	0	0	0	0	0	0	0	0	0	0	0	0	0
S(0,3)Correlat	-0.0036057311	0	0	0	0	0	0	0	0	0	0	0	0	0	0	0
S(0,3)SumOfSqs	344.56985	0	0	0	0	0	0	0	0	0	0	0	0	0	0	0
S(0,3)InvDfMom	0.047333755	0	0	0	0	0	0	0	0	0	0	0	0	0	0	0
S(0,3)SumAverg	65.785002	0	0	0	0	0	0	0	0	0	0	0	0	0	0	0
S(0,3)SumVarnc	686.65485	0	0	0	0	0	0	0	0	0	0	0	0	0	0	0
S(0,3)SumEntrp	2.0239726	0	0	0	0	0	0	0	0	0	0	0	0	0	0	0
S(0,3)Entropy	3.6029035	0	0	0	0	0	0	0	0	0	0	0	0	0	0	0
S(0,3)DifVarnc	230.02694	0	0	0	0	0	0	0	0	0	0	0	0	0	0	0
S(0,3)DifEntrp	1.7289011	0	0	0	0	0	0	0	0	0	0	0	0	0	0	0
_Area_S(3,3)	128018	0	0	0	0	0	0	0	0	0	0	0	0	0	0	0
S(3,3)AngScMom	0.00025446078	0	0	0	0	0	0	0	0	0	0	0	0	0	0	0
S(3,3)Contrast	685.77773	0	0	0	0	0	0	0	0	0	0	0	0	0	0	0
S(3,3)Correlat	0.0043181842	0	0	0	0	0	0	0	0	0	0	0	0	0	0	0
S(3,3)SumOfSqs	344.37595	0	0	0	0	0	0	0	0	0	0	0	0	0	0	0
S(3,3)InvDfMom	0.047448507	0	0	0	0	0	0	0	0	0	0	0	0	0	0	0
S(3,3)SumAverg	65.806918	0	0	0	0	0	0	0	0	0	0	0	0	0	0	0
S(3,3)SumVarnc	691.72605	0	0	0	0	0	0	0	0	0	0	0	0	0	0	0
S(3,3)SumEntrp	2.0253384	0	0	0	0	0	0	0	0	0	0	0	0	0	0	0
S(3,3)Entropy	3.6030707	0	0	0	0	0	0	0	0	0	0	0	0	0	0	0
S(3,3)DifVarnc	229.96134	0	0	0	0	0	0	0	0	0	0	0	0	0	0	0
S(3,3)DifEntrp	1.7277161	0	0	0	0	0	0	0	0	0	0	0	0	0	0	0
_Area_S(3,-3)	128018	0	0	0	0	0	0	0	0	0	0	0	0	0	0	0
S(3,-3)AngScMom	0.00025463517	0	0	0	0	0	0	0	0	0	0	0	0	0	0	0
S(3,-3)Contrast	689.13793	0	0	0	0	0	0	0	0	0	0	0	0	0	0	0
S(3,-3)Correlat	-0.00049062009	0	0	0	0	0	0	0	0	0	0	0	0	0	0	0
S(3,-3)SumOfSqs	344.4	0	0	0	0	0	0	0	0	0	0	0	0	0	0	0
S(3,-3)InvDfMom	0.04713999	0	0	0	0	0	0	0	0	0	0	0	0	0	0	0
S(3,-3)SumAverg	65.806433	0	0	0	0	0	0	0	0	0	0	0	0	0	0	0
S(3,-3)SumVarnc	688.46206	0	0	0	0	0	0	0	0	0	0	0	0	0	0	0
S(3,-3)SumEntrp	2.0245562	0	0	0	0	0	0	0	0	0	0	0	0	0	0	0
S(3,-3)Entropy	3.6029838	0	0	0	0	0	0	0	0	0	0	0	0	0	0	0
S(3,-3)DifVarnc	229.45962	0	0	0	0	0	0	0	0	0	0	0	0	0	0	0
S(3,-3)DifEntrp	1.7285622	0	0	0	0	0	0	0	0	0	0	0	0	0	0	0
_Area_S(4,0)	129024	0	0	0	0	0	0	0	0	0	0	0	0	0	0	0
S(4,0)AngScMom	0.0002547966	0	0	0	0	0	0	0	0	0	0	0	0	0	0	0
S(4,0)Contrast	684.63391	0	0	0	0	0	0	0	0	0	0	0	0	0	0	0
S(4,0)Correlat	0.006700596	0	0	0	0	0	0	0	0	0	0	0	0	0	0	0
S(4,0)SumOfSqs	344.62616	0	0	0	0	0	0	0	0	0	0	0	0	0	0	0
S(4,0)InvDfMom	0.045861005	0	0	0	0	0	0	0	0	0	0	0	0	0	0	0
S(4,0)SumAverg	65.871853	0	0	0	0	0	0	0	0	0	0	0	0	0	0	0
S(4,0)SumVarnc	693.87072	0	0	0	0	0	0	0	0	0	0	0	0	0	0	0
S(4,0)SumEntrp	2.025756	0	0	0	0	0	0	0	0	0	0	0	0	0	0	0
S(4,0)Entropy	3.6028213	0	0	0	0	0	0	0	0	0	0	0	0	0	0	0
S(4,0)DifVarnc	227.94273	0	0	0	0	0	0	0	0	0	0	0	0	0	0	0
S(4,0)DifEntrp	1.7272213	0	0	0	0	0	0	0	0	0	0	0	0	0	0	0
_Area_S(0,4)	129024	0	0	0	0	0	0	0	0	0	0	0	0	0	0	0
S(0,4)AngScMom	0.00025484273	0	0	0	0	0	0	0	0	0	0	0	0	0	0	0
S(0,4)Contrast	686.72337	0	0	0	0	0	0	0	0	0	0	0	0	0	0	0
S(0,4)Correlat	0.0035197094	0	0	0	0	0	0	0	0	0	0	0	0	0	0	0
S(0,4)SumOfSqs	344.57449	0	0	0	0	0	0	0	0	0	0	0	0	0	0	0
S(0,4)InvDfMom	0.047413395	0	0	0	0	0	0	0	0	0	0	0	0	0	0	0
S(0,4)SumAverg	65.785838	0	0	0	0	0	0	0	0	0	0	0	0	0	0	0
S(0,4)SumVarnc	691.57458	0	0	0	0	0	0	0	0	0	0	0	0	0	0	0
S(0,4)SumEntrp	2.0253055	0	0	0	0	0	0	0	0	0	0	0	0	0	0	0
S(0,4)Entropy	3.6028038	0	0	0	0	0	0	0	0	0	0	0	0	0	0	0
S(0,4)DifVarnc	229.29317	0	0	0	0	0	0	0	0	0	0	0	0	0	0	0
S(0,4)DifEntrp	1.727962	0	0	0	0	0	0	0	0	0	0	0	0	0	0	0
_Area_S(4,4)	127008	0	0	0	0	0	0	0	0	0	0	0	0	0	0	0
S(4,4)AngScMom	0.00025499993	0	0	0	0	0	0	0	0	0	0	0	0	0	0	0
S(4,4)Contrast	689.9309	0	0	0	0	0	0	0	0	0	0	0	0	0	0	0
S(4,4)Correlat	-0.0016824706	0	0	0	0	0	0	0	0	0	0	0	0	0	0	0
S(4,4)SumOfSqs	344.38603	0	0	0	0	0	0	0	0	0	0	0	0	0	0	0
S(4,4)InvDfMom	0.047240325	0	0	0	0	0	0	0	0	0	0	0	0	0	0	0
S(4,4)SumAverg	65.807477	0	0	0	0	0	0	0	0	0	0	0	0	0	0	0
S(4,4)SumVarnc	687.61322	0	0	0	0	0	0	0	0	0	0	0	0	0	0	0
S(4,4)SumEntrp	2.0242038	0	0	0	0	0	0	0	0	0	0	0	0	0	0	0
S(4,4)Entropy	3.6026656	0	0	0	0	0	0	0	0	0	0	0	0	0	0	0
S(4,4)DifVarnc	230.78367	0	0	0	0	0	0	0	0	0	0	0	0	0	0	0
S(4,4)DifEntrp	1.7286501	0	0	0	0	0	0	0	0	0	0	0	0	0	0	0
_Area_S(4,-4)	127008	0	0	0	0	0	0	0	0	0	0	0	0	0	0	0
S(4,-4)AngScMom	0.00025451825	0	0	0	0	0	0	0	0	0	0	0	0	0	0	0
S(4,-4)Contrast	685.99609	0	0	0	0	0	0	0	0	0	0	0	0	0	0	0
S(4,-4)Correlat	0.0041353735	0	0	0	0	0	0	0	0	0	0	0	0	0	0	0
S(4,-4)SumOfSqs	344.42236	0	0	0	0	0	0	0	0	0	0	0	0	0	0	0
S(4,-4)InvDfMom	0.046812188	0	0	0	0	0	0	0	0	0	0	0	0	0	0	0
S(4,-4)SumAverg	65.807666	0	0	0	0	0	0	0	0	0	0	0	0	0	0	0
S(4,-4)SumVarnc	691.69336	0	0	0	0	0	0	0	0	0	0	0	0	0	0	0
S(4,-4)SumEntrp	2.0252922	0	0	0	0	0	0	0	0	0	0	0	0	0	0	0
S(4,-4)Entropy	3.6030586	0	0	0	0	0	0	0	0	0	0	0	0	0	0	0
S(4,-4)DifVarnc	228.97756	0	0	0	0	0	0	0	0	0	0	0	0	0	0	0
S(4,-4)DifEntrp	1.7273742	0	0	0	0	0	0	0	0	0	0	0	0	0	0	0
_Area_S(5,0)	128512	0	0	0	0	0	0	0	0	0	0	0	0	0	0	0
S(5,0)AngScMom	0.00025484268	0	0	0	0	0	0	0	0	0	0	0	0	0	0	0
S(5,0)Contrast	681.13834	0	0	0	0	0	0	0	0	0	0	0	0	0	0	0
S(5,0)Correlat	0.011862061	0	0	0	0	0	0	0	0	0	0	0	0	0	0	0
S(5,0)SumOfSqs	344.65752	0	0	0	0	0	0	0	0	0	0	0	0	0	0	0
S(5,0)InvDfMom	0.045884999	0	0	0	0	0	0	0	0	0	0	0	0	0	0	0
S(5,0)SumAverg	65.868666	0	0	0	0	0	0	0	0	0	0	0	0	0	0	0
S(5,0)SumVarnc	697.49173	0	0	0	0	0	0	0	0	0	0	0	0	0	0	0
S(5,0)SumEntrp	2.0265355	0	0	0	0	0	0	0	0	0	0	0	0	0	0	0
S(5,0)Entropy	3.6028061	0	0	0	0	0	0	0	0	0	0	0	0	0	0	0
S(5,0)DifVarnc	227.4787	0	0	0	0	0	0	0	0	0	0	0	0	0	0	0
S(5,0)DifEntrp	1.7260772	0	0	0	0	0	0	0	0	0	0	0	0	0	0	0
_Area_S(0,5)	128512	0	0	0	0	0	0	0	0	0	0	0	0	0	0	0
S(0,5)AngScMom	0.00025493883	0	0	0	0	0	0	0	0	0	0	0	0	0	0	0
S(0,5)Contrast	685.62229	0	0	0	0	0	0	0	0	0	0	0	0	0	0	0
S(0,5)Correlat	0.0051865184	0	0	0	0	0	0	0	0	0	0	0	0	0	0	0
S(0,5)SumOfSqs	344.59841	0	0	0	0	0	0	0	0	0	0	0	0	0	0	0
S(0,5)InvDfMom	0.045706669	0	0	0	0	0	0	0	0	0	0	0	0	0	0	0
S(0,5)SumAverg	65.787786	0	0	0	0	0	0	0	0	0	0	0	0	0	0	0
S(0,5)SumVarnc	692.77136	0	0	0	0	0	0	0	0	0	0	0	0	0	0	0
S(0,5)SumEntrp	2.0253447	0	0	0	0	0	0	0	0	0	0	0	0	0	0	0
S(0,5)Entropy	3.6027083	0	0	0	0	0	0	0	0	0	0	0	0	0	0	0
S(0,5)DifVarnc	228.25252	0	0	0	0	0	0	0	0	0	0	0	0	0	0	0
S(0,5)DifEntrp	1.7273959	0	0	0	0	0	0	0	0	0	0	0	0	0	0	0
_Area_S(5,5)	126002	0	0	0	0	0	0	0	0	0	0	0	0	0	0	0
S(5,5)AngScMom	0.00025486165	0	0	0	0	0	0	0	0	0	0	0	0	0	0	0
S(5,5)Contrast	687.47471	0	0	0	0	0	0	0	0	0	0	0	0	0	0	0
S(5,5)Correlat	0.0020729647	0	0	0	0	0	0	0	0	0	0	0	0	0	0	0
S(5,5)SumOfSqs	344.45139	0	0	0	0	0	0	0	0	0	0	0	0	0	0	0
S(5,5)InvDfMom	0.046636571	0	0	0	0	0	0	0	0	0	0	0	0	0	0	0
S(5,5)SumAverg	65.806448	0	0	0	0	0	0	0	0	0	0	0	0	0	0	0
S(5,5)SumVarnc	690.33085	0	0	0	0	0	0	0	0	0	0	0	0	0	0	0
S(5,5)SumEntrp	2.024879	0	0	0	0	0	0	0	0	0	0	0	0	0	0	0
S(5,5)Entropy	3.6028084	0	0	0	0	0	0	0	0	0	0	0	0	0	0	0
S(5,5)DifVarnc	229.70857	0	0	0	0	0	0	0	0	0	0	0	0	0	0	0
S(5,5)DifEntrp	1.7279222	0	0	0	0	0	0	0	0	0	0	0	0	0	0	0
_Area_S(5,-5)	126002	0	0	0	0	0	0	0	0	0	0	0	0	0	0	0
S(5,-5)AngScMom	0.00025457846	0	0	0	0	0	0	0	0	0	0	0	0	0	0	0
S(5,-5)Contrast	686.23187	0	0	0	0	0	0	0	0	0	0	0	0	0	0	0
S(5,-5)Correlat	0.0039373002	0	0	0	0	0	0	0	0	0	0	0	0	0	0	0
S(5,-5)SumOfSqs	344.47223	0	0	0	0	0	0	0	0	0	0	0	0	0	0	0
S(5,-5)InvDfMom	0.046223188	0	0	0	0	0	0	0	0	0	0	0	0	0	0	0
S(5,-5)SumAverg	65.806892	0	0	0	0	0	0	0	0	0	0	0	0	0	0	0
S(5,-5)SumVarnc	691.65703	0	0	0	0	0	0	0	0	0	0	0	0	0	0	0
S(5,-5)SumEntrp	2.0254165	0	0	0	0	0	0	0	0	0	0	0	0	0	0	0
S(5,-5)Entropy	3.6030727	0	0	0	0	0	0	0	0	0	0	0	0	0	0	0
S(5,-5)DifVarnc	229.15555	0	0	0	0	0	0	0	0	0	0	0	0	0	0	0
S(5,-5)DifEntrp	1.7275005	0	0	0	0	0	0	0	0	0	0	0	0	0	0	0
Horzl_RLNonUni	61654.068	0	0	0	0	0	0	0	0	0	0	0	0	0	0	0
Horzl_GLevNonU	1008.7133	0	0	0	0	0	0	0	0	0	0	0	0	0	0	0
Horzl_LngREmph	1.063786	0	0	0	0	0	0	0	0	0	0	0	0	0	0	0
Horzl_ShrtREmp	0.98475606	0	0	0	0	0	0	0	0	0	0	0	0	0	0	0
Horzl_Fraction	0.979599	0	0	0	0	0	0	0	0	0	0	0	0	0	0	0
Vertl_RLNonUni	62577.984	0	0	0	0	0	0	0	0	0	0	0	0	0	0	0
Vertl_GLevNonU	1014.6148	0	0	0	0	0	0	0	0	0	0	0	0	0	0	0
Vertl_LngREmph	1.0472338	0	0	0	0	0	0	0	0	0	0	0	0	0	0	0
Vertl_ShrtREmp	0.98844982	0	0	0	0	0	0	0	0	0	0	0	0	0	0	0
Vertl_Fraction	0.98464966	0	0	0	0	0	0	0	0	0	0	0	0	0	0	0
45dgr_RLNonUni	62463.429	0	0	0	0	0	0	0	0	0	0	0	0	0	0	0
45dgr_GLevNonU	1013.8041	0	0	0	0	0	0	0	0	0	0	0	0	0	0	0
45dgr_LngREmph	1.0490766	0	0	0	0	0	0	0	0	0	0	0	0	0	0	0
45dgr_ShrtREmp	0.98798928	0	0	0	0	0	0	0	0	0	0	0	0	0	0	0
45dgr_Fraction	0.98405457	0	0	0	0	0	0	0	0	0	0	0	0	0	0	0
135dr_RLNonUni	62493.729	0	0	0	0	0	0	0	0	0	0	0	0	0	0	0
135dr_GLevNonU	1014.0759	0	0	0	0	0	0	0	0	0	0	0	0	0	0	0
135dr_LngREmph	1.0487752	0	0	0	0	0	0	0	0	0	0	0	0	0	0	0
135dr_ShrtREmp	0.98811736	0	0	0	0	0	0	0	0	0	0	0	0	0	0	0
135dr_Fraction	0.98419189	0	0	0	0	0	0	0	0	0	0	0	0	0	0	0
_AreaGr	64516	0	0	0	0	0	0	0	0	0	0	0	0	0	0	0
GrMean	8.2993384	0	0	0	0	0	0	0	0	0	0	0	0	0	0	0
GrVariance	15.621121	0	0	0	0	0	0	0	0	0	0	0	0	0	0	0
GrSkewness	0.17837036	0	0	0	0	0	0	0	0	0	0	0	0	0	0	0
GrKurtosis	-0.65408481	0	0	0	0	0	0	0	0	0	0	0	0	0	0	0
GrNonZeros	0.99578399	0	0	0	0	0	0	0	0	0	0	0	0	0	0	0
_AreaARM	64770	0	0	0	0	0	0	0	0	0	0	0	0	0	0	0
Teta1	0.078949776	0	0	0	0	0	0	0	0	0	0	0	0	0	0	0
Teta2	-0.0029436636	0	0	0	0	0	0	0	0	0	0	0	0	0	0	0
Teta3	-0.0065085513	0	0	0	0	0	0	0	0	0	0	0	0	0	0	0
Teta4	0.0036626698	0	0	0	0	0	0	0	0	0	0	0	0	0	0	0
Sigma	0.99587813	0	0	0	0	0	0	0	0	0	0	0	0	0	0	0
WavEnLL_s-1	18182.537	0	0	0	0	0	0	0	0	0	0	0	0	0	0	0
WavEnLH_s-1	1512.0531	0	0	0	0	0	0	0	0	0	0	0	0	0	0	0
WavEnHL_s-1	1258.865	0	0	0	0	0	0	0	0	0	0	0	0	0	0	0
WavEnHH_s-1	1275.387	0	0	0	0	0	0	0	0	0	0	0	0	0	0	0
WavEnLL_s-2	17094.699	0	0	0	0	0	0	0	0	0	0	0	0	0	0	0
WavEnLH_s-2	400.71003	0	0	0	0	0	0	0	0	0	0	0	0	0	0	0
WavEnHL_s-2	340.27713	0	0	0	0	0	0	0	0	0	0	0	0	0	0	0
WavEnHH_s-2	346.85108	0	0	0	0	0	0	0	0	0	0	0	0	0	0	0
WavEnLL_s-3	16811.35	0	0	0	0	0	0	0	0	0	0	0	0	0	0	0
WavEnLH_s-3	98.835256	0	0	0	0	0	0	0	0	0	0	0	0	0	0	0
WavEnHL_s-3	87.687884	0	0	0	0	0	0	0	0	0	0	0	0	0	0	0
WavEnHH_s-3	96.825979	0	0	0	0	0	0	0	0	0	0	0	0	0	0	0
WavEnLL_s-4	16734.938	0	0	0	0	0	0	0	0	0	0	0	0	0	0	0
WavEnLH_s-4	25.950569	0	0	0	0	0	0	0	0	0	0	0	0	0	0	0
WavEnHL_s-4	25.755195	0	0	0	0	0	0	0	0	0	0	0	0	0	0	0
WavEnHH_s-4	24.706553	0	0	0	0	0	0	0	0	0	0	0	0	0	0	0
