Image File: stone1-a-p035.png 
ROI File: allred.roi 
Image size: 256 x 256
Min. lum.: 1
Max. lum.: 256
Bits/pixel: 8

Normalisation =  No
Histogram analysis = Yes
CO matrix analysis = Yes, Dimensions = 6 x 6, Distances = 1 2 3 4 5
RL matrix analysis = Yes, Dimension = 6
Gradient analysis = Yes, Max pixel value = 16
AR model analysis = Yes
Wavelet analysis = Yes

--------------- CLASS NAMES ----------------

----------------- FEATURES -----------------
_Area	65536	0	0	0	0	0	0	0	0	0	0	0	0	0	0	0
Mean	130.00771	0	0	0	0	0	0	0	0	0	0	0	0	0	0	0
Variance	5673.4709	0	0	0	0	0	0	0	0	0	0	0	0	0	0	0
Skewness	-0.033833367	0	0	0	0	0	0	0	0	0	0	0	0	0	0	0
Kurtosis	-1.221179	0	0	0	0	0	0	0	0	0	0	0	0	0	0	0
Perc.01%	2	0	0	0	0	0	0	0	0	0	0	0	0	0	0	0
Perc.10%	25	0	0	0	0	0	0	0	0	0	0	0	0	0	0	0
Perc.50%	130	0	0	0	0	0	0	0	0	0	0	0	0	0	0	0
Perc.90%	233	0	0	0	0	0	0	0	0	0	0	0	0	0	0	0
Perc.99%	254	0	0	0	0	0	0	0	0	0	0	0	0	0	0	0
_Area_S(1,0)	130560	0	0	0	0	0	0	0	0	0	0	0	0	0	0	0
S(1,0)AngScMom	0.00026332247	0	0	0	0	0	0	0	0	0	0	0	0	0	0	0
S(1,0)Contrast	668.24902	0	0	0	0	0	0	0	0	0	0	0	0	0	0	0
S(1,0)Correlat	0.056158181	0	0	0	0	0	0	0	0	0	0	0	0	0	0	0
S(1,0)SumOfSqs	354.00477	0	0	0	0	0	0	0	0	0	0	0	0	0	0	0
S(1,0)InvDfMom	0.053014506	0	0	0	0	0	0	0	0	0	0	0	0	0	0	0
S(1,0)SumAverg	65.747396	0	0	0	0	0	0	0	0	0	0	0	0	0	0	0
S(1,0)SumVarnc	747.77008	0	0	0	0	0	0	0	0	0	0	0	0	0	0	0
S(1,0)SumEntrp	2.0397906	0	0	0	0	0	0	0	0	0	0	0	0	0	0	0
S(1,0)Entropy	3.5965127	0	0	0	0	0	0	0	0	0	0	0	0	0	0	0
S(1,0)DifVarnc	228.3241	0	0	0	0	0	0	0	0	0	0	0	0	0	0	0
S(1,0)DifEntrp	1.7230141	0	0	0	0	0	0	0	0	0	0	0	0	0	0	0
_Area_S(0,1)	130560	0	0	0	0	0	0	0	0	0	0	0	0	0	0	0
S(0,1)AngScMom	0.00025623971	0	0	0	0	0	0	0	0	0	0	0	0	0	0	0
S(0,1)Contrast	710.61722	0	0	0	0	0	0	0	0	0	0	0	0	0	0	0
S(0,1)Correlat	-0.0040464313	0	0	0	0	0	0	0	0	0	0	0	0	0	0	0
S(0,1)SumOfSqs	353.87667	0	0	0	0	0	0	0	0	0	0	0	0	0	0	0
S(0,1)InvDfMom	0.04592812	0	0	0	0	0	0	0	0	0	0	0	0	0	0	0
S(0,1)SumAverg	65.768995	0	0	0	0	0	0	0	0	0	0	0	0	0	0	0
S(0,1)SumVarnc	704.88947	0	0	0	0	0	0	0	0	0	0	0	0	0	0	0
S(0,1)SumEntrp	2.0286246	0	0	0	0	0	0	0	0	0	0	0	0	0	0	0
S(0,1)Entropy	3.6016273	0	0	0	0	0	0	0	0	0	0	0	0	0	0	0
S(0,1)DifVarnc	237.42943	0	0	0	0	0	0	0	0	0	0	0	0	0	0	0
S(0,1)DifEntrp	1.7342915	0	0	0	0	0	0	0	0	0	0	0	0	0	0	0
_Area_S(1,1)	130050	0	0	0	0	0	0	0	0	0	0	0	0	0	0	0
S(1,1)AngScMom	0.0002563248	0	0	0	0	0	0	0	0	0	0	0	0	0	0	0
S(1,1)Contrast	709.45669	0	0	0	0	0	0	0	0	0	0	0	0	0	0	0
S(1,1)Correlat	-0.0022178617	0	0	0	0	0	0	0	0	0	0	0	0	0	0	0
S(1,1)SumOfSqs	353.94335	0	0	0	0	0	0	0	0	0	0	0	0	0	0	0
S(1,1)InvDfMom	0.045519545	0	0	0	0	0	0	0	0	0	0	0	0	0	0	0
S(1,1)SumAverg	65.766351	0	0	0	0	0	0	0	0	0	0	0	0	0	0	0
S(1,1)SumVarnc	706.3167	0	0	0	0	0	0	0	0	0	0	0	0	0	0	0
S(1,1)SumEntrp	2.0288529	0	0	0	0	0	0	0	0	0	0	0	0	0	0	0
S(1,1)Entropy	3.601532	0	0	0	0	0	0	0	0	0	0	0	0	0	0	0
S(1,1)DifVarnc	236.17122	0	0	0	0	0	0	0	0	0	0	0	0	0	0	0
S(1,1)DifEntrp	1.7336669	0	0	0	0	0	0	0	0	0	0	0	0	0	0	0
_Area_S(1,-1)	130050	0	0	0	0	0	0	0	0	0	0	0	0	0	0	0
S(1,-1)AngScMom	0.00025623576	0	0	0	0	0	0	0	0	0	0	0	0	0	0	0
S(1,-1)Contrast	707.01709	0	0	0	0	0	0	0	0	0	0	0	0	0	0	0
S(1,-1)Correlat	0.0012171992	0	0	0	0	0	0	0	0	0	0	0	0	0	0	0
S(1,-1)SumOfSqs	353.93936	0	0	0	0	0	0	0	0	0	0	0	0	0	0	0
S(1,-1)InvDfMom	0.046595334	0	0	0	0	0	0	0	0	0	0	0	0	0	0	0
S(1,-1)SumAverg	65.766244	0	0	0	0	0	0	0	0	0	0	0	0	0	0	0
S(1,-1)SumVarnc	708.74034	0	0	0	0	0	0	0	0	0	0	0	0	0	0	0
S(1,-1)SumEntrp	2.0296778	0	0	0	0	0	0	0	0	0	0	0	0	0	0	0
S(1,-1)Entropy	3.601692	0	0	0	0	0	0	0	0	0	0	0	0	0	0	0
S(1,-1)DifVarnc	235.25535	0	0	0	0	0	0	0	0	0	0	0	0	0	0	0
S(1,-1)DifEntrp	1.7335934	0	0	0	0	0	0	0	0	0	0	0	0	0	0	0
_Area_S(2,0)	130048	0	0	0	0	0	0	0	0	0	0	0	0	0	0	0
S(2,0)AngScMom	0.00025739356	0	0	0	0	0	0	0	0	0	0	0	0	0	0	0
S(2,0)Contrast	693.05958	0	0	0	0	0	0	0	0	0	0	0	0	0	0	0
S(2,0)Correlat	0.021294782	0	0	0	0	0	0	0	0	0	0	0	0	0	0	0
S(2,0)SumOfSqs	354.06962	0	0	0	0	0	0	0	0	0	0	0	0	0	0	0
S(2,0)InvDfMom	0.048132933	0	0	0	0	0	0	0	0	0	0	0	0	0	0	0
S(2,0)SumAverg	65.743233	0	0	0	0	0	0	0	0	0	0	0	0	0	0	0
S(2,0)SumVarnc	723.21892	0	0	0	0	0	0	0	0	0	0	0	0	0	0	0
S(2,0)SumEntrp	2.0341501	0	0	0	0	0	0	0	0	0	0	0	0	0	0	0
S(2,0)Entropy	3.6007311	0	0	0	0	0	0	0	0	0	0	0	0	0	0	0
S(2,0)DifVarnc	232.71742	0	0	0	0	0	0	0	0	0	0	0	0	0	0	0
S(2,0)DifEntrp	1.7297348	0	0	0	0	0	0	0	0	0	0	0	0	0	0	0
_Area_S(0,2)	130048	0	0	0	0	0	0	0	0	0	0	0	0	0	0	0
S(0,2)AngScMom	0.00025652769	0	0	0	0	0	0	0	0	0	0	0	0	0	0	0
S(0,2)Contrast	707.19319	0	0	0	0	0	0	0	0	0	0	0	0	0	0	0
S(0,2)Correlat	0.00067096554	0	0	0	0	0	0	0	0	0	0	0	0	0	0	0
S(0,2)SumOfSqs	353.83401	0	0	0	0	0	0	0	0	0	0	0	0	0	0	0
S(0,2)InvDfMom	0.046848003	0	0	0	0	0	0	0	0	0	0	0	0	0	0	0
S(0,2)SumAverg	65.747232	0	0	0	0	0	0	0	0	0	0	0	0	0	0	0
S(0,2)SumVarnc	708.14283	0	0	0	0	0	0	0	0	0	0	0	0	0	0	0
S(0,2)SumEntrp	2.0295583	0	0	0	0	0	0	0	0	0	0	0	0	0	0	0
S(0,2)Entropy	3.6013933	0	0	0	0	0	0	0	0	0	0	0	0	0	0	0
S(0,2)DifVarnc	236.11682	0	0	0	0	0	0	0	0	0	0	0	0	0	0	0
S(0,2)DifEntrp	1.7335894	0	0	0	0	0	0	0	0	0	0	0	0	0	0	0
_Area_S(2,2)	129032	0	0	0	0	0	0	0	0	0	0	0	0	0	0	0
S(2,2)AngScMom	0.0002563951	0	0	0	0	0	0	0	0	0	0	0	0	0	0	0
S(2,2)Contrast	711.8627	0	0	0	0	0	0	0	0	0	0	0	0	0	0	0
S(2,2)Correlat	-0.0055282658	0	0	0	0	0	0	0	0	0	0	0	0	0	0	0
S(2,2)SumOfSqs	353.97449	0	0	0	0	0	0	0	0	0	0	0	0	0	0	0
S(2,2)InvDfMom	0.046908856	0	0	0	0	0	0	0	0	0	0	0	0	0	0	0
S(2,2)SumAverg	65.740622	0	0	0	0	0	0	0	0	0	0	0	0	0	0	0
S(2,2)SumVarnc	704.03524	0	0	0	0	0	0	0	0	0	0	0	0	0	0	0
S(2,2)SumEntrp	2.0286489	0	0	0	0	0	0	0	0	0	0	0	0	0	0	0
S(2,2)Entropy	3.6014937	0	0	0	0	0	0	0	0	0	0	0	0	0	0	0
S(2,2)DifVarnc	237.86185	0	0	0	0	0	0	0	0	0	0	0	0	0	0	0
S(2,2)DifEntrp	1.734411	0	0	0	0	0	0	0	0	0	0	0	0	0	0	0
_Area_S(2,-2)	129032	0	0	0	0	0	0	0	0	0	0	0	0	0	0	0
S(2,-2)AngScMom	0.00025627546	0	0	0	0	0	0	0	0	0	0	0	0	0	0	0
S(2,-2)Contrast	708.01531	0	0	0	0	0	0	0	0	0	0	0	0	0	0	0
S(2,-2)Correlat	-0.00015451475	0	0	0	0	0	0	0	0	0	0	0	0	0	0	0
S(2,-2)SumOfSqs	353.95297	0	0	0	0	0	0	0	0	0	0	0	0	0	0	0
S(2,-2)InvDfMom	0.046504078	0	0	0	0	0	0	0	0	0	0	0	0	0	0	0
S(2,-2)SumAverg	65.740343	0	0	0	0	0	0	0	0	0	0	0	0	0	0	0
S(2,-2)SumVarnc	707.79655	0	0	0	0	0	0	0	0	0	0	0	0	0	0	0
S(2,-2)SumEntrp	2.0294063	0	0	0	0	0	0	0	0	0	0	0	0	0	0	0
S(2,-2)Entropy	3.601689	0	0	0	0	0	0	0	0	0	0	0	0	0	0	0
S(2,-2)DifVarnc	236.86373	0	0	0	0	0	0	0	0	0	0	0	0	0	0	0
S(2,-2)DifEntrp	1.7337345	0	0	0	0	0	0	0	0	0	0	0	0	0	0	0
_Area_S(3,0)	129536	0	0	0	0	0	0	0	0	0	0	0	0	0	0	0
S(3,0)AngScMom	0.00025687325	0	0	0	0	0	0	0	0	0	0	0	0	0	0	0
S(3,0)Contrast	698.2297	0	0	0	0	0	0	0	0	0	0	0	0	0	0	0
S(3,0)Correlat	0.013919136	0	0	0	0	0	0	0	0	0	0	0	0	0	0	0
S(3,0)SumOfSqs	354.04282	0	0	0	0	0	0	0	0	0	0	0	0	0	0	0
S(3,0)InvDfMom	0.046647609	0	0	0	0	0	0	0	0	0	0	0	0	0	0	0
S(3,0)SumAverg	65.745322	0	0	0	0	0	0	0	0	0	0	0	0	0	0	0
S(3,0)SumVarnc	717.94158	0	0	0	0	0	0	0	0	0	0	0	0	0	0	0
S(3,0)SumEntrp	2.0325301	0	0	0	0	0	0	0	0	0	0	0	0	0	0	0
S(3,0)Entropy	3.6011949	0	0	0	0	0	0	0	0	0	0	0	0	0	0	0
S(3,0)DifVarnc	233.31026	0	0	0	0	0	0	0	0	0	0	0	0	0	0	0
S(3,0)DifEntrp	1.7312244	0	0	0	0	0	0	0	0	0	0	0	0	0	0	0
_Area_S(0,3)	129536	0	0	0	0	0	0	0	0	0	0	0	0	0	0	0
S(0,3)AngScMom	0.00025646811	0	0	0	0	0	0	0	0	0	0	0	0	0	0	0
S(0,3)Contrast	705.71747	0	0	0	0	0	0	0	0	0	0	0	0	0	0	0
S(0,3)Correlat	0.0025491068	0	0	0	0	0	0	0	0	0	0	0	0	0	0	0
S(0,3)SumOfSqs	353.76051	0	0	0	0	0	0	0	0	0	0	0	0	0	0	0
S(0,3)InvDfMom	0.046939665	0	0	0	0	0	0	0	0	0	0	0	0	0	0	0
S(0,3)SumAverg	65.741863	0	0	0	0	0	0	0	0	0	0	0	0	0	0	0
S(0,3)SumVarnc	709.32456	0	0	0	0	0	0	0	0	0	0	0	0	0	0	0
S(0,3)SumEntrp	2.0299185	0	0	0	0	0	0	0	0	0	0	0	0	0	0	0
S(0,3)Entropy	3.6014045	0	0	0	0	0	0	0	0	0	0	0	0	0	0	0
S(0,3)DifVarnc	237.37075	0	0	0	0	0	0	0	0	0	0	0	0	0	0	0
S(0,3)DifEntrp	1.733016	0	0	0	0	0	0	0	0	0	0	0	0	0	0	0
_Area_S(3,3)	128018	0	0	0	0	0	0	0	0	0	0	0	0	0	0	0
S(3,3)AngScMom	0.00025654564	0	0	0	0	0	0	0	0	0	0	0	0	0	0	0
S(3,3)Contrast	708.57868	0	0	0	0	0	0	0	0	0	0	0	0	0	0	0
S(3,3)Correlat	-0.0011554498	0	0	0	0	0	0	0	0	0	0	0	0	0	0	0
S(3,3)SumOfSqs	353.88045	0	0	0	0	0	0	0	0	0	0	0	0	0	0	0
S(3,3)InvDfMom	0.047188176	0	0	0	0	0	0	0	0	0	0	0	0	0	0	0
S(3,3)SumAverg	65.738209	0	0	0	0	0	0	0	0	0	0	0	0	0	0	0
S(3,3)SumVarnc	706.94312	0	0	0	0	0	0	0	0	0	0	0	0	0	0	0
S(3,3)SumEntrp	2.0293014	0	0	0	0	0	0	0	0	0	0	0	0	0	0	0
S(3,3)Entropy	3.6013535	0	0	0	0	0	0	0	0	0	0	0	0	0	0	0
S(3,3)DifVarnc	236.87626	0	0	0	0	0	0	0	0	0	0	0	0	0	0	0
S(3,3)DifEntrp	1.7337838	0	0	0	0	0	0	0	0	0	0	0	0	0	0	0
_Area_S(3,-3)	128018	0	0	0	0	0	0	0	0	0	0	0	0	0	0	0
S(3,-3)AngScMom	0.00025646802	0	0	0	0	0	0	0	0	0	0	0	0	0	0	0
S(3,-3)Contrast	705.36685	0	0	0	0	0	0	0	0	0	0	0	0	0	0	0
S(3,-3)Correlat	0.0032920966	0	0	0	0	0	0	0	0	0	0	0	0	0	0	0
S(3,-3)SumOfSqs	353.84833	0	0	0	0	0	0	0	0	0	0	0	0	0	0	0
S(3,-3)InvDfMom	0.047077473	0	0	0	0	0	0	0	0	0	0	0	0	0	0	0
S(3,-3)SumAverg	65.736896	0	0	0	0	0	0	0	0	0	0	0	0	0	0	0
S(3,-3)SumVarnc	710.02647	0	0	0	0	0	0	0	0	0	0	0	0	0	0	0
S(3,-3)SumEntrp	2.0301425	0	0	0	0	0	0	0	0	0	0	0	0	0	0	0
S(3,-3)Entropy	3.6014533	0	0	0	0	0	0	0	0	0	0	0	0	0	0	0
S(3,-3)DifVarnc	234.95427	0	0	0	0	0	0	0	0	0	0	0	0	0	0	0
S(3,-3)DifEntrp	1.7329311	0	0	0	0	0	0	0	0	0	0	0	0	0	0	0
_Area_S(4,0)	129024	0	0	0	0	0	0	0	0	0	0	0	0	0	0	0
S(4,0)AngScMom	0.00025675813	0	0	0	0	0	0	0	0	0	0	0	0	0	0	0
S(4,0)Contrast	704.63078	0	0	0	0	0	0	0	0	0	0	0	0	0	0	0
S(4,0)Correlat	0.0049197666	0	0	0	0	0	0	0	0	0	0	0	0	0	0	0
S(4,0)SumOfSqs	354.05727	0	0	0	0	0	0	0	0	0	0	0	0	0	0	0
S(4,0)InvDfMom	0.047573213	0	0	0	0	0	0	0	0	0	0	0	0	0	0	0
S(4,0)SumAverg	65.748899	0	0	0	0	0	0	0	0	0	0	0	0	0	0	0
S(4,0)SumVarnc	711.5983	0	0	0	0	0	0	0	0	0	0	0	0	0	0	0
S(4,0)SumEntrp	2.0308396	0	0	0	0	0	0	0	0	0	0	0	0	0	0	0
S(4,0)Entropy	3.6012469	0	0	0	0	0	0	0	0	0	0	0	0	0	0	0
S(4,0)DifVarnc	235.50535	0	0	0	0	0	0	0	0	0	0	0	0	0	0	0
S(4,0)DifEntrp	1.7327914	0	0	0	0	0	0	0	0	0	0	0	0	0	0	0
_Area_S(0,4)	129024	0	0	0	0	0	0	0	0	0	0	0	0	0	0	0
S(0,4)AngScMom	0.00025599391	0	0	0	0	0	0	0	0	0	0	0	0	0	0	0
S(0,4)Contrast	710.89078	0	0	0	0	0	0	0	0	0	0	0	0	0	0	0
S(0,4)Correlat	-0.0049773568	0	0	0	0	0	0	0	0	0	0	0	0	0	0	0
S(0,4)SumOfSqs	353.68497	0	0	0	0	0	0	0	0	0	0	0	0	0	0	0
S(0,4)InvDfMom	0.04619234	0	0	0	0	0	0	0	0	0	0	0	0	0	0	0
S(0,4)SumAverg	65.73825	0	0	0	0	0	0	0	0	0	0	0	0	0	0	0
S(0,4)SumVarnc	703.84911	0	0	0	0	0	0	0	0	0	0	0	0	0	0	0
S(0,4)SumEntrp	2.028615	0	0	0	0	0	0	0	0	0	0	0	0	0	0	0
S(0,4)Entropy	3.6018797	0	0	0	0	0	0	0	0	0	0	0	0	0	0	0
S(0,4)DifVarnc	235.85189	0	0	0	0	0	0	0	0	0	0	0	0	0	0	0
S(0,4)DifEntrp	1.7342196	0	0	0	0	0	0	0	0	0	0	0	0	0	0	0
_Area_S(4,4)	127008	0	0	0	0	0	0	0	0	0	0	0	0	0	0	0
S(4,4)AngScMom	0.0002565878	0	0	0	0	0	0	0	0	0	0	0	0	0	0	0
S(4,4)Contrast	702.12516	0	0	0	0	0	0	0	0	0	0	0	0	0	0	0
S(4,4)Correlat	0.0077741242	0	0	0	0	0	0	0	0	0	0	0	0	0	0	0
S(4,4)SumOfSqs	353.81317	0	0	0	0	0	0	0	0	0	0	0	0	0	0	0
S(4,4)InvDfMom	0.047225063	0	0	0	0	0	0	0	0	0	0	0	0	0	0	0
S(4,4)SumAverg	65.738253	0	0	0	0	0	0	0	0	0	0	0	0	0	0	0
S(4,4)SumVarnc	713.12751	0	0	0	0	0	0	0	0	0	0	0	0	0	0	0
S(4,4)SumEntrp	2.0308713	0	0	0	0	0	0	0	0	0	0	0	0	0	0	0
S(4,4)Entropy	3.6013139	0	0	0	0	0	0	0	0	0	0	0	0	0	0	0
S(4,4)DifVarnc	235.34227	0	0	0	0	0	0	0	0	0	0	0	0	0	0	0
S(4,4)DifEntrp	1.7323277	0	0	0	0	0	0	0	0	0	0	0	0	0	0	0
_Area_S(4,-4)	127008	0	0	0	0	0	0	0	0	0	0	0	0	0	0	0
S(4,-4)AngScMom	0.00025672207	0	0	0	0	0	0	0	0	0	0	0	0	0	0	0
S(4,-4)Contrast	711.55889	0	0	0	0	0	0	0	0	0	0	0	0	0	0	0
S(4,-4)Correlat	-0.0056242446	0	0	0	0	0	0	0	0	0	0	0	0	0	0	0
S(4,-4)SumOfSqs	353.78965	0	0	0	0	0	0	0	0	0	0	0	0	0	0	0
S(4,-4)InvDfMom	0.046724555	0	0	0	0	0	0	0	0	0	0	0	0	0	0	0
S(4,-4)SumAverg	65.735198	0	0	0	0	0	0	0	0	0	0	0	0	0	0	0
S(4,-4)SumVarnc	703.5997	0	0	0	0	0	0	0	0	0	0	0	0	0	0	0
S(4,-4)SumEntrp	2.0286215	0	0	0	0	0	0	0	0	0	0	0	0	0	0	0
S(4,-4)Entropy	3.6012606	0	0	0	0	0	0	0	0	0	0	0	0	0	0	0
S(4,-4)DifVarnc	236.75628	0	0	0	0	0	0	0	0	0	0	0	0	0	0	0
S(4,-4)DifEntrp	1.7344839	0	0	0	0	0	0	0	0	0	0	0	0	0	0	0
_Area_S(5,0)	128512	0	0	0	0	0	0	0	0	0	0	0	0	0	0	0
S(5,0)AngScMom	0.00025707999	0	0	0	0	0	0	0	0	0	0	0	0	0	0	0
S(5,0)Contrast	706.26536	0	0	0	0	0	0	0	0	0	0	0	0	0	0	0
S(5,0)Correlat	0.0027216909	0	0	0	0	0	0	0	0	0	0	0	0	0	0	0
S(5,0)SumOfSqs	354.09642	0	0	0	0	0	0	0	0	0	0	0	0	0	0	0
S(5,0)InvDfMom	0.047304529	0	0	0	0	0	0	0	0	0	0	0	0	0	0	0
S(5,0)SumAverg	65.746187	0	0	0	0	0	0	0	0	0	0	0	0	0	0	0
S(5,0)SumVarnc	710.12032	0	0	0	0	0	0	0	0	0	0	0	0	0	0	0
S(5,0)SumEntrp	2.0304211	0	0	0	0	0	0	0	0	0	0	0	0	0	0	0
S(5,0)Entropy	3.6010109	0	0	0	0	0	0	0	0	0	0	0	0	0	0	0
S(5,0)DifVarnc	234.98367	0	0	0	0	0	0	0	0	0	0	0	0	0	0	0
S(5,0)DifEntrp	1.7333242	0	0	0	0	0	0	0	0	0	0	0	0	0	0	0
_Area_S(0,5)	128512	0	0	0	0	0	0	0	0	0	0	0	0	0	0	0
S(0,5)AngScMom	0.00025639711	0	0	0	0	0	0	0	0	0	0	0	0	0	0	0
S(0,5)Contrast	710.27196	0	0	0	0	0	0	0	0	0	0	0	0	0	0	0
S(0,5)Correlat	-0.0041659161	0	0	0	0	0	0	0	0	0	0	0	0	0	0	0
S(0,5)SumOfSqs	353.66265	0	0	0	0	0	0	0	0	0	0	0	0	0	0	0
S(0,5)InvDfMom	0.047643534	0	0	0	0	0	0	0	0	0	0	0	0	0	0	0
S(0,5)SumAverg	65.723715	0	0	0	0	0	0	0	0	0	0	0	0	0	0	0
S(0,5)SumVarnc	704.37864	0	0	0	0	0	0	0	0	0	0	0	0	0	0	0
S(0,5)SumEntrp	2.028969	0	0	0	0	0	0	0	0	0	0	0	0	0	0	0
S(0,5)Entropy	3.6015579	0	0	0	0	0	0	0	0	0	0	0	0	0	0	0
S(0,5)DifVarnc	237.38749	0	0	0	0	0	0	0	0	0	0	0	0	0	0	0
S(0,5)DifEntrp	1.7342843	0	0	0	0	0	0	0	0	0	0	0	0	0	0	0
_Area_S(5,5)	126002	0	0	0	0	0	0	0	0	0	0	0	0	0	0	0
S(5,5)AngScMom	0.00025625604	0	0	0	0	0	0	0	0	0	0	0	0	0	0	0
S(5,5)Contrast	709.33914	0	0	0	0	0	0	0	0	0	0	0	0	0	0	0
S(5,5)Correlat	-0.0023838855	0	0	0	0	0	0	0	0	0	0	0	0	0	0	0
S(5,5)SumOfSqs	353.82609	0	0	0	0	0	0	0	0	0	0	0	0	0	0	0
S(5,5)InvDfMom	0.04620881	0	0	0	0	0	0	0	0	0	0	0	0	0	0	0
S(5,5)SumAverg	65.7211	0	0	0	0	0	0	0	0	0	0	0	0	0	0	0
S(5,5)SumVarnc	705.96521	0	0	0	0	0	0	0	0	0	0	0	0	0	0	0
S(5,5)SumEntrp	2.0289292	0	0	0	0	0	0	0	0	0	0	0	0	0	0	0
S(5,5)Entropy	3.6016045	0	0	0	0	0	0	0	0	0	0	0	0	0	0	0
S(5,5)DifVarnc	236.52845	0	0	0	0	0	0	0	0	0	0	0	0	0	0	0
S(5,5)DifEntrp	1.7341817	0	0	0	0	0	0	0	0	0	0	0	0	0	0	0
_Area_S(5,-5)	126002	0	0	0	0	0	0	0	0	0	0	0	0	0	0	0
S(5,-5)AngScMom	0.00025641111	0	0	0	0	0	0	0	0	0	0	0	0	0	0	0
S(5,-5)Contrast	704.54936	0	0	0	0	0	0	0	0	0	0	0	0	0	0	0
S(5,-5)Correlat	0.0043765029	0	0	0	0	0	0	0	0	0	0	0	0	0	0	0
S(5,-5)SumOfSqs	353.82319	0	0	0	0	0	0	0	0	0	0	0	0	0	0	0
S(5,-5)InvDfMom	0.048309143	0	0	0	0	0	0	0	0	0	0	0	0	0	0	0
S(5,-5)SumAverg	65.71756	0	0	0	0	0	0	0	0	0	0	0	0	0	0	0
S(5,-5)SumVarnc	710.74339	0	0	0	0	0	0	0	0	0	0	0	0	0	0	0
S(5,-5)SumEntrp	2.0303449	0	0	0	0	0	0	0	0	0	0	0	0	0	0	0
S(5,-5)Entropy	3.6015404	0	0	0	0	0	0	0	0	0	0	0	0	0	0	0
S(5,-5)DifVarnc	237.75454	0	0	0	0	0	0	0	0	0	0	0	0	0	0	0
S(5,-5)DifEntrp	1.7329468	0	0	0	0	0	0	0	0	0	0	0	0	0	0	0
Horzl_RLNonUni	61787.92	0	0	0	0	0	0	0	0	0	0	0	0	0	0	0
Horzl_GLevNonU	1012.6564	0	0	0	0	0	0	0	0	0	0	0	0	0	0	0
Horzl_LngREmph	1.0610739	0	0	0	0	0	0	0	0	0	0	0	0	0	0	0
Horzl_ShrtREmp	0.98528599	0	0	0	0	0	0	0	0	0	0	0	0	0	0	0
Horzl_Fraction	0.9803772	0	0	0	0	0	0	0	0	0	0	0	0	0	0	0
Vertl_RLNonUni	62578.134	0	0	0	0	0	0	0	0	0	0	0	0	0	0	0
Vertl_GLevNonU	1017.8252	0	0	0	0	0	0	0	0	0	0	0	0	0	0	0
Vertl_LngREmph	1.0470464	0	0	0	0	0	0	0	0	0	0	0	0	0	0	0
Vertl_ShrtREmp	0.98844501	0	0	0	0	0	0	0	0	0	0	0	0	0	0	0
Vertl_Fraction	0.98468018	0	0	0	0	0	0	0	0	0	0	0	0	0	0	0
45dgr_RLNonUni	62783.98	0	0	0	0	0	0	0	0	0	0	0	0	0	0	0
45dgr_GLevNonU	1018.9953	0	0	0	0	0	0	0	0	0	0	0	0	0	0	0
45dgr_LngREmph	1.0437448	0	0	0	0	0	0	0	0	0	0	0	0	0	0	0
45dgr_ShrtREmp	0.9892702	0	0	0	0	0	0	0	0	0	0	0	0	0	0	0
45dgr_Fraction	0.98574829	0	0	0	0	0	0	0	0	0	0	0	0	0	0	0
135dr_RLNonUni	62416.777	0	0	0	0	0	0	0	0	0	0	0	0	0	0	0
135dr_GLevNonU	1016.9191	0	0	0	0	0	0	0	0	0	0	0	0	0	0	0
135dr_LngREmph	1.049458	0	0	0	0	0	0	0	0	0	0	0	0	0	0	0
135dr_ShrtREmp	0.9877906	0	0	0	0	0	0	0	0	0	0	0	0	0	0	0
135dr_Fraction	0.98387146	0	0	0	0	0	0	0	0	0	0	0	0	0	0	0
_AreaGr	64516	0	0	0	0	0	0	0	0	0	0	0	0	0	0	0
GrMean	8.4289345	0	0	0	0	0	0	0	0	0	0	0	0	0	0	0
GrVariance	16.133871	0	0	0	0	0	0	0	0	0	0	0	0	0	0	0
GrSkewness	0.17034104	0	0	0	0	0	0	0	0	0	0	0	0	0	0	0
GrKurtosis	-0.67889323	0	0	0	0	0	0	0	0	0	0	0	0	0	0	0
GrNonZeros	0.99643499	0	0	0	0	0	0	0	0	0	0	0	0	0	0	0
_AreaARM	64770	0	0	0	0	0	0	0	0	0	0	0	0	0	0	0
Teta1	0.056343313	0	0	0	0	0	0	0	0	0	0	0	0	0	0	0
Teta2	0.0015452191	0	0	0	0	0	0	0	0	0	0	0	0	0	0	0
Teta3	-0.0043045815	0	0	0	0	0	0	0	0	0	0	0	0	0	0	0
Teta4	-0.0019996417	0	0	0	0	0	0	0	0	0	0	0	0	0	0	0
Sigma	0.99825837	0	0	0	0	0	0	0	0	0	0	0	0	0	0	0
WavEnLL_s-1	18145.154	0	0	0	0	0	0	0	0	0	0	0	0	0	0	0
WavEnLH_s-1	1496.5184	0	0	0	0	0	0	0	0	0	0	0	0	0	0	0
WavEnHL_s-1	1342.3426	0	0	0	0	0	0	0	0	0	0	0	0	0	0	0
WavEnHH_s-1	1332.4438	0	0	0	0	0	0	0	0	0	0	0	0	0	0	0
WavEnLL_s-2	17037.03	0	0	0	0	0	0	0	0	0	0	0	0	0	0	0
WavEnLH_s-2	399.53166	0	0	0	0	0	0	0	0	0	0	0	0	0	0	0
WavEnHL_s-2	342.78915	0	0	0	0	0	0	0	0	0	0	0	0	0	0	0
WavEnHH_s-2	365.80348	0	0	0	0	0	0	0	0	0	0	0	0	0	0	0
WavEnLL_s-3	16747.059	0	0	0	0	0	0	0	0	0	0	0	0	0	0	0
WavEnLH_s-3	104.453	0	0	0	0	0	0	0	0	0	0	0	0	0	0	0
WavEnHL_s-3	87.465269	0	0	0	0	0	0	0	0	0	0	0	0	0	0	0
WavEnHH_s-3	98.052614	0	0	0	0	0	0	0	0	0	0	0	0	0	0	0
WavEnLL_s-4	16673.957	0	0	0	0	0	0	0	0	0	0	0	0	0	0	0
WavEnLH_s-4	24.006419	0	0	0	0	0	0	0	0	0	0	0	0	0	0	0
WavEnHL_s-4	25.611468	0	0	0	0	0	0	0	0	0	0	0	0	0	0	0
WavEnHH_s-4	23.484241	0	0	0	0	0	0	0	0	0	0	0	0	0	0	0
