Image File: stone1-a-p012.png 
ROI File: allred.roi 
Image size: 256 x 256
Min. lum.: 1
Max. lum.: 256
Bits/pixel: 8

Normalisation =  No
Histogram analysis = Yes
CO matrix analysis = Yes, Dimensions = 6 x 6, Distances = 1 2 3 4 5
RL matrix analysis = Yes, Dimension = 6
Gradient analysis = Yes, Max pixel value = 16
AR model analysis = Yes
Wavelet analysis = Yes

--------------- CLASS NAMES ----------------

----------------- FEATURES -----------------
_Area	65536	0	0	0	0	0	0	0	0	0	0	0	0	0	0	0
Mean	132.1698	0	0	0	0	0	0	0	0	0	0	0	0	0	0	0
Variance	5608.9889	0	0	0	0	0	0	0	0	0	0	0	0	0	0	0
Skewness	-0.05450663	0	0	0	0	0	0	0	0	0	0	0	0	0	0	0
Kurtosis	-1.2158991	0	0	0	0	0	0	0	0	0	0	0	0	0	0	0
Perc.01%	3	0	0	0	0	0	0	0	0	0	0	0	0	0	0	0
Perc.10%	27	0	0	0	0	0	0	0	0	0	0	0	0	0	0	0
Perc.50%	132	0	0	0	0	0	0	0	0	0	0	0	0	0	0	0
Perc.90%	234	0	0	0	0	0	0	0	0	0	0	0	0	0	0	0
Perc.99%	254	0	0	0	0	0	0	0	0	0	0	0	0	0	0	0
_Area_S(1,0)	130560	0	0	0	0	0	0	0	0	0	0	0	0	0	0	0
S(1,0)AngScMom	0.00026487193	0	0	0	0	0	0	0	0	0	0	0	0	0	0	0
S(1,0)Contrast	667.30726	0	0	0	0	0	0	0	0	0	0	0	0	0	0	0
S(1,0)Correlat	0.046688279	0	0	0	0	0	0	0	0	0	0	0	0	0	0	0
S(1,0)SumOfSqs	349.99426	0	0	0	0	0	0	0	0	0	0	0	0	0	0	0
S(1,0)InvDfMom	0.052100797	0	0	0	0	0	0	0	0	0	0	0	0	0	0	0
S(1,0)SumAverg	66.81731	0	0	0	0	0	0	0	0	0	0	0	0	0	0	0
S(1,0)SumVarnc	732.66978	0	0	0	0	0	0	0	0	0	0	0	0	0	0	0
S(1,0)SumEntrp	2.0359173	0	0	0	0	0	0	0	0	0	0	0	0	0	0	0
S(1,0)Entropy	3.595047	0	0	0	0	0	0	0	0	0	0	0	0	0	0	0
S(1,0)DifVarnc	227.34121	0	0	0	0	0	0	0	0	0	0	0	0	0	0	0
S(1,0)DifEntrp	1.7227259	0	0	0	0	0	0	0	0	0	0	0	0	0	0	0
_Area_S(0,1)	130560	0	0	0	0	0	0	0	0	0	0	0	0	0	0	0
S(0,1)AngScMom	0.00025825134	0	0	0	0	0	0	0	0	0	0	0	0	0	0	0
S(0,1)Contrast	704.42065	0	0	0	0	0	0	0	0	0	0	0	0	0	0	0
S(0,1)Correlat	-0.006848736	0	0	0	0	0	0	0	0	0	0	0	0	0	0	0
S(0,1)SumOfSqs	349.81454	0	0	0	0	0	0	0	0	0	0	0	0	0	0	0
S(0,1)InvDfMom	0.045959369	0	0	0	0	0	0	0	0	0	0	0	0	0	0	0
S(0,1)SumAverg	66.827788	0	0	0	0	0	0	0	0	0	0	0	0	0	0	0
S(0,1)SumVarnc	694.8375	0	0	0	0	0	0	0	0	0	0	0	0	0	0	0
S(0,1)SumEntrp	2.0260665	0	0	0	0	0	0	0	0	0	0	0	0	0	0	0
S(0,1)Entropy	3.5997798	0	0	0	0	0	0	0	0	0	0	0	0	0	0	0
S(0,1)DifVarnc	233.73274	0	0	0	0	0	0	0	0	0	0	0	0	0	0	0
S(0,1)DifEntrp	1.7326804	0	0	0	0	0	0	0	0	0	0	0	0	0	0	0
_Area_S(1,1)	130050	0	0	0	0	0	0	0	0	0	0	0	0	0	0	0
S(1,1)AngScMom	0.00025857242	0	0	0	0	0	0	0	0	0	0	0	0	0	0	0
S(1,1)Contrast	698.28975	0	0	0	0	0	0	0	0	0	0	0	0	0	0	0
S(1,1)Correlat	0.0020528773	0	0	0	0	0	0	0	0	0	0	0	0	0	0	0
S(1,1)SumOfSqs	349.8631	0	0	0	0	0	0	0	0	0	0	0	0	0	0	0
S(1,1)InvDfMom	0.046884571	0	0	0	0	0	0	0	0	0	0	0	0	0	0	0
S(1,1)SumAverg	66.827789	0	0	0	0	0	0	0	0	0	0	0	0	0	0	0
S(1,1)SumVarnc	701.16265	0	0	0	0	0	0	0	0	0	0	0	0	0	0	0
S(1,1)SumEntrp	2.0276058	0	0	0	0	0	0	0	0	0	0	0	0	0	0	0
S(1,1)Entropy	3.5994615	0	0	0	0	0	0	0	0	0	0	0	0	0	0	0
S(1,1)DifVarnc	233.27046	0	0	0	0	0	0	0	0	0	0	0	0	0	0	0
S(1,1)DifEntrp	1.7311919	0	0	0	0	0	0	0	0	0	0	0	0	0	0	0
_Area_S(1,-1)	130050	0	0	0	0	0	0	0	0	0	0	0	0	0	0	0
S(1,-1)AngScMom	0.00025840356	0	0	0	0	0	0	0	0	0	0	0	0	0	0	0
S(1,-1)Contrast	699.93106	0	0	0	0	0	0	0	0	0	0	0	0	0	0	0
S(1,-1)Correlat	-0.00029137328	0	0	0	0	0	0	0	0	0	0	0	0	0	0	0
S(1,-1)SumOfSqs	349.86359	0	0	0	0	0	0	0	0	0	0	0	0	0	0	0
S(1,-1)InvDfMom	0.046713293	0	0	0	0	0	0	0	0	0	0	0	0	0	0	0
S(1,-1)SumAverg	66.826836	0	0	0	0	0	0	0	0	0	0	0	0	0	0	0
S(1,-1)SumVarnc	699.52329	0	0	0	0	0	0	0	0	0	0	0	0	0	0	0
S(1,-1)SumEntrp	2.02691	0	0	0	0	0	0	0	0	0	0	0	0	0	0	0
S(1,-1)Entropy	3.5996484	0	0	0	0	0	0	0	0	0	0	0	0	0	0	0
S(1,-1)DifVarnc	233.85658	0	0	0	0	0	0	0	0	0	0	0	0	0	0	0
S(1,-1)DifEntrp	1.731766	0	0	0	0	0	0	0	0	0	0	0	0	0	0	0
_Area_S(2,0)	130048	0	0	0	0	0	0	0	0	0	0	0	0	0	0	0
S(2,0)AngScMom	0.00025971598	0	0	0	0	0	0	0	0	0	0	0	0	0	0	0
S(2,0)Contrast	686.61171	0	0	0	0	0	0	0	0	0	0	0	0	0	0	0
S(2,0)Correlat	0.019203177	0	0	0	0	0	0	0	0	0	0	0	0	0	0	0
S(2,0)SumOfSqs	350.0275	0	0	0	0	0	0	0	0	0	0	0	0	0	0	0
S(2,0)InvDfMom	0.047356245	0	0	0	0	0	0	0	0	0	0	0	0	0	0	0
S(2,0)SumAverg	66.817052	0	0	0	0	0	0	0	0	0	0	0	0	0	0	0
S(2,0)SumVarnc	713.49827	0	0	0	0	0	0	0	0	0	0	0	0	0	0	0
S(2,0)SumEntrp	2.0313574	0	0	0	0	0	0	0	0	0	0	0	0	0	0	0
S(2,0)Entropy	3.5987468	0	0	0	0	0	0	0	0	0	0	0	0	0	0	0
S(2,0)DifVarnc	229.51989	0	0	0	0	0	0	0	0	0	0	0	0	0	0	0
S(2,0)DifEntrp	1.7275988	0	0	0	0	0	0	0	0	0	0	0	0	0	0	0
_Area_S(0,2)	130048	0	0	0	0	0	0	0	0	0	0	0	0	0	0	0
S(0,2)AngScMom	0.00025794238	0	0	0	0	0	0	0	0	0	0	0	0	0	0	0
S(0,2)Contrast	700.8993	0	0	0	0	0	0	0	0	0	0	0	0	0	0	0
S(0,2)Correlat	-0.0020531865	0	0	0	0	0	0	0	0	0	0	0	0	0	0	0
S(0,2)SumOfSqs	349.73159	0	0	0	0	0	0	0	0	0	0	0	0	0	0	0
S(0,2)InvDfMom	0.047265072	0	0	0	0	0	0	0	0	0	0	0	0	0	0	0
S(0,2)SumAverg	66.823327	0	0	0	0	0	0	0	0	0	0	0	0	0	0	0
S(0,2)SumVarnc	698.02704	0	0	0	0	0	0	0	0	0	0	0	0	0	0	0
S(0,2)SumEntrp	2.0268168	0	0	0	0	0	0	0	0	0	0	0	0	0	0	0
S(0,2)Entropy	3.6000574	0	0	0	0	0	0	0	0	0	0	0	0	0	0	0
S(0,2)DifVarnc	233.91161	0	0	0	0	0	0	0	0	0	0	0	0	0	0	0
S(0,2)DifEntrp	1.7313502	0	0	0	0	0	0	0	0	0	0	0	0	0	0	0
_Area_S(2,2)	129032	0	0	0	0	0	0	0	0	0	0	0	0	0	0	0
S(2,2)AngScMom	0.00025834294	0	0	0	0	0	0	0	0	0	0	0	0	0	0	0
S(2,2)Contrast	700.9498	0	0	0	0	0	0	0	0	0	0	0	0	0	0	0
S(2,2)Correlat	-0.0018758984	0	0	0	0	0	0	0	0	0	0	0	0	0	0	0
S(2,2)SumOfSqs	349.81867	0	0	0	0	0	0	0	0	0	0	0	0	0	0	0
S(2,2)InvDfMom	0.04717469	0	0	0	0	0	0	0	0	0	0	0	0	0	0	0
S(2,2)SumAverg	66.822447	0	0	0	0	0	0	0	0	0	0	0	0	0	0	0
S(2,2)SumVarnc	698.3249	0	0	0	0	0	0	0	0	0	0	0	0	0	0	0
S(2,2)SumEntrp	2.0271124	0	0	0	0	0	0	0	0	0	0	0	0	0	0	0
S(2,2)Entropy	3.5996481	0	0	0	0	0	0	0	0	0	0	0	0	0	0	0
S(2,2)DifVarnc	234.07543	0	0	0	0	0	0	0	0	0	0	0	0	0	0	0
S(2,2)DifEntrp	1.7318229	0	0	0	0	0	0	0	0	0	0	0	0	0	0	0
_Area_S(2,-2)	129032	0	0	0	0	0	0	0	0	0	0	0	0	0	0	0
S(2,-2)AngScMom	0.00025814629	0	0	0	0	0	0	0	0	0	0	0	0	0	0	0
S(2,-2)Contrast	700.9294	0	0	0	0	0	0	0	0	0	0	0	0	0	0	0
S(2,-2)Correlat	-0.0018365565	0	0	0	0	0	0	0	0	0	0	0	0	0	0	0
S(2,-2)SumOfSqs	349.82223	0	0	0	0	0	0	0	0	0	0	0	0	0	0	0
S(2,-2)InvDfMom	0.046413949	0	0	0	0	0	0	0	0	0	0	0	0	0	0	0
S(2,-2)SumAverg	66.822881	0	0	0	0	0	0	0	0	0	0	0	0	0	0	0
S(2,-2)SumVarnc	698.35952	0	0	0	0	0	0	0	0	0	0	0	0	0	0	0
S(2,-2)SumEntrp	2.0268102	0	0	0	0	0	0	0	0	0	0	0	0	0	0	0
S(2,-2)Entropy	3.5998842	0	0	0	0	0	0	0	0	0	0	0	0	0	0	0
S(2,-2)DifVarnc	233.4654	0	0	0	0	0	0	0	0	0	0	0	0	0	0	0
S(2,-2)DifEntrp	1.731194	0	0	0	0	0	0	0	0	0	0	0	0	0	0	0
_Area_S(3,0)	129536	0	0	0	0	0	0	0	0	0	0	0	0	0	0	0
S(3,0)AngScMom	0.00025847758	0	0	0	0	0	0	0	0	0	0	0	0	0	0	0
S(3,0)Contrast	691.73708	0	0	0	0	0	0	0	0	0	0	0	0	0	0	0
S(3,0)Correlat	0.01220054	0	0	0	0	0	0	0	0	0	0	0	0	0	0	0
S(3,0)SumOfSqs	350.14044	0	0	0	0	0	0	0	0	0	0	0	0	0	0	0
S(3,0)InvDfMom	0.04787943	0	0	0	0	0	0	0	0	0	0	0	0	0	0	0
S(3,0)SumAverg	66.824991	0	0	0	0	0	0	0	0	0	0	0	0	0	0	0
S(3,0)SumVarnc	708.82469	0	0	0	0	0	0	0	0	0	0	0	0	0	0	0
S(3,0)SumEntrp	2.030084	0	0	0	0	0	0	0	0	0	0	0	0	0	0	0
S(3,0)Entropy	3.5996542	0	0	0	0	0	0	0	0	0	0	0	0	0	0	0
S(3,0)DifVarnc	231.80717	0	0	0	0	0	0	0	0	0	0	0	0	0	0	0
S(3,0)DifEntrp	1.7294224	0	0	0	0	0	0	0	0	0	0	0	0	0	0	0
_Area_S(0,3)	129536	0	0	0	0	0	0	0	0	0	0	0	0	0	0	0
S(0,3)AngScMom	0.00025798591	0	0	0	0	0	0	0	0	0	0	0	0	0	0	0
S(0,3)Contrast	700.45157	0	0	0	0	0	0	0	0	0	0	0	0	0	0	0
S(0,3)Correlat	-0.0013852817	0	0	0	0	0	0	0	0	0	0	0	0	0	0	0
S(0,3)SumOfSqs	349.74129	0	0	0	0	0	0	0	0	0	0	0	0	0	0	0
S(0,3)InvDfMom	0.046207723	0	0	0	0	0	0	0	0	0	0	0	0	0	0	0
S(0,3)SumAverg	66.815202	0	0	0	0	0	0	0	0	0	0	0	0	0	0	0
S(0,3)SumVarnc	698.5136	0	0	0	0	0	0	0	0	0	0	0	0	0	0	0
S(0,3)SumEntrp	2.0268359	0	0	0	0	0	0	0	0	0	0	0	0	0	0	0
S(0,3)Entropy	3.5999401	0	0	0	0	0	0	0	0	0	0	0	0	0	0	0
S(0,3)DifVarnc	234.01815	0	0	0	0	0	0	0	0	0	0	0	0	0	0	0
S(0,3)DifEntrp	1.7315947	0	0	0	0	0	0	0	0	0	0	0	0	0	0	0
_Area_S(3,3)	128018	0	0	0	0	0	0	0	0	0	0	0	0	0	0	0
S(3,3)AngScMom	0.00025822742	0	0	0	0	0	0	0	0	0	0	0	0	0	0	0
S(3,3)Contrast	700.94796	0	0	0	0	0	0	0	0	0	0	0	0	0	0	0
S(3,3)Correlat	-0.0014718214	0	0	0	0	0	0	0	0	0	0	0	0	0	0	0
S(3,3)SumOfSqs	349.9589	0	0	0	0	0	0	0	0	0	0	0	0	0	0	0
S(3,3)InvDfMom	0.046726824	0	0	0	0	0	0	0	0	0	0	0	0	0	0	0
S(3,3)SumAverg	66.822916	0	0	0	0	0	0	0	0	0	0	0	0	0	0	0
S(3,3)SumVarnc	698.88765	0	0	0	0	0	0	0	0	0	0	0	0	0	0	0
S(3,3)SumEntrp	2.0270171	0	0	0	0	0	0	0	0	0	0	0	0	0	0	0
S(3,3)Entropy	3.5997641	0	0	0	0	0	0	0	0	0	0	0	0	0	0	0
S(3,3)DifVarnc	232.76164	0	0	0	0	0	0	0	0	0	0	0	0	0	0	0
S(3,3)DifEntrp	1.731573	0	0	0	0	0	0	0	0	0	0	0	0	0	0	0
_Area_S(3,-3)	128018	0	0	0	0	0	0	0	0	0	0	0	0	0	0	0
S(3,-3)AngScMom	0.00025829246	0	0	0	0	0	0	0	0	0	0	0	0	0	0	0
S(3,-3)Contrast	695.28721	0	0	0	0	0	0	0	0	0	0	0	0	0	0	0
S(3,-3)Correlat	0.0065513256	0	0	0	0	0	0	0	0	0	0	0	0	0	0	0
S(3,-3)SumOfSqs	349.93615	0	0	0	0	0	0	0	0	0	0	0	0	0	0	0
S(3,-3)InvDfMom	0.04726943	0	0	0	0	0	0	0	0	0	0	0	0	0	0	0
S(3,-3)SumAverg	66.824087	0	0	0	0	0	0	0	0	0	0	0	0	0	0	0
S(3,-3)SumVarnc	704.45739	0	0	0	0	0	0	0	0	0	0	0	0	0	0	0
S(3,-3)SumEntrp	2.0283651	0	0	0	0	0	0	0	0	0	0	0	0	0	0	0
S(3,-3)Entropy	3.5997277	0	0	0	0	0	0	0	0	0	0	0	0	0	0	0
S(3,-3)DifVarnc	232.25661	0	0	0	0	0	0	0	0	0	0	0	0	0	0	0
S(3,-3)DifEntrp	1.7305385	0	0	0	0	0	0	0	0	0	0	0	0	0	0	0
_Area_S(4,0)	129024	0	0	0	0	0	0	0	0	0	0	0	0	0	0	0
S(4,0)AngScMom	0.00025848935	0	0	0	0	0	0	0	0	0	0	0	0	0	0	0
S(4,0)Contrast	695.99625	0	0	0	0	0	0	0	0	0	0	0	0	0	0	0
S(4,0)Correlat	0.0060436994	0	0	0	0	0	0	0	0	0	0	0	0	0	0	0
S(4,0)SumOfSqs	350.11411	0	0	0	0	0	0	0	0	0	0	0	0	0	0	0
S(4,0)InvDfMom	0.047017974	0	0	0	0	0	0	0	0	0	0	0	0	0	0	0
S(4,0)SumAverg	66.819816	0	0	0	0	0	0	0	0	0	0	0	0	0	0	0
S(4,0)SumVarnc	704.46019	0	0	0	0	0	0	0	0	0	0	0	0	0	0	0
S(4,0)SumEntrp	2.0285572	0	0	0	0	0	0	0	0	0	0	0	0	0	0	0
S(4,0)Entropy	3.5996077	0	0	0	0	0	0	0	0	0	0	0	0	0	0	0
S(4,0)DifVarnc	232.91269	0	0	0	0	0	0	0	0	0	0	0	0	0	0	0
S(4,0)DifEntrp	1.7302467	0	0	0	0	0	0	0	0	0	0	0	0	0	0	0
_Area_S(0,4)	129024	0	0	0	0	0	0	0	0	0	0	0	0	0	0	0
S(0,4)AngScMom	0.0002581747	0	0	0	0	0	0	0	0	0	0	0	0	0	0	0
S(0,4)Contrast	701.1119	0	0	0	0	0	0	0	0	0	0	0	0	0	0	0
S(0,4)Correlat	-0.0022927859	0	0	0	0	0	0	0	0	0	0	0	0	0	0	0
S(0,4)SumOfSqs	349.75404	0	0	0	0	0	0	0	0	0	0	0	0	0	0	0
S(0,4)InvDfMom	0.046977291	0	0	0	0	0	0	0	0	0	0	0	0	0	0	0
S(0,4)SumAverg	66.815771	0	0	0	0	0	0	0	0	0	0	0	0	0	0	0
S(0,4)SumVarnc	697.90426	0	0	0	0	0	0	0	0	0	0	0	0	0	0	0
S(0,4)SumEntrp	2.0267681	0	0	0	0	0	0	0	0	0	0	0	0	0	0	0
S(0,4)Entropy	3.5998292	0	0	0	0	0	0	0	0	0	0	0	0	0	0	0
S(0,4)DifVarnc	234.61096	0	0	0	0	0	0	0	0	0	0	0	0	0	0	0
S(0,4)DifEntrp	1.731366	0	0	0	0	0	0	0	0	0	0	0	0	0	0	0
_Area_S(4,4)	127008	0	0	0	0	0	0	0	0	0	0	0	0	0	0	0
S(4,4)AngScMom	0.00025840008	0	0	0	0	0	0	0	0	0	0	0	0	0	0	0
S(4,4)Contrast	699.16514	0	0	0	0	0	0	0	0	0	0	0	0	0	0	0
S(4,4)Correlat	0.0010206351	0	0	0	0	0	0	0	0	0	0	0	0	0	0	0
S(4,4)SumOfSqs	349.93973	0	0	0	0	0	0	0	0	0	0	0	0	0	0	0
S(4,4)InvDfMom	0.046764195	0	0	0	0	0	0	0	0	0	0	0	0	0	0	0
S(4,4)SumAverg	66.817571	0	0	0	0	0	0	0	0	0	0	0	0	0	0	0
S(4,4)SumVarnc	700.59378	0	0	0	0	0	0	0	0	0	0	0	0	0	0	0
S(4,4)SumEntrp	2.027213	0	0	0	0	0	0	0	0	0	0	0	0	0	0	0
S(4,4)Entropy	3.599627	0	0	0	0	0	0	0	0	0	0	0	0	0	0	0
S(4,4)DifVarnc	232.07669	0	0	0	0	0	0	0	0	0	0	0	0	0	0	0
S(4,4)DifEntrp	1.7309972	0	0	0	0	0	0	0	0	0	0	0	0	0	0	0
_Area_S(4,-4)	127008	0	0	0	0	0	0	0	0	0	0	0	0	0	0	0
S(4,-4)AngScMom	0.00025785269	0	0	0	0	0	0	0	0	0	0	0	0	0	0	0
S(4,-4)Contrast	700.14813	0	0	0	0	0	0	0	0	0	0	0	0	0	0	0
S(4,-4)Correlat	-0.00039689225	0	0	0	0	0	0	0	0	0	0	0	0	0	0	0
S(4,-4)SumOfSqs	349.93518	0	0	0	0	0	0	0	0	0	0	0	0	0	0	0
S(4,-4)InvDfMom	0.0471867	0	0	0	0	0	0	0	0	0	0	0	0	0	0	0
S(4,-4)SumAverg	66.820531	0	0	0	0	0	0	0	0	0	0	0	0	0	0	0
S(4,-4)SumVarnc	699.59259	0	0	0	0	0	0	0	0	0	0	0	0	0	0	0
S(4,-4)SumEntrp	2.0271577	0	0	0	0	0	0	0	0	0	0	0	0	0	0	0
S(4,-4)Entropy	3.6000694	0	0	0	0	0	0	0	0	0	0	0	0	0	0	0
S(4,-4)DifVarnc	232.94669	0	0	0	0	0	0	0	0	0	0	0	0	0	0	0
S(4,-4)DifEntrp	1.731255	0	0	0	0	0	0	0	0	0	0	0	0	0	0	0
_Area_S(5,0)	128512	0	0	0	0	0	0	0	0	0	0	0	0	0	0	0
S(5,0)AngScMom	0.00025844164	0	0	0	0	0	0	0	0	0	0	0	0	0	0	0
S(5,0)Contrast	697.93319	0	0	0	0	0	0	0	0	0	0	0	0	0	0	0
S(5,0)Correlat	0.0030490831	0	0	0	0	0	0	0	0	0	0	0	0	0	0	0
S(5,0)SumOfSqs	350.03388	0	0	0	0	0	0	0	0	0	0	0	0	0	0	0
S(5,0)InvDfMom	0.047166096	0	0	0	0	0	0	0	0	0	0	0	0	0	0	0
S(5,0)SumAverg	66.824779	0	0	0	0	0	0	0	0	0	0	0	0	0	0	0
S(5,0)SumVarnc	702.20232	0	0	0	0	0	0	0	0	0	0	0	0	0	0	0
S(5,0)SumEntrp	2.0280787	0	0	0	0	0	0	0	0	0	0	0	0	0	0	0
S(5,0)Entropy	3.5996623	0	0	0	0	0	0	0	0	0	0	0	0	0	0	0
S(5,0)DifVarnc	232.60982	0	0	0	0	0	0	0	0	0	0	0	0	0	0	0
S(5,0)DifEntrp	1.730811	0	0	0	0	0	0	0	0	0	0	0	0	0	0	0
_Area_S(0,5)	128512	0	0	0	0	0	0	0	0	0	0	0	0	0	0	0
S(0,5)AngScMom	0.00025826011	0	0	0	0	0	0	0	0	0	0	0	0	0	0	0
S(0,5)Contrast	701.30665	0	0	0	0	0	0	0	0	0	0	0	0	0	0	0
S(0,5)Correlat	-0.0025156007	0	0	0	0	0	0	0	0	0	0	0	0	0	0	0
S(0,5)SumOfSqs	349.77343	0	0	0	0	0	0	0	0	0	0	0	0	0	0	0
S(0,5)InvDfMom	0.046605794	0	0	0	0	0	0	0	0	0	0	0	0	0	0	0
S(0,5)SumAverg	66.804937	0	0	0	0	0	0	0	0	0	0	0	0	0	0	0
S(0,5)SumVarnc	697.78709	0	0	0	0	0	0	0	0	0	0	0	0	0	0	0
S(0,5)SumEntrp	2.026801	0	0	0	0	0	0	0	0	0	0	0	0	0	0	0
S(0,5)Entropy	3.5996874	0	0	0	0	0	0	0	0	0	0	0	0	0	0	0
S(0,5)DifVarnc	233.42233	0	0	0	0	0	0	0	0	0	0	0	0	0	0	0
S(0,5)DifEntrp	1.7314334	0	0	0	0	0	0	0	0	0	0	0	0	0	0	0
_Area_S(5,5)	126002	0	0	0	0	0	0	0	0	0	0	0	0	0	0	0
S(5,5)AngScMom	0.00025784694	0	0	0	0	0	0	0	0	0	0	0	0	0	0	0
S(5,5)Contrast	695.79062	0	0	0	0	0	0	0	0	0	0	0	0	0	0	0
S(5,5)Correlat	0.005687119	0	0	0	0	0	0	0	0	0	0	0	0	0	0	0
S(5,5)SumOfSqs	349.88515	0	0	0	0	0	0	0	0	0	0	0	0	0	0	0
S(5,5)InvDfMom	0.047078124	0	0	0	0	0	0	0	0	0	0	0	0	0	0	0
S(5,5)SumAverg	66.811114	0	0	0	0	0	0	0	0	0	0	0	0	0	0	0
S(5,5)SumVarnc	703.74998	0	0	0	0	0	0	0	0	0	0	0	0	0	0	0
S(5,5)SumEntrp	2.0283473	0	0	0	0	0	0	0	0	0	0	0	0	0	0	0
S(5,5)Entropy	3.6001321	0	0	0	0	0	0	0	0	0	0	0	0	0	0	0
S(5,5)DifVarnc	233.09448	0	0	0	0	0	0	0	0	0	0	0	0	0	0	0
S(5,5)DifEntrp	1.7303687	0	0	0	0	0	0	0	0	0	0	0	0	0	0	0
_Area_S(5,-5)	126002	0	0	0	0	0	0	0	0	0	0	0	0	0	0	0
S(5,-5)AngScMom	0.00025853941	0	0	0	0	0	0	0	0	0	0	0	0	0	0	0
S(5,-5)Contrast	700.94002	0	0	0	0	0	0	0	0	0	0	0	0	0	0	0
S(5,-5)Correlat	-0.0017334715	0	0	0	0	0	0	0	0	0	0	0	0	0	0	0
S(5,-5)SumOfSqs	349.86353	0	0	0	0	0	0	0	0	0	0	0	0	0	0	0
S(5,-5)InvDfMom	0.047288098	0	0	0	0	0	0	0	0	0	0	0	0	0	0	0
S(5,-5)SumAverg	66.812622	0	0	0	0	0	0	0	0	0	0	0	0	0	0	0
S(5,-5)SumVarnc	698.5141	0	0	0	0	0	0	0	0	0	0	0	0	0	0	0
S(5,-5)SumEntrp	2.0269517	0	0	0	0	0	0	0	0	0	0	0	0	0	0	0
S(5,-5)Entropy	3.5995166	0	0	0	0	0	0	0	0	0	0	0	0	0	0	0
S(5,-5)DifVarnc	233.69928	0	0	0	0	0	0	0	0	0	0	0	0	0	0	0
S(5,-5)DifEntrp	1.7318758	0	0	0	0	0	0	0	0	0	0	0	0	0	0	0
Horzl_RLNonUni	61821.252	0	0	0	0	0	0	0	0	0	0	0	0	0	0	0
Horzl_GLevNonU	1016.189	0	0	0	0	0	0	0	0	0	0	0	0	0	0	0
Horzl_LngREmph	1.0602515	0	0	0	0	0	0	0	0	0	0	0	0	0	0	0
Horzl_ShrtREmp	0.98541314	0	0	0	0	0	0	0	0	0	0	0	0	0	0	0
Horzl_Fraction	0.98059082	0	0	0	0	0	0	0	0	0	0	0	0	0	0	0
Vertl_RLNonUni	62559.175	0	0	0	0	0	0	0	0	0	0	0	0	0	0	0
Vertl_GLevNonU	1020.8356	0	0	0	0	0	0	0	0	0	0	0	0	0	0	0
Vertl_LngREmph	1.0477829	0	0	0	0	0	0	0	0	0	0	0	0	0	0	0
Vertl_ShrtREmp	0.98838147	0	0	0	0	0	0	0	0	0	0	0	0	0	0	0
Vertl_Fraction	0.98451233	0	0	0	0	0	0	0	0	0	0	0	0	0	0	0
45dgr_RLNonUni	62394.885	0	0	0	0	0	0	0	0	0	0	0	0	0	0	0
45dgr_GLevNonU	1019.9956	0	0	0	0	0	0	0	0	0	0	0	0	0	0	0
45dgr_LngREmph	1.0502428	0	0	0	0	0	0	0	0	0	0	0	0	0	0	0
45dgr_ShrtREmp	0.98771508	0	0	0	0	0	0	0	0	0	0	0	0	0	0	0
45dgr_Fraction	0.98368835	0	0	0	0	0	0	0	0	0	0	0	0	0	0	0
135dr_RLNonUni	62461.059	0	0	0	0	0	0	0	0	0	0	0	0	0	0	0
135dr_GLevNonU	1020.3339	0	0	0	0	0	0	0	0	0	0	0	0	0	0	0
135dr_LngREmph	1.0496084	0	0	0	0	0	0	0	0	0	0	0	0	0	0	0
135dr_ShrtREmp	0.98799419	0	0	0	0	0	0	0	0	0	0	0	0	0	0	0
135dr_Fraction	0.98396301	0	0	0	0	0	0	0	0	0	0	0	0	0	0	0
_AreaGr	64516	0	0	0	0	0	0	0	0	0	0	0	0	0	0	0
GrMean	8.4041558	0	0	0	0	0	0	0	0	0	0	0	0	0	0	0
GrVariance	15.940676	0	0	0	0	0	0	0	0	0	0	0	0	0	0	0
GrSkewness	0.16990579	0	0	0	0	0	0	0	0	0	0	0	0	0	0	0
GrKurtosis	-0.67002638	0	0	0	0	0	0	0	0	0	0	0	0	0	0	0
GrNonZeros	0.99618699	0	0	0	0	0	0	0	0	0	0	0	0	0	0	0
_AreaARM	64770	0	0	0	0	0	0	0	0	0	0	0	0	0	0	0
Teta1	0.046570408	0	0	0	0	0	0	0	0	0	0	0	0	0	0	0
Teta2	-4.2880115e-05	0	0	0	0	0	0	0	0	0	0	0	0	0	0	0
Teta3	-0.0071794626	0	0	0	0	0	0	0	0	0	0	0	0	0	0	0
Teta4	0.0025892122	0	0	0	0	0	0	0	0	0	0	0	0	0	0	0
Sigma	0.99855023	0	0	0	0	0	0	0	0	0	0	0	0	0	0	0
WavEnLL_s-1	18676.05	0	0	0	0	0	0	0	0	0	0	0	0	0	0	0
WavEnLH_s-1	1466.9807	0	0	0	0	0	0	0	0	0	0	0	0	0	0	0
WavEnHL_s-1	1325.3934	0	0	0	0	0	0	0	0	0	0	0	0	0	0	0
WavEnHH_s-1	1346.081	0	0	0	0	0	0	0	0	0	0	0	0	0	0	0
WavEnLL_s-2	17590.924	0	0	0	0	0	0	0	0	0	0	0	0	0	0	0
WavEnLH_s-2	380.12054	0	0	0	0	0	0	0	0	0	0	0	0	0	0	0
WavEnHL_s-2	338.5571	0	0	0	0	0	0	0	0	0	0	0	0	0	0	0
WavEnHH_s-2	366.44891	0	0	0	0	0	0	0	0	0	0	0	0	0	0	0
WavEnLL_s-3	17307.894	0	0	0	0	0	0	0	0	0	0	0	0	0	0	0
WavEnLH_s-3	98.147964	0	0	0	0	0	0	0	0	0	0	0	0	0	0	0
WavEnHL_s-3	87.893353	0	0	0	0	0	0	0	0	0	0	0	0	0	0	0
WavEnHH_s-3	96.988071	0	0	0	0	0	0	0	0	0	0	0	0	0	0	0
WavEnLL_s-4	17230.23	0	0	0	0	0	0	0	0	0	0	0	0	0	0	0
WavEnLH_s-4	24.58902	0	0	0	0	0	0	0	0	0	0	0	0	0	0	0
WavEnHL_s-4	26.171224	0	0	0	0	0	0	0	0	0	0	0	0	0	0	0
WavEnHH_s-4	26.904051	0	0	0	0	0	0	0	0	0	0	0	0	0	0	0
