Image File: stone1-a-p027.png 
ROI File: allred.roi 
Image size: 256 x 256
Min. lum.: 1
Max. lum.: 256
Bits/pixel: 8

Normalisation =  No
Histogram analysis = Yes
CO matrix analysis = Yes, Dimensions = 6 x 6, Distances = 1 2 3 4 5
RL matrix analysis = Yes, Dimension = 6
Gradient analysis = Yes, Max pixel value = 16
AR model analysis = Yes
Wavelet analysis = Yes

--------------- CLASS NAMES ----------------

----------------- FEATURES -----------------
_Area	65536	0	0	0	0	0	0	0	0	0	0	0	0	0	0	0
Mean	132.18007	0	0	0	0	0	0	0	0	0	0	0	0	0	0	0
Variance	5555.5021	0	0	0	0	0	0	0	0	0	0	0	0	0	0	0
Skewness	-0.061486716	0	0	0	0	0	0	0	0	0	0	0	0	0	0	0
Kurtosis	-1.2033647	0	0	0	0	0	0	0	0	0	0	0	0	0	0	0
Perc.01%	3	0	0	0	0	0	0	0	0	0	0	0	0	0	0	0
Perc.10%	27	0	0	0	0	0	0	0	0	0	0	0	0	0	0	0
Perc.50%	132	0	0	0	0	0	0	0	0	0	0	0	0	0	0	0
Perc.90%	234	0	0	0	0	0	0	0	0	0	0	0	0	0	0	0
Perc.99%	254	0	0	0	0	0	0	0	0	0	0	0	0	0	0	0
_Area_S(1,0)	130560	0	0	0	0	0	0	0	0	0	0	0	0	0	0	0
S(1,0)AngScMom	0.00026480552	0	0	0	0	0	0	0	0	0	0	0	0	0	0	0
S(1,0)Contrast	654.79789	0	0	0	0	0	0	0	0	0	0	0	0	0	0	0
S(1,0)Correlat	0.055715683	0	0	0	0	0	0	0	0	0	0	0	0	0	0	0
S(1,0)SumOfSqs	346.71649	0	0	0	0	0	0	0	0	0	0	0	0	0	0	0
S(1,0)InvDfMom	0.052722195	0	0	0	0	0	0	0	0	0	0	0	0	0	0	0
S(1,0)SumAverg	66.820711	0	0	0	0	0	0	0	0	0	0	0	0	0	0	0
S(1,0)SumVarnc	732.06807	0	0	0	0	0	0	0	0	0	0	0	0	0	0	0
S(1,0)SumEntrp	2.0361083	0	0	0	0	0	0	0	0	0	0	0	0	0	0	0
S(1,0)Entropy	3.5949578	0	0	0	0	0	0	0	0	0	0	0	0	0	0	0
S(1,0)DifVarnc	223.5409	0	0	0	0	0	0	0	0	0	0	0	0	0	0	0
S(1,0)DifEntrp	1.7189729	0	0	0	0	0	0	0	0	0	0	0	0	0	0	0
_Area_S(0,1)	130560	0	0	0	0	0	0	0	0	0	0	0	0	0	0	0
S(0,1)AngScMom	0.00025783587	0	0	0	0	0	0	0	0	0	0	0	0	0	0	0
S(0,1)Contrast	690.54539	0	0	0	0	0	0	0	0	0	0	0	0	0	0	0
S(0,1)Correlat	0.0037603186	0	0	0	0	0	0	0	0	0	0	0	0	0	0	0
S(0,1)SumOfSqs	346.57593	0	0	0	0	0	0	0	0	0	0	0	0	0	0	0
S(0,1)InvDfMom	0.047773053	0	0	0	0	0	0	0	0	0	0	0	0	0	0	0
S(0,1)SumAverg	66.832613	0	0	0	0	0	0	0	0	0	0	0	0	0	0	0
S(0,1)SumVarnc	695.75833	0	0	0	0	0	0	0	0	0	0	0	0	0	0	0
S(0,1)SumEntrp	2.0259117	0	0	0	0	0	0	0	0	0	0	0	0	0	0	0
S(0,1)Entropy	3.6001634	0	0	0	0	0	0	0	0	0	0	0	0	0	0	0
S(0,1)DifVarnc	231.67557	0	0	0	0	0	0	0	0	0	0	0	0	0	0	0
S(0,1)DifEntrp	1.7292464	0	0	0	0	0	0	0	0	0	0	0	0	0	0	0
_Area_S(1,1)	130050	0	0	0	0	0	0	0	0	0	0	0	0	0	0	0
S(1,1)AngScMom	0.00025801368	0	0	0	0	0	0	0	0	0	0	0	0	0	0	0
S(1,1)Contrast	695.02576	0	0	0	0	0	0	0	0	0	0	0	0	0	0	0
S(1,1)Correlat	-0.0026464759	0	0	0	0	0	0	0	0	0	0	0	0	0	0	0
S(1,1)SumOfSqs	346.59562	0	0	0	0	0	0	0	0	0	0	0	0	0	0	0
S(1,1)InvDfMom	0.046701748	0	0	0	0	0	0	0	0	0	0	0	0	0	0	0
S(1,1)SumAverg	66.831988	0	0	0	0	0	0	0	0	0	0	0	0	0	0	0
S(1,1)SumVarnc	691.35673	0	0	0	0	0	0	0	0	0	0	0	0	0	0	0
S(1,1)SumEntrp	2.0251856	0	0	0	0	0	0	0	0	0	0	0	0	0	0	0
S(1,1)Entropy	3.5999604	0	0	0	0	0	0	0	0	0	0	0	0	0	0	0
S(1,1)DifVarnc	231.91404	0	0	0	0	0	0	0	0	0	0	0	0	0	0	0
S(1,1)DifEntrp	1.7301595	0	0	0	0	0	0	0	0	0	0	0	0	0	0	0
_Area_S(1,-1)	130050	0	0	0	0	0	0	0	0	0	0	0	0	0	0	0
S(1,-1)AngScMom	0.00025807789	0	0	0	0	0	0	0	0	0	0	0	0	0	0	0
S(1,-1)Contrast	691.24209	0	0	0	0	0	0	0	0	0	0	0	0	0	0	0
S(1,-1)Correlat	0.0028150797	0	0	0	0	0	0	0	0	0	0	0	0	0	0	0
S(1,-1)SumOfSqs	346.59674	0	0	0	0	0	0	0	0	0	0	0	0	0	0	0
S(1,-1)InvDfMom	0.046284137	0	0	0	0	0	0	0	0	0	0	0	0	0	0	0
S(1,-1)SumAverg	66.83105	0	0	0	0	0	0	0	0	0	0	0	0	0	0	0
S(1,-1)SumVarnc	695.14488	0	0	0	0	0	0	0	0	0	0	0	0	0	0	0
S(1,-1)SumEntrp	2.025978	0	0	0	0	0	0	0	0	0	0	0	0	0	0	0
S(1,-1)Entropy	3.5998685	0	0	0	0	0	0	0	0	0	0	0	0	0	0	0
S(1,-1)DifVarnc	230.70752	0	0	0	0	0	0	0	0	0	0	0	0	0	0	0
S(1,-1)DifEntrp	1.7291239	0	0	0	0	0	0	0	0	0	0	0	0	0	0	0
_Area_S(2,0)	130048	0	0	0	0	0	0	0	0	0	0	0	0	0	0	0
S(2,0)AngScMom	0.0002590288	0	0	0	0	0	0	0	0	0	0	0	0	0	0	0
S(2,0)Contrast	680.71537	0	0	0	0	0	0	0	0	0	0	0	0	0	0	0
S(2,0)Correlat	0.018025271	0	0	0	0	0	0	0	0	0	0	0	0	0	0	0
S(2,0)SumOfSqs	346.60534	0	0	0	0	0	0	0	0	0	0	0	0	0	0	0
S(2,0)InvDfMom	0.048374563	0	0	0	0	0	0	0	0	0	0	0	0	0	0	0
S(2,0)SumAverg	66.822619	0	0	0	0	0	0	0	0	0	0	0	0	0	0	0
S(2,0)SumVarnc	705.70599	0	0	0	0	0	0	0	0	0	0	0	0	0	0	0
S(2,0)SumEntrp	2.0293499	0	0	0	0	0	0	0	0	0	0	0	0	0	0	0
S(2,0)Entropy	3.5993222	0	0	0	0	0	0	0	0	0	0	0	0	0	0	0
S(2,0)DifVarnc	227.40998	0	0	0	0	0	0	0	0	0	0	0	0	0	0	0
S(2,0)DifEntrp	1.7262631	0	0	0	0	0	0	0	0	0	0	0	0	0	0	0
_Area_S(0,2)	130048	0	0	0	0	0	0	0	0	0	0	0	0	0	0	0
S(0,2)AngScMom	0.00025820349	0	0	0	0	0	0	0	0	0	0	0	0	0	0	0
S(0,2)Contrast	695.1546	0	0	0	0	0	0	0	0	0	0	0	0	0	0	0
S(0,2)Correlat	-0.0032218813	0	0	0	0	0	0	0	0	0	0	0	0	0	0	0
S(0,2)SumOfSqs	346.46105	0	0	0	0	0	0	0	0	0	0	0	0	0	0	0
S(0,2)InvDfMom	0.046729186	0	0	0	0	0	0	0	0	0	0	0	0	0	0	0
S(0,2)SumAverg	66.810793	0	0	0	0	0	0	0	0	0	0	0	0	0	0	0
S(0,2)SumVarnc	690.68958	0	0	0	0	0	0	0	0	0	0	0	0	0	0	0
S(0,2)SumEntrp	2.0248621	0	0	0	0	0	0	0	0	0	0	0	0	0	0	0
S(0,2)Entropy	3.5998177	0	0	0	0	0	0	0	0	0	0	0	0	0	0	0
S(0,2)DifVarnc	232.26359	0	0	0	0	0	0	0	0	0	0	0	0	0	0	0
S(0,2)DifEntrp	1.7304224	0	0	0	0	0	0	0	0	0	0	0	0	0	0	0
_Area_S(2,2)	129032	0	0	0	0	0	0	0	0	0	0	0	0	0	0	0
S(2,2)AngScMom	0.0002579756	0	0	0	0	0	0	0	0	0	0	0	0	0	0	0
S(2,2)Contrast	694.02513	0	0	0	0	0	0	0	0	0	0	0	0	0	0	0
S(2,2)Correlat	-0.0018358302	0	0	0	0	0	0	0	0	0	0	0	0	0	0	0
S(2,2)SumOfSqs	346.37667	0	0	0	0	0	0	0	0	0	0	0	0	0	0	0
S(2,2)InvDfMom	0.047272438	0	0	0	0	0	0	0	0	0	0	0	0	0	0	0
S(2,2)SumAverg	66.812093	0	0	0	0	0	0	0	0	0	0	0	0	0	0	0
S(2,2)SumVarnc	691.48157	0	0	0	0	0	0	0	0	0	0	0	0	0	0	0
S(2,2)SumEntrp	2.0251844	0	0	0	0	0	0	0	0	0	0	0	0	0	0	0
S(2,2)Entropy	3.5998985	0	0	0	0	0	0	0	0	0	0	0	0	0	0	0
S(2,2)DifVarnc	231.37714	0	0	0	0	0	0	0	0	0	0	0	0	0	0	0
S(2,2)DifEntrp	1.7297479	0	0	0	0	0	0	0	0	0	0	0	0	0	0	0
_Area_S(2,-2)	129032	0	0	0	0	0	0	0	0	0	0	0	0	0	0	0
S(2,-2)AngScMom	0.00025758483	0	0	0	0	0	0	0	0	0	0	0	0	0	0	0
S(2,-2)Contrast	696.27421	0	0	0	0	0	0	0	0	0	0	0	0	0	0	0
S(2,-2)Correlat	-0.0051364548	0	0	0	0	0	0	0	0	0	0	0	0	0	0	0
S(2,-2)SumOfSqs	346.35805	0	0	0	0	0	0	0	0	0	0	0	0	0	0	0
S(2,-2)InvDfMom	0.046770972	0	0	0	0	0	0	0	0	0	0	0	0	0	0	0
S(2,-2)SumAverg	66.810884	0	0	0	0	0	0	0	0	0	0	0	0	0	0	0
S(2,-2)SumVarnc	689.158	0	0	0	0	0	0	0	0	0	0	0	0	0	0	0
S(2,-2)SumEntrp	2.0243857	0	0	0	0	0	0	0	0	0	0	0	0	0	0	0
S(2,-2)Entropy	3.6003578	0	0	0	0	0	0	0	0	0	0	0	0	0	0	0
S(2,-2)DifVarnc	231.86289	0	0	0	0	0	0	0	0	0	0	0	0	0	0	0
S(2,-2)DifEntrp	1.7303857	0	0	0	0	0	0	0	0	0	0	0	0	0	0	0
_Area_S(3,0)	129536	0	0	0	0	0	0	0	0	0	0	0	0	0	0	0
S(3,0)AngScMom	0.00025837114	0	0	0	0	0	0	0	0	0	0	0	0	0	0	0
S(3,0)Contrast	686.10145	0	0	0	0	0	0	0	0	0	0	0	0	0	0	0
S(3,0)Correlat	0.010456935	0	0	0	0	0	0	0	0	0	0	0	0	0	0	0
S(3,0)SumOfSqs	346.67589	0	0	0	0	0	0	0	0	0	0	0	0	0	0	0
S(3,0)InvDfMom	0.04841368	0	0	0	0	0	0	0	0	0	0	0	0	0	0	0
S(3,0)SumAverg	66.834471	0	0	0	0	0	0	0	0	0	0	0	0	0	0	0
S(3,0)SumVarnc	700.60212	0	0	0	0	0	0	0	0	0	0	0	0	0	0	0
S(3,0)SumEntrp	2.0277453	0	0	0	0	0	0	0	0	0	0	0	0	0	0	0
S(3,0)Entropy	3.5997728	0	0	0	0	0	0	0	0	0	0	0	0	0	0	0
S(3,0)DifVarnc	229.29993	0	0	0	0	0	0	0	0	0	0	0	0	0	0	0
S(3,0)DifEntrp	1.7281629	0	0	0	0	0	0	0	0	0	0	0	0	0	0	0
_Area_S(0,3)	129536	0	0	0	0	0	0	0	0	0	0	0	0	0	0	0
S(0,3)AngScMom	0.00025854671	0	0	0	0	0	0	0	0	0	0	0	0	0	0	0
S(0,3)Contrast	691.89476	0	0	0	0	0	0	0	0	0	0	0	0	0	0	0
S(0,3)Correlat	0.0016841348	0	0	0	0	0	0	0	0	0	0	0	0	0	0	0
S(0,3)SumOfSqs	346.53099	0	0	0	0	0	0	0	0	0	0	0	0	0	0	0
S(0,3)InvDfMom	0.047579854	0	0	0	0	0	0	0	0	0	0	0	0	0	0	0
S(0,3)SumAverg	66.796875	0	0	0	0	0	0	0	0	0	0	0	0	0	0	0
S(0,3)SumVarnc	694.22918	0	0	0	0	0	0	0	0	0	0	0	0	0	0	0
S(0,3)SumEntrp	2.0259206	0	0	0	0	0	0	0	0	0	0	0	0	0	0	0
S(0,3)Entropy	3.5995327	0	0	0	0	0	0	0	0	0	0	0	0	0	0	0
S(0,3)DifVarnc	231.11216	0	0	0	0	0	0	0	0	0	0	0	0	0	0	0
S(0,3)DifEntrp	1.729694	0	0	0	0	0	0	0	0	0	0	0	0	0	0	0
_Area_S(3,3)	128018	0	0	0	0	0	0	0	0	0	0	0	0	0	0	0
S(3,3)AngScMom	0.00025816518	0	0	0	0	0	0	0	0	0	0	0	0	0	0	0
S(3,3)Contrast	693.27813	0	0	0	0	0	0	0	0	0	0	0	0	0	0	0
S(3,3)Correlat	-0.00034529392	0	0	0	0	0	0	0	0	0	0	0	0	0	0	0
S(3,3)SumOfSqs	346.51942	0	0	0	0	0	0	0	0	0	0	0	0	0	0	0
S(3,3)InvDfMom	0.046873911	0	0	0	0	0	0	0	0	0	0	0	0	0	0	0
S(3,3)SumAverg	66.809949	0	0	0	0	0	0	0	0	0	0	0	0	0	0	0
S(3,3)SumVarnc	692.79953	0	0	0	0	0	0	0	0	0	0	0	0	0	0	0
S(3,3)SumEntrp	2.0256291	0	0	0	0	0	0	0	0	0	0	0	0	0	0	0
S(3,3)Entropy	3.5998513	0	0	0	0	0	0	0	0	0	0	0	0	0	0	0
S(3,3)DifVarnc	231.61609	0	0	0	0	0	0	0	0	0	0	0	0	0	0	0
S(3,3)DifEntrp	1.7296235	0	0	0	0	0	0	0	0	0	0	0	0	0	0	0
_Area_S(3,-3)	128018	0	0	0	0	0	0	0	0	0	0	0	0	0	0	0
S(3,-3)AngScMom	0.00025854276	0	0	0	0	0	0	0	0	0	0	0	0	0	0	0
S(3,-3)Contrast	693.05484	0	0	0	0	0	0	0	0	0	0	0	0	0	0	0
S(3,-3)Correlat	-7.6729606e-05	0	0	0	0	0	0	0	0	0	0	0	0	0	0	0
S(3,-3)SumOfSqs	346.50083	0	0	0	0	0	0	0	0	0	0	0	0	0	0	0
S(3,-3)InvDfMom	0.047671729	0	0	0	0	0	0	0	0	0	0	0	0	0	0	0
S(3,-3)SumAverg	66.808058	0	0	0	0	0	0	0	0	0	0	0	0	0	0	0
S(3,-3)SumVarnc	692.94849	0	0	0	0	0	0	0	0	0	0	0	0	0	0	0
S(3,-3)SumEntrp	2.0256733	0	0	0	0	0	0	0	0	0	0	0	0	0	0	0
S(3,-3)Entropy	3.5995333	0	0	0	0	0	0	0	0	0	0	0	0	0	0	0
S(3,-3)DifVarnc	232.24971	0	0	0	0	0	0	0	0	0	0	0	0	0	0	0
S(3,-3)DifEntrp	1.7298384	0	0	0	0	0	0	0	0	0	0	0	0	0	0	0
_Area_S(4,0)	129024	0	0	0	0	0	0	0	0	0	0	0	0	0	0	0
S(4,0)AngScMom	0.00025813758	0	0	0	0	0	0	0	0	0	0	0	0	0	0	0
S(4,0)Contrast	684.31484	0	0	0	0	0	0	0	0	0	0	0	0	0	0	0
S(4,0)Correlat	0.012928988	0	0	0	0	0	0	0	0	0	0	0	0	0	0	0
S(4,0)SumOfSqs	346.63911	0	0	0	0	0	0	0	0	0	0	0	0	0	0	0
S(4,0)InvDfMom	0.046596725	0	0	0	0	0	0	0	0	0	0	0	0	0	0	0
S(4,0)SumAverg	66.842804	0	0	0	0	0	0	0	0	0	0	0	0	0	0	0
S(4,0)SumVarnc	702.24161	0	0	0	0	0	0	0	0	0	0	0	0	0	0	0
S(4,0)SumEntrp	2.0279289	0	0	0	0	0	0	0	0	0	0	0	0	0	0	0
S(4,0)Entropy	3.5998446	0	0	0	0	0	0	0	0	0	0	0	0	0	0	0
S(4,0)DifVarnc	229.54427	0	0	0	0	0	0	0	0	0	0	0	0	0	0	0
S(4,0)DifEntrp	1.7271752	0	0	0	0	0	0	0	0	0	0	0	0	0	0	0
_Area_S(0,4)	129024	0	0	0	0	0	0	0	0	0	0	0	0	0	0	0
S(0,4)AngScMom	0.00025784756	0	0	0	0	0	0	0	0	0	0	0	0	0	0	0
S(0,4)Contrast	692.19878	0	0	0	0	0	0	0	0	0	0	0	0	0	0	0
S(0,4)Correlat	0.0013192901	0	0	0	0	0	0	0	0	0	0	0	0	0	0	0
S(0,4)SumOfSqs	346.5566	0	0	0	0	0	0	0	0	0	0	0	0	0	0	0
S(0,4)InvDfMom	0.046941394	0	0	0	0	0	0	0	0	0	0	0	0	0	0	0
S(0,4)SumAverg	66.794581	0	0	0	0	0	0	0	0	0	0	0	0	0	0	0
S(0,4)SumVarnc	694.02762	0	0	0	0	0	0	0	0	0	0	0	0	0	0	0
S(0,4)SumEntrp	2.0256176	0	0	0	0	0	0	0	0	0	0	0	0	0	0	0
S(0,4)Entropy	3.600126	0	0	0	0	0	0	0	0	0	0	0	0	0	0	0
S(0,4)DifVarnc	231.45527	0	0	0	0	0	0	0	0	0	0	0	0	0	0	0
S(0,4)DifEntrp	1.7295566	0	0	0	0	0	0	0	0	0	0	0	0	0	0	0
_Area_S(4,4)	127008	0	0	0	0	0	0	0	0	0	0	0	0	0	0	0
S(4,4)AngScMom	0.00025789137	0	0	0	0	0	0	0	0	0	0	0	0	0	0	0
S(4,4)Contrast	693.13319	0	0	0	0	0	0	0	0	0	0	0	0	0	0	0
S(4,4)Correlat	-0.00016003056	0	0	0	0	0	0	0	0	0	0	0	0	0	0	0
S(4,4)SumOfSqs	346.51114	0	0	0	0	0	0	0	0	0	0	0	0	0	0	0
S(4,4)InvDfMom	0.047122344	0	0	0	0	0	0	0	0	0	0	0	0	0	0	0
S(4,4)SumAverg	66.817901	0	0	0	0	0	0	0	0	0	0	0	0	0	0	0
S(4,4)SumVarnc	692.91138	0	0	0	0	0	0	0	0	0	0	0	0	0	0	0
S(4,4)SumEntrp	2.0253733	0	0	0	0	0	0	0	0	0	0	0	0	0	0	0
S(4,4)Entropy	3.6000647	0	0	0	0	0	0	0	0	0	0	0	0	0	0	0
S(4,4)DifVarnc	231.68861	0	0	0	0	0	0	0	0	0	0	0	0	0	0	0
S(4,4)DifEntrp	1.7297815	0	0	0	0	0	0	0	0	0	0	0	0	0	0	0
_Area_S(4,-4)	127008	0	0	0	0	0	0	0	0	0	0	0	0	0	0	0
S(4,-4)AngScMom	0.00025781078	0	0	0	0	0	0	0	0	0	0	0	0	0	0	0
S(4,-4)Contrast	692.75532	0	0	0	0	0	0	0	0	0	0	0	0	0	0	0
S(4,-4)Correlat	0.00032724871	0	0	0	0	0	0	0	0	0	0	0	0	0	0	0
S(4,-4)SumOfSqs	346.49105	0	0	0	0	0	0	0	0	0	0	0	0	0	0	0
S(4,-4)InvDfMom	0.046773254	0	0	0	0	0	0	0	0	0	0	0	0	0	0	0
S(4,-4)SumAverg	66.812799	0	0	0	0	0	0	0	0	0	0	0	0	0	0	0
S(4,-4)SumVarnc	693.20888	0	0	0	0	0	0	0	0	0	0	0	0	0	0	0
S(4,-4)SumEntrp	2.0254337	0	0	0	0	0	0	0	0	0	0	0	0	0	0	0
S(4,-4)Entropy	3.600175	0	0	0	0	0	0	0	0	0	0	0	0	0	0	0
S(4,-4)DifVarnc	230.58928	0	0	0	0	0	0	0	0	0	0	0	0	0	0	0
S(4,-4)DifEntrp	1.729873	0	0	0	0	0	0	0	0	0	0	0	0	0	0	0
_Area_S(5,0)	128512	0	0	0	0	0	0	0	0	0	0	0	0	0	0	0
S(5,0)AngScMom	0.00025830976	0	0	0	0	0	0	0	0	0	0	0	0	0	0	0
S(5,0)Contrast	692.72883	0	0	0	0	0	0	0	0	0	0	0	0	0	0	0
S(5,0)Correlat	0.0008297348	0	0	0	0	0	0	0	0	0	0	0	0	0	0	0
S(5,0)SumOfSqs	346.65205	0	0	0	0	0	0	0	0	0	0	0	0	0	0	0
S(5,0)InvDfMom	0.04704288	0	0	0	0	0	0	0	0	0	0	0	0	0	0	0
S(5,0)SumAverg	66.859282	0	0	0	0	0	0	0	0	0	0	0	0	0	0	0
S(5,0)SumVarnc	693.87935	0	0	0	0	0	0	0	0	0	0	0	0	0	0	0
S(5,0)SumEntrp	2.0259796	0	0	0	0	0	0	0	0	0	0	0	0	0	0	0
S(5,0)Entropy	3.5997529	0	0	0	0	0	0	0	0	0	0	0	0	0	0	0
S(5,0)DifVarnc	231.80156	0	0	0	0	0	0	0	0	0	0	0	0	0	0	0
S(5,0)DifEntrp	1.7296053	0	0	0	0	0	0	0	0	0	0	0	0	0	0	0
_Area_S(0,5)	128512	0	0	0	0	0	0	0	0	0	0	0	0	0	0	0
S(0,5)AngScMom	0.00025788627	0	0	0	0	0	0	0	0	0	0	0	0	0	0	0
S(0,5)Contrast	694.34173	0	0	0	0	0	0	0	0	0	0	0	0	0	0	0
S(0,5)Correlat	-0.0015117222	0	0	0	0	0	0	0	0	0	0	0	0	0	0	0
S(0,5)SumOfSqs	346.64683	0	0	0	0	0	0	0	0	0	0	0	0	0	0	0
S(0,5)InvDfMom	0.046695316	0	0	0	0	0	0	0	0	0	0	0	0	0	0	0
S(0,5)SumAverg	66.786635	0	0	0	0	0	0	0	0	0	0	0	0	0	0	0
S(0,5)SumVarnc	692.24559	0	0	0	0	0	0	0	0	0	0	0	0	0	0	0
S(0,5)SumEntrp	2.0255384	0	0	0	0	0	0	0	0	0	0	0	0	0	0	0
S(0,5)Entropy	3.6000613	0	0	0	0	0	0	0	0	0	0	0	0	0	0	0
S(0,5)DifVarnc	231.49059	0	0	0	0	0	0	0	0	0	0	0	0	0	0	0
S(0,5)DifEntrp	1.7299948	0	0	0	0	0	0	0	0	0	0	0	0	0	0	0
_Area_S(5,5)	126002	0	0	0	0	0	0	0	0	0	0	0	0	0	0	0
S(5,5)AngScMom	0.00025840563	0	0	0	0	0	0	0	0	0	0	0	0	0	0	0
S(5,5)Contrast	696.48894	0	0	0	0	0	0	0	0	0	0	0	0	0	0	0
S(5,5)Correlat	-0.0046953924	0	0	0	0	0	0	0	0	0	0	0	0	0	0	0
S(5,5)SumOfSqs	346.61697	0	0	0	0	0	0	0	0	0	0	0	0	0	0	0
S(5,5)InvDfMom	0.046244291	0	0	0	0	0	0	0	0	0	0	0	0	0	0	0
S(5,5)SumAverg	66.826971	0	0	0	0	0	0	0	0	0	0	0	0	0	0	0
S(5,5)SumVarnc	689.97893	0	0	0	0	0	0	0	0	0	0	0	0	0	0	0
S(5,5)SumEntrp	2.024674	0	0	0	0	0	0	0	0	0	0	0	0	0	0	0
S(5,5)Entropy	3.5995579	0	0	0	0	0	0	0	0	0	0	0	0	0	0	0
S(5,5)DifVarnc	232.94089	0	0	0	0	0	0	0	0	0	0	0	0	0	0	0
S(5,5)DifEntrp	1.7305447	0	0	0	0	0	0	0	0	0	0	0	0	0	0	0
_Area_S(5,-5)	126002	0	0	0	0	0	0	0	0	0	0	0	0	0	0	0
S(5,-5)AngScMom	0.00025818278	0	0	0	0	0	0	0	0	0	0	0	0	0	0	0
S(5,-5)Contrast	692.43339	0	0	0	0	0	0	0	0	0	0	0	0	0	0	0
S(5,-5)Correlat	0.0011054696	0	0	0	0	0	0	0	0	0	0	0	0	0	0	0
S(5,-5)SumOfSqs	346.59985	0	0	0	0	0	0	0	0	0	0	0	0	0	0	0
S(5,-5)InvDfMom	0.046199778	0	0	0	0	0	0	0	0	0	0	0	0	0	0	0
S(5,-5)SumAverg	66.821638	0	0	0	0	0	0	0	0	0	0	0	0	0	0	0
S(5,-5)SumVarnc	693.96601	0	0	0	0	0	0	0	0	0	0	0	0	0	0	0
S(5,-5)SumEntrp	2.0255328	0	0	0	0	0	0	0	0	0	0	0	0	0	0	0
S(5,-5)Entropy	3.5998721	0	0	0	0	0	0	0	0	0	0	0	0	0	0	0
S(5,-5)DifVarnc	231.30036	0	0	0	0	0	0	0	0	0	0	0	0	0	0	0
S(5,-5)DifEntrp	1.7293316	0	0	0	0	0	0	0	0	0	0	0	0	0	0	0
Horzl_RLNonUni	61851.853	0	0	0	0	0	0	0	0	0	0	0	0	0	0	0
Horzl_GLevNonU	1016.0142	0	0	0	0	0	0	0	0	0	0	0	0	0	0	0
Horzl_LngREmph	1.0604033	0	0	0	0	0	0	0	0	0	0	0	0	0	0	0
Horzl_ShrtREmp	0.98555722	0	0	0	0	0	0	0	0	0	0	0	0	0	0	0
Horzl_Fraction	0.98065186	0	0	0	0	0	0	0	0	0	0	0	0	0	0	0
Vertl_RLNonUni	62437.164	0	0	0	0	0	0	0	0	0	0	0	0	0	0	0
Vertl_GLevNonU	1020.1279	0	0	0	0	0	0	0	0	0	0	0	0	0	0	0
Vertl_LngREmph	1.0493146	0	0	0	0	0	0	0	0	0	0	0	0	0	0	0
Vertl_ShrtREmp	0.98787813	0	0	0	0	0	0	0	0	0	0	0	0	0	0	0
Vertl_Fraction	0.98394775	0	0	0	0	0	0	0	0	0	0	0	0	0	0	0
45dgr_RLNonUni	62523.193	0	0	0	0	0	0	0	0	0	0	0	0	0	0	0
45dgr_GLevNonU	1020.6013	0	0	0	0	0	0	0	0	0	0	0	0	0	0	0
45dgr_LngREmph	1.0480531	0	0	0	0	0	0	0	0	0	0	0	0	0	0	0
45dgr_ShrtREmp	0.98822786	0	0	0	0	0	0	0	0	0	0	0	0	0	0	0
45dgr_Fraction	0.984375	0	0	0	0	0	0	0	0	0	0	0	0	0	0	0
135dr_RLNonUni	62614.044	0	0	0	0	0	0	0	0	0	0	0	0	0	0	0
135dr_GLevNonU	1020.7871	0	0	0	0	0	0	0	0	0	0	0	0	0	0	0
135dr_LngREmph	1.0470258	0	0	0	0	0	0	0	0	0	0	0	0	0	0	0
135dr_ShrtREmp	0.98860616	0	0	0	0	0	0	0	0	0	0	0	0	0	0	0
135dr_Fraction	0.98478699	0	0	0	0	0	0	0	0	0	0	0	0	0	0	0
_AreaGr	64516	0	0	0	0	0	0	0	0	0	0	0	0	0	0	0
GrMean	8.3727343	0	0	0	0	0	0	0	0	0	0	0	0	0	0	0
GrVariance	15.808304	0	0	0	0	0	0	0	0	0	0	0	0	0	0	0
GrSkewness	0.16486678	0	0	0	0	0	0	0	0	0	0	0	0	0	0	0
GrKurtosis	-0.67510506	0	0	0	0	0	0	0	0	0	0	0	0	0	0	0
GrNonZeros	0.99609399	0	0	0	0	0	0	0	0	0	0	0	0	0	0	0
_AreaARM	64770	0	0	0	0	0	0	0	0	0	0	0	0	0	0	0
Teta1	0.053838844	0	0	0	0	0	0	0	0	0	0	0	0	0	0	0
Teta2	0.0023126549	0	0	0	0	0	0	0	0	0	0	0	0	0	0	0
Teta3	0.0034155943	0	0	0	0	0	0	0	0	0	0	0	0	0	0	0
Teta4	-0.0024574613	0	0	0	0	0	0	0	0	0	0	0	0	0	0	0
Sigma	0.99817227	0	0	0	0	0	0	0	0	0	0	0	0	0	0	0
WavEnLL_s-1	18668.257	0	0	0	0	0	0	0	0	0	0	0	0	0	0	0
WavEnLH_s-1	1483.4333	0	0	0	0	0	0	0	0	0	0	0	0	0	0	0
WavEnHL_s-1	1316.3786	0	0	0	0	0	0	0	0	0	0	0	0	0	0	0
WavEnHH_s-1	1295.6439	0	0	0	0	0	0	0	0	0	0	0	0	0	0	0
WavEnLL_s-2	17591.025	0	0	0	0	0	0	0	0	0	0	0	0	0	0	0
WavEnLH_s-2	373.33278	0	0	0	0	0	0	0	0	0	0	0	0	0	0	0
WavEnHL_s-2	354.78107	0	0	0	0	0	0	0	0	0	0	0	0	0	0	0
WavEnHH_s-2	349.11832	0	0	0	0	0	0	0	0	0	0	0	0	0	0	0
WavEnLL_s-3	17310.84	0	0	0	0	0	0	0	0	0	0	0	0	0	0	0
WavEnLH_s-3	99.968337	0	0	0	0	0	0	0	0	0	0	0	0	0	0	0
WavEnHL_s-3	88.677538	0	0	0	0	0	0	0	0	0	0	0	0	0	0	0
WavEnHH_s-3	91.538658	0	0	0	0	0	0	0	0	0	0	0	0	0	0	0
WavEnLL_s-4	17237.097	0	0	0	0	0	0	0	0	0	0	0	0	0	0	0
WavEnLH_s-4	23.384658	0	0	0	0	0	0	0	0	0	0	0	0	0	0	0
WavEnHL_s-4	24.673081	0	0	0	0	0	0	0	0	0	0	0	0	0	0	0
WavEnHH_s-4	25.685426	0	0	0	0	0	0	0	0	0	0	0	0	0	0	0
