Image File: stone1-a-p015.png 
ROI File: allred.roi 
Image size: 256 x 256
Min. lum.: 1
Max. lum.: 256
Bits/pixel: 8

Normalisation =  No
Histogram analysis = Yes
CO matrix analysis = Yes, Dimensions = 6 x 6, Distances = 1 2 3 4 5
RL matrix analysis = Yes, Dimension = 6
Gradient analysis = Yes, Max pixel value = 16
AR model analysis = Yes
Wavelet analysis = Yes

--------------- CLASS NAMES ----------------

----------------- FEATURES -----------------
_Area	65536	0	0	0	0	0	0	0	0	0	0	0	0	0	0	0
Mean	128.11246	0	0	0	0	0	0	0	0	0	0	0	0	0	0	0
Variance	5667.9111	0	0	0	0	0	0	0	0	0	0	0	0	0	0	0
Skewness	-0.0093237144	0	0	0	0	0	0	0	0	0	0	0	0	0	0	0
Kurtosis	-1.2190445	0	0	0	0	0	0	0	0	0	0	0	0	0	0	0
Perc.01%	2	0	0	0	0	0	0	0	0	0	0	0	0	0	0	0
Perc.10%	24	0	0	0	0	0	0	0	0	0	0	0	0	0	0	0
Perc.50%	128	0	0	0	0	0	0	0	0	0	0	0	0	0	0	0
Perc.90%	232	0	0	0	0	0	0	0	0	0	0	0	0	0	0	0
Perc.99%	254	0	0	0	0	0	0	0	0	0	0	0	0	0	0	0
_Area_S(1,0)	130560	0	0	0	0	0	0	0	0	0	0	0	0	0	0	0
S(1,0)AngScMom	0.00026588308	0	0	0	0	0	0	0	0	0	0	0	0	0	0	0
S(1,0)Contrast	661.95025	0	0	0	0	0	0	0	0	0	0	0	0	0	0	0
S(1,0)Correlat	0.063430923	0	0	0	0	0	0	0	0	0	0	0	0	0	0	0
S(1,0)SumOfSqs	353.39104	0	0	0	0	0	0	0	0	0	0	0	0	0	0	0
S(1,0)InvDfMom	0.052492244	0	0	0	0	0	0	0	0	0	0	0	0	0	0	0
S(1,0)SumAverg	64.80576	0	0	0	0	0	0	0	0	0	0	0	0	0	0	0
S(1,0)SumVarnc	751.61393	0	0	0	0	0	0	0	0	0	0	0	0	0	0	0
S(1,0)SumEntrp	2.0410411	0	0	0	0	0	0	0	0	0	0	0	0	0	0	0
S(1,0)Entropy	3.5949781	0	0	0	0	0	0	0	0	0	0	0	0	0	0	0
S(1,0)DifVarnc	225.20171	0	0	0	0	0	0	0	0	0	0	0	0	0	0	0
S(1,0)DifEntrp	1.7211828	0	0	0	0	0	0	0	0	0	0	0	0	0	0	0
_Area_S(0,1)	130560	0	0	0	0	0	0	0	0	0	0	0	0	0	0	0
S(0,1)AngScMom	0.00025611429	0	0	0	0	0	0	0	0	0	0	0	0	0	0	0
S(0,1)Contrast	699.00833	0	0	0	0	0	0	0	0	0	0	0	0	0	0	0
S(0,1)Correlat	0.010513508	0	0	0	0	0	0	0	0	0	0	0	0	0	0	0
S(0,1)SumOfSqs	353.21772	0	0	0	0	0	0	0	0	0	0	0	0	0	0	0
S(0,1)InvDfMom	0.046433249	0	0	0	0	0	0	0	0	0	0	0	0	0	0	0
S(0,1)SumAverg	64.810999	0	0	0	0	0	0	0	0	0	0	0	0	0	0	0
S(0,1)SumVarnc	713.86256	0	0	0	0	0	0	0	0	0	0	0	0	0	0	0
S(0,1)SumEntrp	2.0313162	0	0	0	0	0	0	0	0	0	0	0	0	0	0	0
S(0,1)Entropy	3.6018159	0	0	0	0	0	0	0	0	0	0	0	0	0	0	0
S(0,1)DifVarnc	233.7088	0	0	0	0	0	0	0	0	0	0	0	0	0	0	0
S(0,1)DifEntrp	1.731287	0	0	0	0	0	0	0	0	0	0	0	0	0	0	0
_Area_S(1,1)	130050	0	0	0	0	0	0	0	0	0	0	0	0	0	0	0
S(1,1)AngScMom	0.0002559186	0	0	0	0	0	0	0	0	0	0	0	0	0	0	0
S(1,1)Contrast	707.75808	0	0	0	0	0	0	0	0	0	0	0	0	0	0	0
S(1,1)Correlat	-0.002141555	0	0	0	0	0	0	0	0	0	0	0	0	0	0	0
S(1,1)SumOfSqs	353.12281	0	0	0	0	0	0	0	0	0	0	0	0	0	0	0
S(1,1)InvDfMom	0.046937975	0	0	0	0	0	0	0	0	0	0	0	0	0	0	0
S(1,1)SumAverg	64.809858	0	0	0	0	0	0	0	0	0	0	0	0	0	0	0
S(1,1)SumVarnc	704.73315	0	0	0	0	0	0	0	0	0	0	0	0	0	0	0
S(1,1)SumEntrp	2.0290356	0	0	0	0	0	0	0	0	0	0	0	0	0	0	0
S(1,1)Entropy	3.6020167	0	0	0	0	0	0	0	0	0	0	0	0	0	0	0
S(1,1)DifVarnc	236.01304	0	0	0	0	0	0	0	0	0	0	0	0	0	0	0
S(1,1)DifEntrp	1.733405	0	0	0	0	0	0	0	0	0	0	0	0	0	0	0
_Area_S(1,-1)	130050	0	0	0	0	0	0	0	0	0	0	0	0	0	0	0
S(1,-1)AngScMom	0.00025603201	0	0	0	0	0	0	0	0	0	0	0	0	0	0	0
S(1,-1)Contrast	709.31645	0	0	0	0	0	0	0	0	0	0	0	0	0	0	0
S(1,-1)Correlat	-0.0043483393	0	0	0	0	0	0	0	0	0	0	0	0	0	0	0
S(1,-1)SumOfSqs	353.12273	0	0	0	0	0	0	0	0	0	0	0	0	0	0	0
S(1,-1)InvDfMom	0.046661488	0	0	0	0	0	0	0	0	0	0	0	0	0	0	0
S(1,-1)SumAverg	64.809012	0	0	0	0	0	0	0	0	0	0	0	0	0	0	0
S(1,-1)SumVarnc	703.17446	0	0	0	0	0	0	0	0	0	0	0	0	0	0	0
S(1,-1)SumEntrp	2.0285382	0	0	0	0	0	0	0	0	0	0	0	0	0	0	0
S(1,-1)Entropy	3.6018578	0	0	0	0	0	0	0	0	0	0	0	0	0	0	0
S(1,-1)DifVarnc	236.03165	0	0	0	0	0	0	0	0	0	0	0	0	0	0	0
S(1,-1)DifEntrp	1.7340515	0	0	0	0	0	0	0	0	0	0	0	0	0	0	0
_Area_S(2,0)	130048	0	0	0	0	0	0	0	0	0	0	0	0	0	0	0
S(2,0)AngScMom	0.00025710667	0	0	0	0	0	0	0	0	0	0	0	0	0	0	0
S(2,0)Contrast	687.57191	0	0	0	0	0	0	0	0	0	0	0	0	0	0	0
S(2,0)Correlat	0.027126909	0	0	0	0	0	0	0	0	0	0	0	0	0	0	0
S(2,0)SumOfSqs	353.37184	0	0	0	0	0	0	0	0	0	0	0	0	0	0	0
S(2,0)InvDfMom	0.048090214	0	0	0	0	0	0	0	0	0	0	0	0	0	0	0
S(2,0)SumAverg	64.79952	0	0	0	0	0	0	0	0	0	0	0	0	0	0	0
S(2,0)SumVarnc	725.91545	0	0	0	0	0	0	0	0	0	0	0	0	0	0	0
S(2,0)SumEntrp	2.0347659	0	0	0	0	0	0	0	0	0	0	0	0	0	0	0
S(2,0)Entropy	3.601162	0	0	0	0	0	0	0	0	0	0	0	0	0	0	0
S(2,0)DifVarnc	230.7891	0	0	0	0	0	0	0	0	0	0	0	0	0	0	0
S(2,0)DifEntrp	1.7279948	0	0	0	0	0	0	0	0	0	0	0	0	0	0	0
_Area_S(0,2)	130048	0	0	0	0	0	0	0	0	0	0	0	0	0	0	0
S(0,2)AngScMom	0.00025629023	0	0	0	0	0	0	0	0	0	0	0	0	0	0	0
S(0,2)Contrast	706.50581	0	0	0	0	0	0	0	0	0	0	0	0	0	0	0
S(0,2)Correlat	3.0091866e-05	0	0	0	0	0	0	0	0	0	0	0	0	0	0	0
S(0,2)SumOfSqs	353.26354	0	0	0	0	0	0	0	0	0	0	0	0	0	0	0
S(0,2)InvDfMom	0.045863323	0	0	0	0	0	0	0	0	0	0	0	0	0	0	0
S(0,2)SumAverg	64.785095	0	0	0	0	0	0	0	0	0	0	0	0	0	0	0
S(0,2)SumVarnc	706.54833	0	0	0	0	0	0	0	0	0	0	0	0	0	0	0
S(0,2)SumEntrp	2.0292903	0	0	0	0	0	0	0	0	0	0	0	0	0	0	0
S(0,2)Entropy	3.6016622	0	0	0	0	0	0	0	0	0	0	0	0	0	0	0
S(0,2)DifVarnc	235.03282	0	0	0	0	0	0	0	0	0	0	0	0	0	0	0
S(0,2)DifEntrp	1.7333136	0	0	0	0	0	0	0	0	0	0	0	0	0	0	0
_Area_S(2,2)	129032	0	0	0	0	0	0	0	0	0	0	0	0	0	0	0
S(2,2)AngScMom	0.0002558704	0	0	0	0	0	0	0	0	0	0	0	0	0	0	0
S(2,2)Contrast	710.21015	0	0	0	0	0	0	0	0	0	0	0	0	0	0	0
S(2,2)Correlat	-0.0055448032	0	0	0	0	0	0	0	0	0	0	0	0	0	0	0
S(2,2)SumOfSqs	353.14694	0	0	0	0	0	0	0	0	0	0	0	0	0	0	0
S(2,2)InvDfMom	0.04541072	0	0	0	0	0	0	0	0	0	0	0	0	0	0	0
S(2,2)SumAverg	64.778443	0	0	0	0	0	0	0	0	0	0	0	0	0	0	0
S(2,2)SumVarnc	702.37763	0	0	0	0	0	0	0	0	0	0	0	0	0	0	0
S(2,2)SumEntrp	2.0282614	0	0	0	0	0	0	0	0	0	0	0	0	0	0	0
S(2,2)Entropy	3.602002	0	0	0	0	0	0	0	0	0	0	0	0	0	0	0
S(2,2)DifVarnc	236.31323	0	0	0	0	0	0	0	0	0	0	0	0	0	0	0
S(2,2)DifEntrp	1.7338606	0	0	0	0	0	0	0	0	0	0	0	0	0	0	0
_Area_S(2,-2)	129032	0	0	0	0	0	0	0	0	0	0	0	0	0	0	0
S(2,-2)AngScMom	0.00025580961	0	0	0	0	0	0	0	0	0	0	0	0	0	0	0
S(2,-2)Contrast	708.50857	0	0	0	0	0	0	0	0	0	0	0	0	0	0	0
S(2,-2)Correlat	-0.0031070307	0	0	0	0	0	0	0	0	0	0	0	0	0	0	0
S(2,-2)SumOfSqs	353.15702	0	0	0	0	0	0	0	0	0	0	0	0	0	0	0
S(2,-2)InvDfMom	0.046912667	0	0	0	0	0	0	0	0	0	0	0	0	0	0	0
S(2,-2)SumAverg	64.777714	0	0	0	0	0	0	0	0	0	0	0	0	0	0	0
S(2,-2)SumVarnc	704.11949	0	0	0	0	0	0	0	0	0	0	0	0	0	0	0
S(2,-2)SumEntrp	2.0288455	0	0	0	0	0	0	0	0	0	0	0	0	0	0	0
S(2,-2)Entropy	3.6021303	0	0	0	0	0	0	0	0	0	0	0	0	0	0	0
S(2,-2)DifVarnc	235.49327	0	0	0	0	0	0	0	0	0	0	0	0	0	0	0
S(2,-2)DifEntrp	1.7339613	0	0	0	0	0	0	0	0	0	0	0	0	0	0	0
_Area_S(3,0)	129536	0	0	0	0	0	0	0	0	0	0	0	0	0	0	0
S(3,0)AngScMom	0.00025680376	0	0	0	0	0	0	0	0	0	0	0	0	0	0	0
S(3,0)Contrast	694.7716	0	0	0	0	0	0	0	0	0	0	0	0	0	0	0
S(3,0)Correlat	0.01690426	0	0	0	0	0	0	0	0	0	0	0	0	0	0	0
S(3,0)SumOfSqs	353.35907	0	0	0	0	0	0	0	0	0	0	0	0	0	0	0
S(3,0)InvDfMom	0.047064125	0	0	0	0	0	0	0	0	0	0	0	0	0	0	0
S(3,0)SumAverg	64.794544	0	0	0	0	0	0	0	0	0	0	0	0	0	0	0
S(3,0)SumVarnc	718.6647	0	0	0	0	0	0	0	0	0	0	0	0	0	0	0
S(3,0)SumEntrp	2.0329929	0	0	0	0	0	0	0	0	0	0	0	0	0	0	0
S(3,0)Entropy	3.6013243	0	0	0	0	0	0	0	0	0	0	0	0	0	0	0
S(3,0)DifVarnc	232.16501	0	0	0	0	0	0	0	0	0	0	0	0	0	0	0
S(3,0)DifEntrp	1.7301726	0	0	0	0	0	0	0	0	0	0	0	0	0	0	0
_Area_S(0,3)	129536	0	0	0	0	0	0	0	0	0	0	0	0	0	0	0
S(0,3)AngScMom	0.00025625166	0	0	0	0	0	0	0	0	0	0	0	0	0	0	0
S(0,3)Contrast	706.61702	0	0	0	0	0	0	0	0	0	0	0	0	0	0	0
S(0,3)Correlat	-0.00012464405	0	0	0	0	0	0	0	0	0	0	0	0	0	0	0
S(0,3)SumOfSqs	353.26448	0	0	0	0	0	0	0	0	0	0	0	0	0	0	0
S(0,3)InvDfMom	0.046926306	0	0	0	0	0	0	0	0	0	0	0	0	0	0	0
S(0,3)SumAverg	64.783581	0	0	0	0	0	0	0	0	0	0	0	0	0	0	0
S(0,3)SumVarnc	706.44089	0	0	0	0	0	0	0	0	0	0	0	0	0	0	0
S(0,3)SumEntrp	2.029302	0	0	0	0	0	0	0	0	0	0	0	0	0	0	0
S(0,3)Entropy	3.6017371	0	0	0	0	0	0	0	0	0	0	0	0	0	0	0
S(0,3)DifVarnc	236.24324	0	0	0	0	0	0	0	0	0	0	0	0	0	0	0
S(0,3)DifEntrp	1.7330586	0	0	0	0	0	0	0	0	0	0	0	0	0	0	0
_Area_S(3,3)	128018	0	0	0	0	0	0	0	0	0	0	0	0	0	0	0
S(3,3)AngScMom	0.00025651916	0	0	0	0	0	0	0	0	0	0	0	0	0	0	0
S(3,3)Contrast	706.91842	0	0	0	0	0	0	0	0	0	0	0	0	0	0	0
S(3,3)Correlat	-0.00091733909	0	0	0	0	0	0	0	0	0	0	0	0	0	0	0
S(3,3)SumOfSqs	353.13526	0	0	0	0	0	0	0	0	0	0	0	0	0	0	0
S(3,3)InvDfMom	0.046125992	0	0	0	0	0	0	0	0	0	0	0	0	0	0	0
S(3,3)SumAverg	64.770189	0	0	0	0	0	0	0	0	0	0	0	0	0	0	0
S(3,3)SumVarnc	705.62264	0	0	0	0	0	0	0	0	0	0	0	0	0	0	0
S(3,3)SumEntrp	2.0291005	0	0	0	0	0	0	0	0	0	0	0	0	0	0	0
S(3,3)Entropy	3.6014714	0	0	0	0	0	0	0	0	0	0	0	0	0	0	0
S(3,3)DifVarnc	236.80126	0	0	0	0	0	0	0	0	0	0	0	0	0	0	0
S(3,3)DifEntrp	1.7333739	0	0	0	0	0	0	0	0	0	0	0	0	0	0	0
_Area_S(3,-3)	128018	0	0	0	0	0	0	0	0	0	0	0	0	0	0	0
S(3,-3)AngScMom	0.00025589677	0	0	0	0	0	0	0	0	0	0	0	0	0	0	0
S(3,-3)Contrast	703.50249	0	0	0	0	0	0	0	0	0	0	0	0	0	0	0
S(3,-3)Correlat	0.0039183439	0	0	0	0	0	0	0	0	0	0	0	0	0	0	0
S(3,-3)SumOfSqs	353.13495	0	0	0	0	0	0	0	0	0	0	0	0	0	0	0
S(3,-3)InvDfMom	0.046886139	0	0	0	0	0	0	0	0	0	0	0	0	0	0	0
S(3,-3)SumAverg	64.77072	0	0	0	0	0	0	0	0	0	0	0	0	0	0	0
S(3,-3)SumVarnc	709.03731	0	0	0	0	0	0	0	0	0	0	0	0	0	0	0
S(3,-3)SumEntrp	2.0299511	0	0	0	0	0	0	0	0	0	0	0	0	0	0	0
S(3,-3)Entropy	3.6019628	0	0	0	0	0	0	0	0	0	0	0	0	0	0	0
S(3,-3)DifVarnc	234.86918	0	0	0	0	0	0	0	0	0	0	0	0	0	0	0
S(3,-3)DifEntrp	1.7323785	0	0	0	0	0	0	0	0	0	0	0	0	0	0	0
_Area_S(4,0)	129024	0	0	0	0	0	0	0	0	0	0	0	0	0	0	0
S(4,0)AngScMom	0.00025643916	0	0	0	0	0	0	0	0	0	0	0	0	0	0	0
S(4,0)Contrast	704.56436	0	0	0	0	0	0	0	0	0	0	0	0	0	0	0
S(4,0)Correlat	0.0031221314	0	0	0	0	0	0	0	0	0	0	0	0	0	0	0
S(4,0)SumOfSqs	353.3855	0	0	0	0	0	0	0	0	0	0	0	0	0	0	0
S(4,0)InvDfMom	0.047283911	0	0	0	0	0	0	0	0	0	0	0	0	0	0	0
S(4,0)SumAverg	64.800192	0	0	0	0	0	0	0	0	0	0	0	0	0	0	0
S(4,0)SumVarnc	708.97762	0	0	0	0	0	0	0	0	0	0	0	0	0	0	0
S(4,0)SumEntrp	2.0301488	0	0	0	0	0	0	0	0	0	0	0	0	0	0	0
S(4,0)Entropy	3.6015329	0	0	0	0	0	0	0	0	0	0	0	0	0	0	0
S(4,0)DifVarnc	233.88181	0	0	0	0	0	0	0	0	0	0	0	0	0	0	0
S(4,0)DifEntrp	1.7330178	0	0	0	0	0	0	0	0	0	0	0	0	0	0	0
_Area_S(0,4)	129024	0	0	0	0	0	0	0	0	0	0	0	0	0	0	0
S(0,4)AngScMom	0.00025632214	0	0	0	0	0	0	0	0	0	0	0	0	0	0	0
S(0,4)Contrast	704.49471	0	0	0	0	0	0	0	0	0	0	0	0	0	0	0
S(0,4)Correlat	0.0028653496	0	0	0	0	0	0	0	0	0	0	0	0	0	0	0
S(0,4)SumOfSqs	353.25957	0	0	0	0	0	0	0	0	0	0	0	0	0	0	0
S(0,4)InvDfMom	0.046904041	0	0	0	0	0	0	0	0	0	0	0	0	0	0	0
S(0,4)SumAverg	64.777328	0	0	0	0	0	0	0	0	0	0	0	0	0	0	0
S(0,4)SumVarnc	708.54356	0	0	0	0	0	0	0	0	0	0	0	0	0	0	0
S(0,4)SumEntrp	2.0297291	0	0	0	0	0	0	0	0	0	0	0	0	0	0	0
S(0,4)Entropy	3.601684	0	0	0	0	0	0	0	0	0	0	0	0	0	0	0
S(0,4)DifVarnc	234.63842	0	0	0	0	0	0	0	0	0	0	0	0	0	0	0
S(0,4)DifEntrp	1.7328771	0	0	0	0	0	0	0	0	0	0	0	0	0	0	0
_Area_S(4,4)	127008	0	0	0	0	0	0	0	0	0	0	0	0	0	0	0
S(4,4)AngScMom	0.0002561784	0	0	0	0	0	0	0	0	0	0	0	0	0	0	0
S(4,4)Contrast	704.85798	0	0	0	0	0	0	0	0	0	0	0	0	0	0	0
S(4,4)Correlat	0.0020726816	0	0	0	0	0	0	0	0	0	0	0	0	0	0	0
S(4,4)SumOfSqs	353.16098	0	0	0	0	0	0	0	0	0	0	0	0	0	0	0
S(4,4)InvDfMom	0.045715524	0	0	0	0	0	0	0	0	0	0	0	0	0	0	0
S(4,4)SumAverg	64.768723	0	0	0	0	0	0	0	0	0	0	0	0	0	0	0
S(4,4)SumVarnc	707.78594	0	0	0	0	0	0	0	0	0	0	0	0	0	0	0
S(4,4)SumEntrp	2.0297891	0	0	0	0	0	0	0	0	0	0	0	0	0	0	0
S(4,4)Entropy	3.6017753	0	0	0	0	0	0	0	0	0	0	0	0	0	0	0
S(4,4)DifVarnc	234.46797	0	0	0	0	0	0	0	0	0	0	0	0	0	0	0
S(4,4)DifEntrp	1.7327417	0	0	0	0	0	0	0	0	0	0	0	0	0	0	0
_Area_S(4,-4)	127008	0	0	0	0	0	0	0	0	0	0	0	0	0	0	0
S(4,-4)AngScMom	0.00025645885	0	0	0	0	0	0	0	0	0	0	0	0	0	0	0
S(4,-4)Contrast	701.36812	0	0	0	0	0	0	0	0	0	0	0	0	0	0	0
S(4,-4)Correlat	0.0069817732	0	0	0	0	0	0	0	0	0	0	0	0	0	0	0
S(4,-4)SumOfSqs	353.14967	0	0	0	0	0	0	0	0	0	0	0	0	0	0	0
S(4,-4)InvDfMom	0.046751422	0	0	0	0	0	0	0	0	0	0	0	0	0	0	0
S(4,-4)SumAverg	64.769794	0	0	0	0	0	0	0	0	0	0	0	0	0	0	0
S(4,-4)SumVarnc	711.23056	0	0	0	0	0	0	0	0	0	0	0	0	0	0	0
S(4,-4)SumEntrp	2.0307495	0	0	0	0	0	0	0	0	0	0	0	0	0	0	0
S(4,-4)Entropy	3.601595	0	0	0	0	0	0	0	0	0	0	0	0	0	0	0
S(4,-4)DifVarnc	235.28242	0	0	0	0	0	0	0	0	0	0	0	0	0	0	0
S(4,-4)DifEntrp	1.7318006	0	0	0	0	0	0	0	0	0	0	0	0	0	0	0
_Area_S(5,0)	128512	0	0	0	0	0	0	0	0	0	0	0	0	0	0	0
S(5,0)AngScMom	0.00025641201	0	0	0	0	0	0	0	0	0	0	0	0	0	0	0
S(5,0)Contrast	705.97571	0	0	0	0	0	0	0	0	0	0	0	0	0	0	0
S(5,0)Correlat	0.0011306119	0	0	0	0	0	0	0	0	0	0	0	0	0	0	0
S(5,0)SumOfSqs	353.3874	0	0	0	0	0	0	0	0	0	0	0	0	0	0	0
S(5,0)InvDfMom	0.045642201	0	0	0	0	0	0	0	0	0	0	0	0	0	0	0
S(5,0)SumAverg	64.79465	0	0	0	0	0	0	0	0	0	0	0	0	0	0	0
S(5,0)SumVarnc	707.57388	0	0	0	0	0	0	0	0	0	0	0	0	0	0	0
S(5,0)SumEntrp	2.0296875	0	0	0	0	0	0	0	0	0	0	0	0	0	0	0
S(5,0)Entropy	3.6015672	0	0	0	0	0	0	0	0	0	0	0	0	0	0	0
S(5,0)DifVarnc	235.17229	0	0	0	0	0	0	0	0	0	0	0	0	0	0	0
S(5,0)DifEntrp	1.7332252	0	0	0	0	0	0	0	0	0	0	0	0	0	0	0
_Area_S(0,5)	128512	0	0	0	0	0	0	0	0	0	0	0	0	0	0	0
S(0,5)AngScMom	0.00025616363	0	0	0	0	0	0	0	0	0	0	0	0	0	0	0
S(0,5)Contrast	708.2725	0	0	0	0	0	0	0	0	0	0	0	0	0	0	0
S(0,5)Correlat	-0.0023282435	0	0	0	0	0	0	0	0	0	0	0	0	0	0	0
S(0,5)SumOfSqs	353.31365	0	0	0	0	0	0	0	0	0	0	0	0	0	0	0
S(0,5)InvDfMom	0.046065596	0	0	0	0	0	0	0	0	0	0	0	0	0	0	0
S(0,5)SumAverg	64.764224	0	0	0	0	0	0	0	0	0	0	0	0	0	0	0
S(0,5)SumVarnc	704.9821	0	0	0	0	0	0	0	0	0	0	0	0	0	0	0
S(0,5)SumEntrp	2.0289256	0	0	0	0	0	0	0	0	0	0	0	0	0	0	0
S(0,5)Entropy	3.6017948	0	0	0	0	0	0	0	0	0	0	0	0	0	0	0
S(0,5)DifVarnc	235.91786	0	0	0	0	0	0	0	0	0	0	0	0	0	0	0
S(0,5)DifEntrp	1.7335196	0	0	0	0	0	0	0	0	0	0	0	0	0	0	0
_Area_S(5,5)	126002	0	0	0	0	0	0	0	0	0	0	0	0	0	0	0
S(5,5)AngScMom	0.00025632104	0	0	0	0	0	0	0	0	0	0	0	0	0	0	0
S(5,5)Contrast	709.01521	0	0	0	0	0	0	0	0	0	0	0	0	0	0	0
S(5,5)Correlat	-0.0036473971	0	0	0	0	0	0	0	0	0	0	0	0	0	0	0
S(5,5)SumOfSqs	353.21927	0	0	0	0	0	0	0	0	0	0	0	0	0	0	0
S(5,5)InvDfMom	0.04495365	0	0	0	0	0	0	0	0	0	0	0	0	0	0	0
S(5,5)SumAverg	64.751337	0	0	0	0	0	0	0	0	0	0	0	0	0	0	0
S(5,5)SumVarnc	703.86188	0	0	0	0	0	0	0	0	0	0	0	0	0	0	0
S(5,5)SumEntrp	2.0288588	0	0	0	0	0	0	0	0	0	0	0	0	0	0	0
S(5,5)Entropy	3.6016424	0	0	0	0	0	0	0	0	0	0	0	0	0	0	0
S(5,5)DifVarnc	235.08007	0	0	0	0	0	0	0	0	0	0	0	0	0	0	0
S(5,5)DifEntrp	1.7333476	0	0	0	0	0	0	0	0	0	0	0	0	0	0	0
_Area_S(5,-5)	126002	0	0	0	0	0	0	0	0	0	0	0	0	0	0	0
S(5,-5)AngScMom	0.00025630592	0	0	0	0	0	0	0	0	0	0	0	0	0	0	0
S(5,-5)Contrast	708.40482	0	0	0	0	0	0	0	0	0	0	0	0	0	0	0
S(5,-5)Correlat	-0.0028051106	0	0	0	0	0	0	0	0	0	0	0	0	0	0	0
S(5,-5)SumOfSqs	353.21161	0	0	0	0	0	0	0	0	0	0	0	0	0	0	0
S(5,-5)InvDfMom	0.046231032	0	0	0	0	0	0	0	0	0	0	0	0	0	0	0
S(5,-5)SumAverg	64.749353	0	0	0	0	0	0	0	0	0	0	0	0	0	0	0
S(5,-5)SumVarnc	704.44163	0	0	0	0	0	0	0	0	0	0	0	0	0	0	0
S(5,-5)SumEntrp	2.0287471	0	0	0	0	0	0	0	0	0	0	0	0	0	0	0
S(5,-5)Entropy	3.6016035	0	0	0	0	0	0	0	0	0	0	0	0	0	0	0
S(5,-5)DifVarnc	236.53314	0	0	0	0	0	0	0	0	0	0	0	0	0	0	0
S(5,-5)DifEntrp	1.7337882	0	0	0	0	0	0	0	0	0	0	0	0	0	0	0
Horzl_RLNonUni	61848.041	0	0	0	0	0	0	0	0	0	0	0	0	0	0	0
Horzl_GLevNonU	1012.4893	0	0	0	0	0	0	0	0	0	0	0	0	0	0	0
Horzl_LngREmph	1.06031	0	0	0	0	0	0	0	0	0	0	0	0	0	0	0
Horzl_ShrtREmp	0.9855368	0	0	0	0	0	0	0	0	0	0	0	0	0	0	0
Horzl_Fraction	0.98065186	0	0	0	0	0	0	0	0	0	0	0	0	0	0	0
Vertl_RLNonUni	62606.197	0	0	0	0	0	0	0	0	0	0	0	0	0	0	0
Vertl_GLevNonU	1017.1014	0	0	0	0	0	0	0	0	0	0	0	0	0	0	0
Vertl_LngREmph	1.0470273	0	0	0	0	0	0	0	0	0	0	0	0	0	0	0
Vertl_ShrtREmp	0.98857029	0	0	0	0	0	0	0	0	0	0	0	0	0	0	0
Vertl_Fraction	0.98475647	0	0	0	0	0	0	0	0	0	0	0	0	0	0	0
45dgr_RLNonUni	62589.009	0	0	0	0	0	0	0	0	0	0	0	0	0	0	0
45dgr_GLevNonU	1017.051	0	0	0	0	0	0	0	0	0	0	0	0	0	0	0
45dgr_LngREmph	1.0467484	0	0	0	0	0	0	0	0	0	0	0	0	0	0	0
45dgr_ShrtREmp	0.98848507	0	0	0	0	0	0	0	0	0	0	0	0	0	0	0
45dgr_Fraction	0.98475647	0	0	0	0	0	0	0	0	0	0	0	0	0	0	0
135dr_RLNonUni	62491.916	0	0	0	0	0	0	0	0	0	0	0	0	0	0	0
135dr_GLevNonU	1016.7754	0	0	0	0	0	0	0	0	0	0	0	0	0	0	0
135dr_LngREmph	1.0484946	0	0	0	0	0	0	0	0	0	0	0	0	0	0	0
135dr_ShrtREmp	0.98810028	0	0	0	0	0	0	0	0	0	0	0	0	0	0	0
135dr_Fraction	0.98422241	0	0	0	0	0	0	0	0	0	0	0	0	0	0	0
_AreaGr	64516	0	0	0	0	0	0	0	0	0	0	0	0	0	0	0
GrMean	8.4099014	0	0	0	0	0	0	0	0	0	0	0	0	0	0	0
GrVariance	15.948895	0	0	0	0	0	0	0	0	0	0	0	0	0	0	0
GrSkewness	0.16158433	0	0	0	0	0	0	0	0	0	0	0	0	0	0	0
GrKurtosis	-0.68618264	0	0	0	0	0	0	0	0	0	0	0	0	0	0	0
GrNonZeros	0.99612499	0	0	0	0	0	0	0	0	0	0	0	0	0	0	0
_AreaARM	64770	0	0	0	0	0	0	0	0	0	0	0	0	0	0	0
Teta1	0.062894332	0	0	0	0	0	0	0	0	0	0	0	0	0	0	0
Teta2	-0.006120755	0	0	0	0	0	0	0	0	0	0	0	0	0	0	0
Teta3	0.011921735	0	0	0	0	0	0	0	0	0	0	0	0	0	0	0
Teta4	-0.00291703	0	0	0	0	0	0	0	0	0	0	0	0	0	0	0
Sigma	0.99719482	0	0	0	0	0	0	0	0	0	0	0	0	0	0	0
WavEnLL_s-1	17677.819	0	0	0	0	0	0	0	0	0	0	0	0	0	0	0
WavEnLH_s-1	1495.6553	0	0	0	0	0	0	0	0	0	0	0	0	0	0	0
WavEnHL_s-1	1351.0149	0	0	0	0	0	0	0	0	0	0	0	0	0	0	0
WavEnHH_s-1	1300.9982	0	0	0	0	0	0	0	0	0	0	0	0	0	0	0
WavEnLL_s-2	16566.988	0	0	0	0	0	0	0	0	0	0	0	0	0	0	0
WavEnLH_s-2	405.49613	0	0	0	0	0	0	0	0	0	0	0	0	0	0	0
WavEnHL_s-2	355.95579	0	0	0	0	0	0	0	0	0	0	0	0	0	0	0
WavEnHH_s-2	349.37949	0	0	0	0	0	0	0	0	0	0	0	0	0	0	0
WavEnLL_s-3	16274.152	0	0	0	0	0	0	0	0	0	0	0	0	0	0	0
WavEnLH_s-3	102.43887	0	0	0	0	0	0	0	0	0	0	0	0	0	0	0
WavEnHL_s-3	91.044435	0	0	0	0	0	0	0	0	0	0	0	0	0	0	0
WavEnHH_s-3	99.353133	0	0	0	0	0	0	0	0	0	0	0	0	0	0	0
WavEnLL_s-4	16189.875	0	0	0	0	0	0	0	0	0	0	0	0	0	0	0
WavEnLH_s-4	30.02414	0	0	0	0	0	0	0	0	0	0	0	0	0	0	0
WavEnHL_s-4	27.303707	0	0	0	0	0	0	0	0	0	0	0	0	0	0	0
WavEnHH_s-4	26.949151	0	0	0	0	0	0	0	0	0	0	0	0	0	0	0
