Image File: stone1-a-p011.png 
ROI File: allred.roi 
Image size: 256 x 256
Min. lum.: 1
Max. lum.: 256
Bits/pixel: 8

Normalisation =  No
Histogram analysis = Yes
CO matrix analysis = Yes, Dimensions = 6 x 6, Distances = 1 2 3 4 5
RL matrix analysis = Yes, Dimension = 6
Gradient analysis = Yes, Max pixel value = 16
AR model analysis = Yes
Wavelet analysis = Yes

--------------- CLASS NAMES ----------------

----------------- FEATURES -----------------
_Area	65536	0	0	0	0	0	0	0	0	0	0	0	0	0	0	0
Mean	128.59773	0	0	0	0	0	0	0	0	0	0	0	0	0	0	0
Variance	5623.6817	0	0	0	0	0	0	0	0	0	0	0	0	0	0	0
Skewness	-0.014521137	0	0	0	0	0	0	0	0	0	0	0	0	0	0	0
Kurtosis	-1.2178441	0	0	0	0	0	0	0	0	0	0	0	0	0	0	0
Perc.01%	2	0	0	0	0	0	0	0	0	0	0	0	0	0	0	0
Perc.10%	25	0	0	0	0	0	0	0	0	0	0	0	0	0	0	0
Perc.50%	129	0	0	0	0	0	0	0	0	0	0	0	0	0	0	0
Perc.90%	232	0	0	0	0	0	0	0	0	0	0	0	0	0	0	0
Perc.99%	254	0	0	0	0	0	0	0	0	0	0	0	0	0	0	0
_Area_S(1,0)	130560	0	0	0	0	0	0	0	0	0	0	0	0	0	0	0
S(1,0)AngScMom	0.00026080456	0	0	0	0	0	0	0	0	0	0	0	0	0	0	0
S(1,0)Contrast	668.36728	0	0	0	0	0	0	0	0	0	0	0	0	0	0	0
S(1,0)Correlat	0.047608123	0	0	0	0	0	0	0	0	0	0	0	0	0	0	0
S(1,0)SumOfSqs	350.8888	0	0	0	0	0	0	0	0	0	0	0	0	0	0	0
S(1,0)InvDfMom	0.053026042	0	0	0	0	0	0	0	0	0	0	0	0	0	0	0
S(1,0)SumAverg	65.055545	0	0	0	0	0	0	0	0	0	0	0	0	0	0	0
S(1,0)SumVarnc	735.18791	0	0	0	0	0	0	0	0	0	0	0	0	0	0	0
S(1,0)SumEntrp	2.0369794	0	0	0	0	0	0	0	0	0	0	0	0	0	0	0
S(1,0)Entropy	3.5981014	0	0	0	0	0	0	0	0	0	0	0	0	0	0	0
S(1,0)DifVarnc	228.33054	0	0	0	0	0	0	0	0	0	0	0	0	0	0	0
S(1,0)DifEntrp	1.7227174	0	0	0	0	0	0	0	0	0	0	0	0	0	0	0
_Area_S(0,1)	130560	0	0	0	0	0	0	0	0	0	0	0	0	0	0	0
S(0,1)AngScMom	0.00025488912	0	0	0	0	0	0	0	0	0	0	0	0	0	0	0
S(0,1)Contrast	702.33552	0	0	0	0	0	0	0	0	0	0	0	0	0	0	0
S(0,1)Correlat	-0.0011109068	0	0	0	0	0	0	0	0	0	0	0	0	0	0	0
S(0,1)SumOfSqs	350.77808	0	0	0	0	0	0	0	0	0	0	0	0	0	0	0
S(0,1)InvDfMom	0.045953698	0	0	0	0	0	0	0	0	0	0	0	0	0	0	0
S(0,1)SumAverg	65.050077	0	0	0	0	0	0	0	0	0	0	0	0	0	0	0
S(0,1)SumVarnc	700.7768	0	0	0	0	0	0	0	0	0	0	0	0	0	0	0
S(0,1)SumEntrp	2.0275275	0	0	0	0	0	0	0	0	0	0	0	0	0	0	0
S(0,1)Entropy	3.6027186	0	0	0	0	0	0	0	0	0	0	0	0	0	0	0
S(0,1)DifVarnc	233.68399	0	0	0	0	0	0	0	0	0	0	0	0	0	0	0
S(0,1)DifEntrp	1.7316975	0	0	0	0	0	0	0	0	0	0	0	0	0	0	0
_Area_S(1,1)	130050	0	0	0	0	0	0	0	0	0	0	0	0	0	0	0
S(1,1)AngScMom	0.00025521867	0	0	0	0	0	0	0	0	0	0	0	0	0	0	0
S(1,1)Contrast	703.0358	0	0	0	0	0	0	0	0	0	0	0	0	0	0	0
S(1,1)Correlat	-0.0022951305	0	0	0	0	0	0	0	0	0	0	0	0	0	0	0
S(1,1)SumOfSqs	350.71297	0	0	0	0	0	0	0	0	0	0	0	0	0	0	0
S(1,1)InvDfMom	0.046606597	0	0	0	0	0	0	0	0	0	0	0	0	0	0	0
S(1,1)SumAverg	65.058931	0	0	0	0	0	0	0	0	0	0	0	0	0	0	0
S(1,1)SumVarnc	699.81607	0	0	0	0	0	0	0	0	0	0	0	0	0	0	0
S(1,1)SumEntrp	2.0276317	0	0	0	0	0	0	0	0	0	0	0	0	0	0	0
S(1,1)Entropy	3.6024927	0	0	0	0	0	0	0	0	0	0	0	0	0	0	0
S(1,1)DifVarnc	233.89253	0	0	0	0	0	0	0	0	0	0	0	0	0	0	0
S(1,1)DifEntrp	1.7321385	0	0	0	0	0	0	0	0	0	0	0	0	0	0	0
_Area_S(1,-1)	130050	0	0	0	0	0	0	0	0	0	0	0	0	0	0	0
S(1,-1)AngScMom	0.00025459264	0	0	0	0	0	0	0	0	0	0	0	0	0	0	0
S(1,-1)Contrast	697.43792	0	0	0	0	0	0	0	0	0	0	0	0	0	0	0
S(1,-1)Correlat	0.0056760448	0	0	0	0	0	0	0	0	0	0	0	0	0	0	0
S(1,-1)SumOfSqs	350.70961	0	0	0	0	0	0	0	0	0	0	0	0	0	0	0
S(1,-1)InvDfMom	0.047055488	0	0	0	0	0	0	0	0	0	0	0	0	0	0	0
S(1,-1)SumAverg	65.058777	0	0	0	0	0	0	0	0	0	0	0	0	0	0	0
S(1,-1)SumVarnc	705.4005	0	0	0	0	0	0	0	0	0	0	0	0	0	0	0
S(1,-1)SumEntrp	2.0289711	0	0	0	0	0	0	0	0	0	0	0	0	0	0	0
S(1,-1)Entropy	3.6030063	0	0	0	0	0	0	0	0	0	0	0	0	0	0	0
S(1,-1)DifVarnc	233.52297	0	0	0	0	0	0	0	0	0	0	0	0	0	0	0
S(1,-1)DifEntrp	1.7308523	0	0	0	0	0	0	0	0	0	0	0	0	0	0	0
_Area_S(2,0)	130048	0	0	0	0	0	0	0	0	0	0	0	0	0	0	0
S(2,0)AngScMom	0.00025654767	0	0	0	0	0	0	0	0	0	0	0	0	0	0	0
S(2,0)Contrast	684.74969	0	0	0	0	0	0	0	0	0	0	0	0	0	0	0
S(2,0)Correlat	0.024420703	0	0	0	0	0	0	0	0	0	0	0	0	0	0	0
S(2,0)SumOfSqs	350.94517	0	0	0	0	0	0	0	0	0	0	0	0	0	0	0
S(2,0)InvDfMom	0.0477678	0	0	0	0	0	0	0	0	0	0	0	0	0	0	0
S(2,0)SumAverg	65.050228	0	0	0	0	0	0	0	0	0	0	0	0	0	0	0
S(2,0)SumVarnc	719.031	0	0	0	0	0	0	0	0	0	0	0	0	0	0	0
S(2,0)SumEntrp	2.0330656	0	0	0	0	0	0	0	0	0	0	0	0	0	0	0
S(2,0)Entropy	3.6014941	0	0	0	0	0	0	0	0	0	0	0	0	0	0	0
S(2,0)DifVarnc	228.46241	0	0	0	0	0	0	0	0	0	0	0	0	0	0	0
S(2,0)DifEntrp	1.7273073	0	0	0	0	0	0	0	0	0	0	0	0	0	0	0
_Area_S(0,2)	130048	0	0	0	0	0	0	0	0	0	0	0	0	0	0	0
S(0,2)AngScMom	0.00025560175	0	0	0	0	0	0	0	0	0	0	0	0	0	0	0
S(0,2)Contrast	708.8652	0	0	0	0	0	0	0	0	0	0	0	0	0	0	0
S(0,2)Correlat	-0.010709702	0	0	0	0	0	0	0	0	0	0	0	0	0	0	0
S(0,2)SumOfSqs	350.67696	0	0	0	0	0	0	0	0	0	0	0	0	0	0	0
S(0,2)InvDfMom	0.046711567	0	0	0	0	0	0	0	0	0	0	0	0	0	0	0
S(0,2)SumAverg	65.028928	0	0	0	0	0	0	0	0	0	0	0	0	0	0	0
S(0,2)SumVarnc	693.84262	0	0	0	0	0	0	0	0	0	0	0	0	0	0	0
S(0,2)SumEntrp	2.0259265	0	0	0	0	0	0	0	0	0	0	0	0	0	0	0
S(0,2)Entropy	3.602109	0	0	0	0	0	0	0	0	0	0	0	0	0	0	0
S(0,2)DifVarnc	236.70206	0	0	0	0	0	0	0	0	0	0	0	0	0	0	0
S(0,2)DifEntrp	1.7340468	0	0	0	0	0	0	0	0	0	0	0	0	0	0	0
_Area_S(2,2)	129032	0	0	0	0	0	0	0	0	0	0	0	0	0	0	0
S(2,2)AngScMom	0.00025521511	0	0	0	0	0	0	0	0	0	0	0	0	0	0	0
S(2,2)Contrast	698.66179	0	0	0	0	0	0	0	0	0	0	0	0	0	0	0
S(2,2)Correlat	0.0038192361	0	0	0	0	0	0	0	0	0	0	0	0	0	0	0
S(2,2)SumOfSqs	350.67019	0	0	0	0	0	0	0	0	0	0	0	0	0	0	0
S(2,2)InvDfMom	0.045690618	0	0	0	0	0	0	0	0	0	0	0	0	0	0	0
S(2,2)SumAverg	65.031713	0	0	0	0	0	0	0	0	0	0	0	0	0	0	0
S(2,2)SumVarnc	704.01896	0	0	0	0	0	0	0	0	0	0	0	0	0	0	0
S(2,2)SumEntrp	2.0286563	0	0	0	0	0	0	0	0	0	0	0	0	0	0	0
S(2,2)Entropy	3.6024564	0	0	0	0	0	0	0	0	0	0	0	0	0	0	0
S(2,2)DifVarnc	232.24079	0	0	0	0	0	0	0	0	0	0	0	0	0	0	0
S(2,2)DifEntrp	1.7308482	0	0	0	0	0	0	0	0	0	0	0	0	0	0	0
_Area_S(2,-2)	129032	0	0	0	0	0	0	0	0	0	0	0	0	0	0	0
S(2,-2)AngScMom	0.00025508033	0	0	0	0	0	0	0	0	0	0	0	0	0	0	0
S(2,-2)Contrast	699.4696	0	0	0	0	0	0	0	0	0	0	0	0	0	0	0
S(2,-2)Correlat	0.0026408068	0	0	0	0	0	0	0	0	0	0	0	0	0	0	0
S(2,-2)SumOfSqs	350.66083	0	0	0	0	0	0	0	0	0	0	0	0	0	0	0
S(2,-2)InvDfMom	0.046454209	0	0	0	0	0	0	0	0	0	0	0	0	0	0	0
S(2,-2)SumAverg	65.03238	0	0	0	0	0	0	0	0	0	0	0	0	0	0	0
S(2,-2)SumVarnc	703.17371	0	0	0	0	0	0	0	0	0	0	0	0	0	0	0
S(2,-2)SumEntrp	2.0284322	0	0	0	0	0	0	0	0	0	0	0	0	0	0	0
S(2,-2)Entropy	3.602549	0	0	0	0	0	0	0	0	0	0	0	0	0	0	0
S(2,-2)DifVarnc	233.67036	0	0	0	0	0	0	0	0	0	0	0	0	0	0	0
S(2,-2)DifEntrp	1.7311061	0	0	0	0	0	0	0	0	0	0	0	0	0	0	0
_Area_S(3,0)	129536	0	0	0	0	0	0	0	0	0	0	0	0	0	0	0
S(3,0)AngScMom	0.00025533495	0	0	0	0	0	0	0	0	0	0	0	0	0	0	0
S(3,0)Contrast	693.0113	0	0	0	0	0	0	0	0	0	0	0	0	0	0	0
S(3,0)Correlat	0.01266602	0	0	0	0	0	0	0	0	0	0	0	0	0	0	0
S(3,0)SumOfSqs	350.9508	0	0	0	0	0	0	0	0	0	0	0	0	0	0	0
S(3,0)InvDfMom	0.048350308	0	0	0	0	0	0	0	0	0	0	0	0	0	0	0
S(3,0)SumAverg	65.049407	0	0	0	0	0	0	0	0	0	0	0	0	0	0	0
S(3,0)SumVarnc	710.7919	0	0	0	0	0	0	0	0	0	0	0	0	0	0	0
S(3,0)SumEntrp	2.0307809	0	0	0	0	0	0	0	0	0	0	0	0	0	0	0
S(3,0)Entropy	3.6024862	0	0	0	0	0	0	0	0	0	0	0	0	0	0	0
S(3,0)DifVarnc	232.25256	0	0	0	0	0	0	0	0	0	0	0	0	0	0	0
S(3,0)DifEntrp	1.7295172	0	0	0	0	0	0	0	0	0	0	0	0	0	0	0
_Area_S(0,3)	129536	0	0	0	0	0	0	0	0	0	0	0	0	0	0	0
S(0,3)AngScMom	0.00025501241	0	0	0	0	0	0	0	0	0	0	0	0	0	0	0
S(0,3)Contrast	701.01802	0	0	0	0	0	0	0	0	0	0	0	0	0	0	0
S(0,3)Correlat	0.00034365628	0	0	0	0	0	0	0	0	0	0	0	0	0	0	0
S(0,3)SumOfSqs	350.62951	0	0	0	0	0	0	0	0	0	0	0	0	0	0	0
S(0,3)InvDfMom	0.047035291	0	0	0	0	0	0	0	0	0	0	0	0	0	0	0
S(0,3)SumAverg	65.021106	0	0	0	0	0	0	0	0	0	0	0	0	0	0	0
S(0,3)SumVarnc	701.5	0	0	0	0	0	0	0	0	0	0	0	0	0	0	0
S(0,3)SumEntrp	2.0280766	0	0	0	0	0	0	0	0	0	0	0	0	0	0	0
S(0,3)Entropy	3.6026568	0	0	0	0	0	0	0	0	0	0	0	0	0	0	0
S(0,3)DifVarnc	233.41946	0	0	0	0	0	0	0	0	0	0	0	0	0	0	0
S(0,3)DifEntrp	1.7316923	0	0	0	0	0	0	0	0	0	0	0	0	0	0	0
_Area_S(3,3)	128018	0	0	0	0	0	0	0	0	0	0	0	0	0	0	0
S(3,3)AngScMom	0.00025497638	0	0	0	0	0	0	0	0	0	0	0	0	0	0	0
S(3,3)Contrast	697.82879	0	0	0	0	0	0	0	0	0	0	0	0	0	0	0
S(3,3)Correlat	0.0049080317	0	0	0	0	0	0	0	0	0	0	0	0	0	0	0
S(3,3)SumOfSqs	350.63532	0	0	0	0	0	0	0	0	0	0	0	0	0	0	0
S(3,3)InvDfMom	0.047866301	0	0	0	0	0	0	0	0	0	0	0	0	0	0	0
S(3,3)SumAverg	65.023434	0	0	0	0	0	0	0	0	0	0	0	0	0	0	0
S(3,3)SumVarnc	704.71251	0	0	0	0	0	0	0	0	0	0	0	0	0	0	0
S(3,3)SumEntrp	2.0289279	0	0	0	0	0	0	0	0	0	0	0	0	0	0	0
S(3,3)Entropy	3.6026864	0	0	0	0	0	0	0	0	0	0	0	0	0	0	0
S(3,3)DifVarnc	233.75142	0	0	0	0	0	0	0	0	0	0	0	0	0	0	0
S(3,3)DifEntrp	1.7309432	0	0	0	0	0	0	0	0	0	0	0	0	0	0	0
_Area_S(3,-3)	128018	0	0	0	0	0	0	0	0	0	0	0	0	0	0	0
S(3,-3)AngScMom	0.0002556837	0	0	0	0	0	0	0	0	0	0	0	0	0	0	0
S(3,-3)Contrast	699.59613	0	0	0	0	0	0	0	0	0	0	0	0	0	0	0
S(3,-3)Correlat	0.0023530016	0	0	0	0	0	0	0	0	0	0	0	0	0	0	0
S(3,-3)SumOfSqs	350.62308	0	0	0	0	0	0	0	0	0	0	0	0	0	0	0
S(3,-3)InvDfMom	0.046548983	0	0	0	0	0	0	0	0	0	0	0	0	0	0	0
S(3,-3)SumAverg	65.022716	0	0	0	0	0	0	0	0	0	0	0	0	0	0	0
S(3,-3)SumVarnc	702.8962	0	0	0	0	0	0	0	0	0	0	0	0	0	0	0
S(3,-3)SumEntrp	2.0279236	0	0	0	0	0	0	0	0	0	0	0	0	0	0	0
S(3,-3)Entropy	3.6020932	0	0	0	0	0	0	0	0	0	0	0	0	0	0	0
S(3,-3)DifVarnc	234.17562	0	0	0	0	0	0	0	0	0	0	0	0	0	0	0
S(3,-3)DifEntrp	1.7314688	0	0	0	0	0	0	0	0	0	0	0	0	0	0	0
_Area_S(4,0)	129024	0	0	0	0	0	0	0	0	0	0	0	0	0	0	0
S(4,0)AngScMom	0.00025570498	0	0	0	0	0	0	0	0	0	0	0	0	0	0	0
S(4,0)Contrast	691.69333	0	0	0	0	0	0	0	0	0	0	0	0	0	0	0
S(4,0)Correlat	0.01454528	0	0	0	0	0	0	0	0	0	0	0	0	0	0	0
S(4,0)SumOfSqs	350.95135	0	0	0	0	0	0	0	0	0	0	0	0	0	0	0
S(4,0)InvDfMom	0.046920598	0	0	0	0	0	0	0	0	0	0	0	0	0	0	0
S(4,0)SumAverg	65.048239	0	0	0	0	0	0	0	0	0	0	0	0	0	0	0
S(4,0)SumVarnc	712.11207	0	0	0	0	0	0	0	0	0	0	0	0	0	0	0
S(4,0)SumEntrp	2.0309431	0	0	0	0	0	0	0	0	0	0	0	0	0	0	0
S(4,0)Entropy	3.6020398	0	0	0	0	0	0	0	0	0	0	0	0	0	0	0
S(4,0)DifVarnc	231.00572	0	0	0	0	0	0	0	0	0	0	0	0	0	0	0
S(4,0)DifEntrp	1.729296	0	0	0	0	0	0	0	0	0	0	0	0	0	0	0
_Area_S(0,4)	129024	0	0	0	0	0	0	0	0	0	0	0	0	0	0	0
S(0,4)AngScMom	0.00025533627	0	0	0	0	0	0	0	0	0	0	0	0	0	0	0
S(0,4)Contrast	698.92141	0	0	0	0	0	0	0	0	0	0	0	0	0	0	0
S(0,4)Correlat	0.0033870985	0	0	0	0	0	0	0	0	0	0	0	0	0	0	0
S(0,4)SumOfSqs	350.64839	0	0	0	0	0	0	0	0	0	0	0	0	0	0	0
S(0,4)InvDfMom	0.046817665	0	0	0	0	0	0	0	0	0	0	0	0	0	0	0
S(0,4)SumAverg	65.025329	0	0	0	0	0	0	0	0	0	0	0	0	0	0	0
S(0,4)SumVarnc	703.67213	0	0	0	0	0	0	0	0	0	0	0	0	0	0	0
S(0,4)SumEntrp	2.0282857	0	0	0	0	0	0	0	0	0	0	0	0	0	0	0
S(0,4)Entropy	3.6024144	0	0	0	0	0	0	0	0	0	0	0	0	0	0	0
S(0,4)DifVarnc	234.50929	0	0	0	0	0	0	0	0	0	0	0	0	0	0	0
S(0,4)DifEntrp	1.7310135	0	0	0	0	0	0	0	0	0	0	0	0	0	0	0
_Area_S(4,4)	127008	0	0	0	0	0	0	0	0	0	0	0	0	0	0	0
S(4,4)AngScMom	0.00025512391	0	0	0	0	0	0	0	0	0	0	0	0	0	0	0
S(4,4)Contrast	700.58483	0	0	0	0	0	0	0	0	0	0	0	0	0	0	0
S(4,4)Correlat	0.0010622036	0	0	0	0	0	0	0	0	0	0	0	0	0	0	0
S(4,4)SumOfSqs	350.66489	0	0	0	0	0	0	0	0	0	0	0	0	0	0	0
S(4,4)InvDfMom	0.047684715	0	0	0	0	0	0	0	0	0	0	0	0	0	0	0
S(4,4)SumAverg	65.027132	0	0	0	0	0	0	0	0	0	0	0	0	0	0	0
S(4,4)SumVarnc	702.07474	0	0	0	0	0	0	0	0	0	0	0	0	0	0	0
S(4,4)SumEntrp	2.0280416	0	0	0	0	0	0	0	0	0	0	0	0	0	0	0
S(4,4)Entropy	3.6025698	0	0	0	0	0	0	0	0	0	0	0	0	0	0	0
S(4,4)DifVarnc	233.37249	0	0	0	0	0	0	0	0	0	0	0	0	0	0	0
S(4,4)DifEntrp	1.7317913	0	0	0	0	0	0	0	0	0	0	0	0	0	0	0
_Area_S(4,-4)	127008	0	0	0	0	0	0	0	0	0	0	0	0	0	0	0
S(4,-4)AngScMom	0.00025554025	0	0	0	0	0	0	0	0	0	0	0	0	0	0	0
S(4,-4)Contrast	703.88944	0	0	0	0	0	0	0	0	0	0	0	0	0	0	0
S(4,-4)Correlat	-0.0037363589	0	0	0	0	0	0	0	0	0	0	0	0	0	0	0
S(4,-4)SumOfSqs	350.63462	0	0	0	0	0	0	0	0	0	0	0	0	0	0	0
S(4,-4)InvDfMom	0.04683063	0	0	0	0	0	0	0	0	0	0	0	0	0	0	0
S(4,-4)SumAverg	65.026187	0	0	0	0	0	0	0	0	0	0	0	0	0	0	0
S(4,-4)SumVarnc	698.64905	0	0	0	0	0	0	0	0	0	0	0	0	0	0	0
S(4,-4)SumEntrp	2.0272428	0	0	0	0	0	0	0	0	0	0	0	0	0	0	0
S(4,-4)Entropy	3.6022202	0	0	0	0	0	0	0	0	0	0	0	0	0	0	0
S(4,-4)DifVarnc	233.23574	0	0	0	0	0	0	0	0	0	0	0	0	0	0	0
S(4,-4)DifEntrp	1.7323982	0	0	0	0	0	0	0	0	0	0	0	0	0	0	0
_Area_S(5,0)	128512	0	0	0	0	0	0	0	0	0	0	0	0	0	0	0
S(5,0)AngScMom	0.00025500786	0	0	0	0	0	0	0	0	0	0	0	0	0	0	0
S(5,0)Contrast	701.85463	0	0	0	0	0	0	0	0	0	0	0	0	0	0	0
S(5,0)Correlat	7.8485329e-05	0	0	0	0	0	0	0	0	0	0	0	0	0	0	0
S(5,0)SumOfSqs	350.95486	0	0	0	0	0	0	0	0	0	0	0	0	0	0	0
S(5,0)InvDfMom	0.046759413	0	0	0	0	0	0	0	0	0	0	0	0	0	0	0
S(5,0)SumAverg	65.049007	0	0	0	0	0	0	0	0	0	0	0	0	0	0	0
S(5,0)SumVarnc	701.96481	0	0	0	0	0	0	0	0	0	0	0	0	0	0	0
S(5,0)SumEntrp	2.0281022	0	0	0	0	0	0	0	0	0	0	0	0	0	0	0
S(5,0)Entropy	3.60273	0	0	0	0	0	0	0	0	0	0	0	0	0	0	0
S(5,0)DifVarnc	233.77168	0	0	0	0	0	0	0	0	0	0	0	0	0	0	0
S(5,0)DifEntrp	1.7319586	0	0	0	0	0	0	0	0	0	0	0	0	0	0	0
_Area_S(0,5)	128512	0	0	0	0	0	0	0	0	0	0	0	0	0	0	0
S(0,5)AngScMom	0.00025521845	0	0	0	0	0	0	0	0	0	0	0	0	0	0	0
S(0,5)Contrast	701.70221	0	0	0	0	0	0	0	0	0	0	0	0	0	0	0
S(0,5)Correlat	-0.00049307503	0	0	0	0	0	0	0	0	0	0	0	0	0	0	0
S(0,5)SumOfSqs	350.67819	0	0	0	0	0	0	0	0	0	0	0	0	0	0	0
S(0,5)InvDfMom	0.046752068	0	0	0	0	0	0	0	0	0	0	0	0	0	0	0
S(0,5)SumAverg	65.025009	0	0	0	0	0	0	0	0	0	0	0	0	0	0	0
S(0,5)SumVarnc	701.01056	0	0	0	0	0	0	0	0	0	0	0	0	0	0	0
S(0,5)SumEntrp	2.0279899	0	0	0	0	0	0	0	0	0	0	0	0	0	0	0
S(0,5)Entropy	3.602469	0	0	0	0	0	0	0	0	0	0	0	0	0	0	0
S(0,5)DifVarnc	233.07768	0	0	0	0	0	0	0	0	0	0	0	0	0	0	0
S(0,5)DifEntrp	1.7318281	0	0	0	0	0	0	0	0	0	0	0	0	0	0	0
_Area_S(5,5)	126002	0	0	0	0	0	0	0	0	0	0	0	0	0	0	0
S(5,5)AngScMom	0.00025538708	0	0	0	0	0	0	0	0	0	0	0	0	0	0	0
S(5,5)Contrast	703.43675	0	0	0	0	0	0	0	0	0	0	0	0	0	0	0
S(5,5)Correlat	-0.0028800237	0	0	0	0	0	0	0	0	0	0	0	0	0	0	0
S(5,5)SumOfSqs	350.70833	0	0	0	0	0	0	0	0	0	0	0	0	0	0	0
S(5,5)InvDfMom	0.045903116	0	0	0	0	0	0	0	0	0	0	0	0	0	0	0
S(5,5)SumAverg	65.02619	0	0	0	0	0	0	0	0	0	0	0	0	0	0	0
S(5,5)SumVarnc	699.39656	0	0	0	0	0	0	0	0	0	0	0	0	0	0	0
S(5,5)SumEntrp	2.0274573	0	0	0	0	0	0	0	0	0	0	0	0	0	0	0
S(5,5)Entropy	3.6023208	0	0	0	0	0	0	0	0	0	0	0	0	0	0	0
S(5,5)DifVarnc	233.82493	0	0	0	0	0	0	0	0	0	0	0	0	0	0	0
S(5,5)DifEntrp	1.7324877	0	0	0	0	0	0	0	0	0	0	0	0	0	0	0
_Area_S(5,-5)	126002	0	0	0	0	0	0	0	0	0	0	0	0	0	0	0
S(5,-5)AngScMom	0.00025586061	0	0	0	0	0	0	0	0	0	0	0	0	0	0	0
S(5,-5)Contrast	704.49564	0	0	0	0	0	0	0	0	0	0	0	0	0	0	0
S(5,-5)Correlat	-0.0044685417	0	0	0	0	0	0	0	0	0	0	0	0	0	0	0
S(5,-5)SumOfSqs	350.68079	0	0	0	0	0	0	0	0	0	0	0	0	0	0	0
S(5,-5)InvDfMom	0.046606432	0	0	0	0	0	0	0	0	0	0	0	0	0	0	0
S(5,-5)SumAverg	65.026206	0	0	0	0	0	0	0	0	0	0	0	0	0	0	0
S(5,-5)SumVarnc	698.22752	0	0	0	0	0	0	0	0	0	0	0	0	0	0	0
S(5,-5)SumEntrp	2.0269912	0	0	0	0	0	0	0	0	0	0	0	0	0	0	0
S(5,-5)Entropy	3.6019032	0	0	0	0	0	0	0	0	0	0	0	0	0	0	0
S(5,-5)DifVarnc	234.44274	0	0	0	0	0	0	0	0	0	0	0	0	0	0	0
S(5,-5)DifEntrp	1.7326637	0	0	0	0	0	0	0	0	0	0	0	0	0	0	0
Horzl_RLNonUni	61787.211	0	0	0	0	0	0	0	0	0	0	0	0	0	0	0
Horzl_GLevNonU	1010.2928	0	0	0	0	0	0	0	0	0	0	0	0	0	0	0
Horzl_LngREmph	1.0618598	0	0	0	0	0	0	0	0	0	0	0	0	0	0	0
Horzl_ShrtREmp	0.98530632	0	0	0	0	0	0	0	0	0	0	0	0	0	0	0
Horzl_Fraction	0.98025513	0	0	0	0	0	0	0	0	0	0	0	0	0	0	0
Vertl_RLNonUni	62698.663	0	0	0	0	0	0	0	0	0	0	0	0	0	0	0
Vertl_GLevNonU	1016.005	0	0	0	0	0	0	0	0	0	0	0	0	0	0	0
Vertl_LngREmph	1.0451117	0	0	0	0	0	0	0	0	0	0	0	0	0	0	0
Vertl_ShrtREmp	0.98892855	0	0	0	0	0	0	0	0	0	0	0	0	0	0	0
Vertl_Fraction	0.98530579	0	0	0	0	0	0	0	0	0	0	0	0	0	0	0
45dgr_RLNonUni	62523.193	0	0	0	0	0	0	0	0	0	0	0	0	0	0	0
45dgr_GLevNonU	1015.1178	0	0	0	0	0	0	0	0	0	0	0	0	0	0	0
45dgr_LngREmph	1.0480531	0	0	0	0	0	0	0	0	0	0	0	0	0	0	0
45dgr_ShrtREmp	0.98822786	0	0	0	0	0	0	0	0	0	0	0	0	0	0	0
45dgr_Fraction	0.984375	0	0	0	0	0	0	0	0	0	0	0	0	0	0	0
135dr_RLNonUni	62507.63	0	0	0	0	0	0	0	0	0	0	0	0	0	0	0
135dr_GLevNonU	1014.9485	0	0	0	0	0	0	0	0	0	0	0	0	0	0	0
135dr_LngREmph	1.0481801	0	0	0	0	0	0	0	0	0	0	0	0	0	0	0
135dr_ShrtREmp	0.98816168	0	0	0	0	0	0	0	0	0	0	0	0	0	0	0
135dr_Fraction	0.98431396	0	0	0	0	0	0	0	0	0	0	0	0	0	0	0
_AreaGr	64516	0	0	0	0	0	0	0	0	0	0	0	0	0	0	0
GrMean	8.41529	0	0	0	0	0	0	0	0	0	0	0	0	0	0	0
GrVariance	16.012548	0	0	0	0	0	0	0	0	0	0	0	0	0	0	0
GrSkewness	0.16706067	0	0	0	0	0	0	0	0	0	0	0	0	0	0	0
GrKurtosis	-0.67145888	0	0	0	0	0	0	0	0	0	0	0	0	0	0	0
GrNonZeros	0.99596999	0	0	0	0	0	0	0	0	0	0	0	0	0	0	0
_AreaARM	64770	0	0	0	0	0	0	0	0	0	0	0	0	0	0	0
Teta1	0.046541478	0	0	0	0	0	0	0	0	0	0	0	0	0	0	0
Teta2	0.0059028041	0	0	0	0	0	0	0	0	0	0	0	0	0	0	0
Teta3	-0.0015411705	0	0	0	0	0	0	0	0	0	0	0	0	0	0	0
Teta4	-0.0016518827	0	0	0	0	0	0	0	0	0	0	0	0	0	0	0
Sigma	0.9981995	0	0	0	0	0	0	0	0	0	0	0	0	0	0	0
WavEnLL_s-1	17750.24	0	0	0	0	0	0	0	0	0	0	0	0	0	0	0
WavEnLH_s-1	1476.4864	0	0	0	0	0	0	0	0	0	0	0	0	0	0	0
WavEnHL_s-1	1329.4549	0	0	0	0	0	0	0	0	0	0	0	0	0	0	0
WavEnHH_s-1	1348.682	0	0	0	0	0	0	0	0	0	0	0	0	0	0	0
WavEnLL_s-2	16666.046	0	0	0	0	0	0	0	0	0	0	0	0	0	0	0
WavEnLH_s-2	384.8435	0	0	0	0	0	0	0	0	0	0	0	0	0	0	0
WavEnHL_s-2	351.03263	0	0	0	0	0	0	0	0	0	0	0	0	0	0	0
WavEnHH_s-2	348.31779	0	0	0	0	0	0	0	0	0	0	0	0	0	0	0
WavEnLL_s-3	16375.589	0	0	0	0	0	0	0	0	0	0	0	0	0	0	0
WavEnLH_s-3	109.20403	0	0	0	0	0	0	0	0	0	0	0	0	0	0	0
WavEnHL_s-3	94.763516	0	0	0	0	0	0	0	0	0	0	0	0	0	0	0
WavEnHH_s-3	86.489508	0	0	0	0	0	0	0	0	0	0	0	0	0	0	0
WavEnLL_s-4	16306.508	0	0	0	0	0	0	0	0	0	0	0	0	0	0	0
WavEnLH_s-4	26.144217	0	0	0	0	0	0	0	0	0	0	0	0	0	0	0
WavEnHL_s-4	20.64795	0	0	0	0	0	0	0	0	0	0	0	0	0	0	0
WavEnHH_s-4	22.28905	0	0	0	0	0	0	0	0	0	0	0	0	0	0	0
