Image File: stone1-a-p020.png 
ROI File: allred.roi 
Image size: 256 x 256
Min. lum.: 1
Max. lum.: 256
Bits/pixel: 8

Normalisation =  No
Histogram analysis = Yes
CO matrix analysis = Yes, Dimensions = 6 x 6, Distances = 1 2 3 4 5
RL matrix analysis = Yes, Dimension = 6
Gradient analysis = Yes, Max pixel value = 16
AR model analysis = Yes
Wavelet analysis = Yes

--------------- CLASS NAMES ----------------

----------------- FEATURES -----------------
_Area	65536	0	0	0	0	0	0	0	0	0	0	0	0	0	0	0
Mean	132.52998	0	0	0	0	0	0	0	0	0	0	0	0	0	0	0
Variance	5469.5145	0	0	0	0	0	0	0	0	0	0	0	0	0	0	0
Skewness	-0.056538857	0	0	0	0	0	0	0	0	0	0	0	0	0	0	0
Kurtosis	-1.1889606	0	0	0	0	0	0	0	0	0	0	0	0	0	0	0
Perc.01%	3	0	0	0	0	0	0	0	0	0	0	0	0	0	0	0
Perc.10%	28	0	0	0	0	0	0	0	0	0	0	0	0	0	0	0
Perc.50%	133	0	0	0	0	0	0	0	0	0	0	0	0	0	0	0
Perc.90%	234	0	0	0	0	0	0	0	0	0	0	0	0	0	0	0
Perc.99%	254	0	0	0	0	0	0	0	0	0	0	0	0	0	0	0
_Area_S(1,0)	130560	0	0	0	0	0	0	0	0	0	0	0	0	0	0	0
S(1,0)AngScMom	0.00026633046	0	0	0	0	0	0	0	0	0	0	0	0	0	0	0
S(1,0)Contrast	645.70967	0	0	0	0	0	0	0	0	0	0	0	0	0	0	0
S(1,0)Correlat	0.054629288	0	0	0	0	0	0	0	0	0	0	0	0	0	0	0
S(1,0)SumOfSqs	341.51136	0	0	0	0	0	0	0	0	0	0	0	0	0	0	0
S(1,0)InvDfMom	0.053940202	0	0	0	0	0	0	0	0	0	0	0	0	0	0	0
S(1,0)SumAverg	67.006694	0	0	0	0	0	0	0	0	0	0	0	0	0	0	0
S(1,0)SumVarnc	720.33575	0	0	0	0	0	0	0	0	0	0	0	0	0	0	0
S(1,0)SumEntrp	2.0329643	0	0	0	0	0	0	0	0	0	0	0	0	0	0	0
S(1,0)Entropy	3.593911	0	0	0	0	0	0	0	0	0	0	0	0	0	0	0
S(1,0)DifVarnc	221.71375	0	0	0	0	0	0	0	0	0	0	0	0	0	0	0
S(1,0)DifEntrp	1.7169939	0	0	0	0	0	0	0	0	0	0	0	0	0	0	0
_Area_S(0,1)	130560	0	0	0	0	0	0	0	0	0	0	0	0	0	0	0
S(0,1)AngScMom	0.00025843355	0	0	0	0	0	0	0	0	0	0	0	0	0	0	0
S(0,1)Contrast	684.54268	0	0	0	0	0	0	0	0	0	0	0	0	0	0	0
S(0,1)Correlat	-0.002682417	0	0	0	0	0	0	0	0	0	0	0	0	0	0	0
S(0,1)SumOfSqs	341.35568	0	0	0	0	0	0	0	0	0	0	0	0	0	0	0
S(0,1)InvDfMom	0.047112054	0	0	0	0	0	0	0	0	0	0	0	0	0	0	0
S(0,1)SumAverg	67.003248	0	0	0	0	0	0	0	0	0	0	0	0	0	0	0
S(0,1)SumVarnc	680.88004	0	0	0	0	0	0	0	0	0	0	0	0	0	0	0
S(0,1)SumEntrp	2.0224767	0	0	0	0	0	0	0	0	0	0	0	0	0	0	0
S(0,1)Entropy	3.5995373	0	0	0	0	0	0	0	0	0	0	0	0	0	0	0
S(0,1)DifVarnc	227.8773	0	0	0	0	0	0	0	0	0	0	0	0	0	0	0
S(0,1)DifEntrp	1.7277422	0	0	0	0	0	0	0	0	0	0	0	0	0	0	0
_Area_S(1,1)	130050	0	0	0	0	0	0	0	0	0	0	0	0	0	0	0
S(1,1)AngScMom	0.00025848964	0	0	0	0	0	0	0	0	0	0	0	0	0	0	0
S(1,1)Contrast	679.63786	0	0	0	0	0	0	0	0	0	0	0	0	0	0	0
S(1,1)Correlat	0.0043868936	0	0	0	0	0	0	0	0	0	0	0	0	0	0	0
S(1,1)SumOfSqs	341.31625	0	0	0	0	0	0	0	0	0	0	0	0	0	0	0
S(1,1)InvDfMom	0.046675664	0	0	0	0	0	0	0	0	0	0	0	0	0	0	0
S(1,1)SumAverg	67.020961	0	0	0	0	0	0	0	0	0	0	0	0	0	0	0
S(1,1)SumVarnc	685.62713	0	0	0	0	0	0	0	0	0	0	0	0	0	0	0
S(1,1)SumEntrp	2.023489	0	0	0	0	0	0	0	0	0	0	0	0	0	0	0
S(1,1)Entropy	3.5996021	0	0	0	0	0	0	0	0	0	0	0	0	0	0	0
S(1,1)DifVarnc	227.41712	0	0	0	0	0	0	0	0	0	0	0	0	0	0	0
S(1,1)DifEntrp	1.7261931	0	0	0	0	0	0	0	0	0	0	0	0	0	0	0
_Area_S(1,-1)	130050	0	0	0	0	0	0	0	0	0	0	0	0	0	0	0
S(1,-1)AngScMom	0.00025841302	0	0	0	0	0	0	0	0	0	0	0	0	0	0	0
S(1,-1)Contrast	682.64108	0	0	0	0	0	0	0	0	0	0	0	0	0	0	0
S(1,-1)Correlat	-2.3504885e-05	0	0	0	0	0	0	0	0	0	0	0	0	0	0	0
S(1,-1)SumOfSqs	341.31252	0	0	0	0	0	0	0	0	0	0	0	0	0	0	0
S(1,-1)InvDfMom	0.04640815	0	0	0	0	0	0	0	0	0	0	0	0	0	0	0
S(1,-1)SumAverg	67.020623	0	0	0	0	0	0	0	0	0	0	0	0	0	0	0
S(1,-1)SumVarnc	682.60899	0	0	0	0	0	0	0	0	0	0	0	0	0	0	0
S(1,-1)SumEntrp	2.0228574	0	0	0	0	0	0	0	0	0	0	0	0	0	0	0
S(1,-1)Entropy	3.5995498	0	0	0	0	0	0	0	0	0	0	0	0	0	0	0
S(1,-1)DifVarnc	226.88014	0	0	0	0	0	0	0	0	0	0	0	0	0	0	0
S(1,-1)DifEntrp	1.7269398	0	0	0	0	0	0	0	0	0	0	0	0	0	0	0
_Area_S(2,0)	130048	0	0	0	0	0	0	0	0	0	0	0	0	0	0	0
S(2,0)AngScMom	0.00025940462	0	0	0	0	0	0	0	0	0	0	0	0	0	0	0
S(2,0)Contrast	670.63604	0	0	0	0	0	0	0	0	0	0	0	0	0	0	0
S(2,0)Correlat	0.017986936	0	0	0	0	0	0	0	0	0	0	0	0	0	0	0
S(2,0)SumOfSqs	341.45984	0	0	0	0	0	0	0	0	0	0	0	0	0	0	0
S(2,0)InvDfMom	0.048290797	0	0	0	0	0	0	0	0	0	0	0	0	0	0	0
S(2,0)SumAverg	67.016732	0	0	0	0	0	0	0	0	0	0	0	0	0	0	0
S(2,0)SumVarnc	695.20331	0	0	0	0	0	0	0	0	0	0	0	0	0	0	0
S(2,0)SumEntrp	2.0266501	0	0	0	0	0	0	0	0	0	0	0	0	0	0	0
S(2,0)Entropy	3.5989184	0	0	0	0	0	0	0	0	0	0	0	0	0	0	0
S(2,0)DifVarnc	225.98945	0	0	0	0	0	0	0	0	0	0	0	0	0	0	0
S(2,0)DifEntrp	1.7236823	0	0	0	0	0	0	0	0	0	0	0	0	0	0	0
_Area_S(0,2)	130048	0	0	0	0	0	0	0	0	0	0	0	0	0	0	0
S(0,2)AngScMom	0.00025813538	0	0	0	0	0	0	0	0	0	0	0	0	0	0	0
S(0,2)Contrast	686.40284	0	0	0	0	0	0	0	0	0	0	0	0	0	0	0
S(0,2)Correlat	-0.005428858	0	0	0	0	0	0	0	0	0	0	0	0	0	0	0
S(0,2)SumOfSqs	341.34829	0	0	0	0	0	0	0	0	0	0	0	0	0	0	0
S(0,2)InvDfMom	0.04660871	0	0	0	0	0	0	0	0	0	0	0	0	0	0	0
S(0,2)SumAverg	66.988866	0	0	0	0	0	0	0	0	0	0	0	0	0	0	0
S(0,2)SumVarnc	678.99031	0	0	0	0	0	0	0	0	0	0	0	0	0	0	0
S(0,2)SumEntrp	2.021973	0	0	0	0	0	0	0	0	0	0	0	0	0	0	0
S(0,2)Entropy	3.5998396	0	0	0	0	0	0	0	0	0	0	0	0	0	0	0
S(0,2)DifVarnc	228.17661	0	0	0	0	0	0	0	0	0	0	0	0	0	0	0
S(0,2)DifEntrp	1.7281067	0	0	0	0	0	0	0	0	0	0	0	0	0	0	0
_Area_S(2,2)	129032	0	0	0	0	0	0	0	0	0	0	0	0	0	0	0
S(2,2)AngScMom	0.00025854907	0	0	0	0	0	0	0	0	0	0	0	0	0	0	0
S(2,2)Contrast	681.83113	0	0	0	0	0	0	0	0	0	0	0	0	0	0	0
S(2,2)Correlat	0.0010069819	0	0	0	0	0	0	0	0	0	0	0	0	0	0	0
S(2,2)SumOfSqs	341.25921	0	0	0	0	0	0	0	0	0	0	0	0	0	0	0
S(2,2)InvDfMom	0.047815378	0	0	0	0	0	0	0	0	0	0	0	0	0	0	0
S(2,2)SumAverg	67.01595	0	0	0	0	0	0	0	0	0	0	0	0	0	0	0
S(2,2)SumVarnc	683.20569	0	0	0	0	0	0	0	0	0	0	0	0	0	0	0
S(2,2)SumEntrp	2.0231077	0	0	0	0	0	0	0	0	0	0	0	0	0	0	0
S(2,2)Entropy	3.5995284	0	0	0	0	0	0	0	0	0	0	0	0	0	0	0
S(2,2)DifVarnc	227.31656	0	0	0	0	0	0	0	0	0	0	0	0	0	0	0
S(2,2)DifEntrp	1.7268239	0	0	0	0	0	0	0	0	0	0	0	0	0	0	0
_Area_S(2,-2)	129032	0	0	0	0	0	0	0	0	0	0	0	0	0	0	0
S(2,-2)AngScMom	0.0002583075	0	0	0	0	0	0	0	0	0	0	0	0	0	0	0
S(2,-2)Contrast	682.37643	0	0	0	0	0	0	0	0	0	0	0	0	0	0	0
S(2,-2)Correlat	0.00017257434	0	0	0	0	0	0	0	0	0	0	0	0	0	0	0
S(2,-2)SumOfSqs	341.24711	0	0	0	0	0	0	0	0	0	0	0	0	0	0	0
S(2,-2)InvDfMom	0.047438674	0	0	0	0	0	0	0	0	0	0	0	0	0	0	0
S(2,-2)SumAverg	67.016926	0	0	0	0	0	0	0	0	0	0	0	0	0	0	0
S(2,-2)SumVarnc	682.612	0	0	0	0	0	0	0	0	0	0	0	0	0	0	0
S(2,-2)SumEntrp	2.0225501	0	0	0	0	0	0	0	0	0	0	0	0	0	0	0
S(2,-2)Entropy	3.5996961	0	0	0	0	0	0	0	0	0	0	0	0	0	0	0
S(2,-2)DifVarnc	228.29994	0	0	0	0	0	0	0	0	0	0	0	0	0	0	0
S(2,-2)DifEntrp	1.7270032	0	0	0	0	0	0	0	0	0	0	0	0	0	0	0
_Area_S(3,0)	129536	0	0	0	0	0	0	0	0	0	0	0	0	0	0	0
S(3,0)AngScMom	0.00025838485	0	0	0	0	0	0	0	0	0	0	0	0	0	0	0
S(3,0)Contrast	674.91568	0	0	0	0	0	0	0	0	0	0	0	0	0	0	0
S(3,0)Correlat	0.011745855	0	0	0	0	0	0	0	0	0	0	0	0	0	0	0
S(3,0)SumOfSqs	341.46868	0	0	0	0	0	0	0	0	0	0	0	0	0	0	0
S(3,0)InvDfMom	0.048449682	0	0	0	0	0	0	0	0	0	0	0	0	0	0	0
S(3,0)SumAverg	67.014313	0	0	0	0	0	0	0	0	0	0	0	0	0	0	0
S(3,0)SumVarnc	690.95905	0	0	0	0	0	0	0	0	0	0	0	0	0	0	0
S(3,0)SumEntrp	2.0255472	0	0	0	0	0	0	0	0	0	0	0	0	0	0	0
S(3,0)Entropy	3.5996413	0	0	0	0	0	0	0	0	0	0	0	0	0	0	0
S(3,0)DifVarnc	226.84455	0	0	0	0	0	0	0	0	0	0	0	0	0	0	0
S(3,0)DifEntrp	1.7244814	0	0	0	0	0	0	0	0	0	0	0	0	0	0	0
_Area_S(0,3)	129536	0	0	0	0	0	0	0	0	0	0	0	0	0	0	0
S(0,3)AngScMom	0.0002582765	0	0	0	0	0	0	0	0	0	0	0	0	0	0	0
S(0,3)Contrast	680.62718	0	0	0	0	0	0	0	0	0	0	0	0	0	0	0
S(0,3)Correlat	0.0030400773	0	0	0	0	0	0	0	0	0	0	0	0	0	0	0
S(0,3)SumOfSqs	341.35132	0	0	0	0	0	0	0	0	0	0	0	0	0	0	0
S(0,3)InvDfMom	0.047127427	0	0	0	0	0	0	0	0	0	0	0	0	0	0	0
S(0,3)SumAverg	66.990319	0	0	0	0	0	0	0	0	0	0	0	0	0	0	0
S(0,3)SumVarnc	684.77811	0	0	0	0	0	0	0	0	0	0	0	0	0	0	0
S(0,3)SumEntrp	2.0235704	0	0	0	0	0	0	0	0	0	0	0	0	0	0	0
S(0,3)Entropy	3.5996436	0	0	0	0	0	0	0	0	0	0	0	0	0	0	0
S(0,3)DifVarnc	228.21977	0	0	0	0	0	0	0	0	0	0	0	0	0	0	0
S(0,3)DifEntrp	1.726431	0	0	0	0	0	0	0	0	0	0	0	0	0	0	0
_Area_S(3,3)	128018	0	0	0	0	0	0	0	0	0	0	0	0	0	0	0
S(3,3)AngScMom	0.00025824987	0	0	0	0	0	0	0	0	0	0	0	0	0	0	0
S(3,3)Contrast	677.52997	0	0	0	0	0	0	0	0	0	0	0	0	0	0	0
S(3,3)Correlat	0.007363546	0	0	0	0	0	0	0	0	0	0	0	0	0	0	0
S(3,3)SumOfSqs	341.278	0	0	0	0	0	0	0	0	0	0	0	0	0	0	0
S(3,3)InvDfMom	0.04729921	0	0	0	0	0	0	0	0	0	0	0	0	0	0	0
S(3,3)SumAverg	67.014982	0	0	0	0	0	0	0	0	0	0	0	0	0	0	0
S(3,3)SumVarnc	687.58204	0	0	0	0	0	0	0	0	0	0	0	0	0	0	0
S(3,3)SumEntrp	2.0240469	0	0	0	0	0	0	0	0	0	0	0	0	0	0	0
S(3,3)Entropy	3.5997228	0	0	0	0	0	0	0	0	0	0	0	0	0	0	0
S(3,3)DifVarnc	225.65485	0	0	0	0	0	0	0	0	0	0	0	0	0	0	0
S(3,3)DifEntrp	1.7259076	0	0	0	0	0	0	0	0	0	0	0	0	0	0	0
_Area_S(3,-3)	128018	0	0	0	0	0	0	0	0	0	0	0	0	0	0	0
S(3,-3)AngScMom	0.00025873216	0	0	0	0	0	0	0	0	0	0	0	0	0	0	0
S(3,-3)Contrast	679.42099	0	0	0	0	0	0	0	0	0	0	0	0	0	0	0
S(3,-3)Correlat	0.0045363038	0	0	0	0	0	0	0	0	0	0	0	0	0	0	0
S(3,-3)SumOfSqs	341.25855	0	0	0	0	0	0	0	0	0	0	0	0	0	0	0
S(3,-3)InvDfMom	0.047523152	0	0	0	0	0	0	0	0	0	0	0	0	0	0	0
S(3,-3)SumAverg	67.017607	0	0	0	0	0	0	0	0	0	0	0	0	0	0	0
S(3,-3)SumVarnc	685.6132	0	0	0	0	0	0	0	0	0	0	0	0	0	0	0
S(3,-3)SumEntrp	2.023699	0	0	0	0	0	0	0	0	0	0	0	0	0	0	0
S(3,-3)Entropy	3.5992671	0	0	0	0	0	0	0	0	0	0	0	0	0	0	0
S(3,-3)DifVarnc	227.46218	0	0	0	0	0	0	0	0	0	0	0	0	0	0	0
S(3,-3)DifEntrp	1.7260755	0	0	0	0	0	0	0	0	0	0	0	0	0	0	0
_Area_S(4,0)	129024	0	0	0	0	0	0	0	0	0	0	0	0	0	0	0
S(4,0)AngScMom	0.00025805973	0	0	0	0	0	0	0	0	0	0	0	0	0	0	0
S(4,0)Contrast	681.97396	0	0	0	0	0	0	0	0	0	0	0	0	0	0	0
S(4,0)Correlat	0.0013078178	0	0	0	0	0	0	0	0	0	0	0	0	0	0	0
S(4,0)SumOfSqs	341.43351	0	0	0	0	0	0	0	0	0	0	0	0	0	0	0
S(4,0)InvDfMom	0.047218251	0	0	0	0	0	0	0	0	0	0	0	0	0	0	0
S(4,0)SumAverg	67.011874	0	0	0	0	0	0	0	0	0	0	0	0	0	0	0
S(4,0)SumVarnc	683.76009	0	0	0	0	0	0	0	0	0	0	0	0	0	0	0
S(4,0)SumEntrp	2.0233309	0	0	0	0	0	0	0	0	0	0	0	0	0	0	0
S(4,0)Entropy	3.5999564	0	0	0	0	0	0	0	0	0	0	0	0	0	0	0
S(4,0)DifVarnc	226.42359	0	0	0	0	0	0	0	0	0	0	0	0	0	0	0
S(4,0)DifEntrp	1.7267259	0	0	0	0	0	0	0	0	0	0	0	0	0	0	0
_Area_S(0,4)	129024	0	0	0	0	0	0	0	0	0	0	0	0	0	0	0
S(0,4)AngScMom	0.00025850929	0	0	0	0	0	0	0	0	0	0	0	0	0	0	0
S(0,4)Contrast	683.16654	0	0	0	0	0	0	0	0	0	0	0	0	0	0	0
S(0,4)Correlat	-0.00066550798	0	0	0	0	0	0	0	0	0	0	0	0	0	0	0
S(0,4)SumOfSqs	341.3561	0	0	0	0	0	0	0	0	0	0	0	0	0	0	0
S(0,4)InvDfMom	0.046647912	0	0	0	0	0	0	0	0	0	0	0	0	0	0	0
S(0,4)SumAverg	66.985212	0	0	0	0	0	0	0	0	0	0	0	0	0	0	0
S(0,4)SumVarnc	682.25784	0	0	0	0	0	0	0	0	0	0	0	0	0	0	0
S(0,4)SumEntrp	2.0228023	0	0	0	0	0	0	0	0	0	0	0	0	0	0	0
S(0,4)Entropy	3.5995387	0	0	0	0	0	0	0	0	0	0	0	0	0	0	0
S(0,4)DifVarnc	227.74982	0	0	0	0	0	0	0	0	0	0	0	0	0	0	0
S(0,4)DifEntrp	1.7268628	0	0	0	0	0	0	0	0	0	0	0	0	0	0	0
_Area_S(4,4)	127008	0	0	0	0	0	0	0	0	0	0	0	0	0	0	0
S(4,4)AngScMom	0.00025900203	0	0	0	0	0	0	0	0	0	0	0	0	0	0	0
S(4,4)Contrast	675.10072	0	0	0	0	0	0	0	0	0	0	0	0	0	0	0
S(4,4)Correlat	0.010818762	0	0	0	0	0	0	0	0	0	0	0	0	0	0	0
S(4,4)SumOfSqs	341.24218	0	0	0	0	0	0	0	0	0	0	0	0	0	0	0
S(4,4)InvDfMom	0.047661824	0	0	0	0	0	0	0	0	0	0	0	0	0	0	0
S(4,4)SumAverg	67.007118	0	0	0	0	0	0	0	0	0	0	0	0	0	0	0
S(4,4)SumVarnc	689.86799	0	0	0	0	0	0	0	0	0	0	0	0	0	0	0
S(4,4)SumEntrp	2.0246498	0	0	0	0	0	0	0	0	0	0	0	0	0	0	0
S(4,4)Entropy	3.5991095	0	0	0	0	0	0	0	0	0	0	0	0	0	0	0
S(4,4)DifVarnc	226.73023	0	0	0	0	0	0	0	0	0	0	0	0	0	0	0
S(4,4)DifEntrp	1.7250073	0	0	0	0	0	0	0	0	0	0	0	0	0	0	0
_Area_S(4,-4)	127008	0	0	0	0	0	0	0	0	0	0	0	0	0	0	0
S(4,-4)AngScMom	0.00025838458	0	0	0	0	0	0	0	0	0	0	0	0	0	0	0
S(4,-4)Contrast	676.13448	0	0	0	0	0	0	0	0	0	0	0	0	0	0	0
S(4,-4)Correlat	0.0093100041	0	0	0	0	0	0	0	0	0	0	0	0	0	0	0
S(4,-4)SumOfSqs	341.24422	0	0	0	0	0	0	0	0	0	0	0	0	0	0	0
S(4,-4)InvDfMom	0.047089649	0	0	0	0	0	0	0	0	0	0	0	0	0	0	0
S(4,-4)SumAverg	67.010456	0	0	0	0	0	0	0	0	0	0	0	0	0	0	0
S(4,-4)SumVarnc	688.84242	0	0	0	0	0	0	0	0	0	0	0	0	0	0	0
S(4,-4)SumEntrp	2.0243387	0	0	0	0	0	0	0	0	0	0	0	0	0	0	0
S(4,-4)Entropy	3.5996644	0	0	0	0	0	0	0	0	0	0	0	0	0	0	0
S(4,-4)DifVarnc	226.55746	0	0	0	0	0	0	0	0	0	0	0	0	0	0	0
S(4,-4)DifEntrp	1.7252101	0	0	0	0	0	0	0	0	0	0	0	0	0	0	0
_Area_S(5,0)	128512	0	0	0	0	0	0	0	0	0	0	0	0	0	0	0
S(5,0)AngScMom	0.00025821881	0	0	0	0	0	0	0	0	0	0	0	0	0	0	0
S(5,0)Contrast	677.29515	0	0	0	0	0	0	0	0	0	0	0	0	0	0	0
S(5,0)Correlat	0.0081340363	0	0	0	0	0	0	0	0	0	0	0	0	0	0	0
S(5,0)SumOfSqs	341.42473	0	0	0	0	0	0	0	0	0	0	0	0	0	0	0
S(5,0)InvDfMom	0.048264073	0	0	0	0	0	0	0	0	0	0	0	0	0	0	0
S(5,0)SumAverg	67.003782	0	0	0	0	0	0	0	0	0	0	0	0	0	0	0
S(5,0)SumVarnc	688.40379	0	0	0	0	0	0	0	0	0	0	0	0	0	0	0
S(5,0)SumEntrp	2.0243701	0	0	0	0	0	0	0	0	0	0	0	0	0	0	0
S(5,0)Entropy	3.5998451	0	0	0	0	0	0	0	0	0	0	0	0	0	0	0
S(5,0)DifVarnc	226.61785	0	0	0	0	0	0	0	0	0	0	0	0	0	0	0
S(5,0)DifEntrp	1.7257721	0	0	0	0	0	0	0	0	0	0	0	0	0	0	0
_Area_S(0,5)	128512	0	0	0	0	0	0	0	0	0	0	0	0	0	0	0
S(0,5)AngScMom	0.00025839211	0	0	0	0	0	0	0	0	0	0	0	0	0	0	0
S(0,5)Contrast	682.74905	0	0	0	0	0	0	0	0	0	0	0	0	0	0	0
S(0,5)Correlat	-0.00036891619	0	0	0	0	0	0	0	0	0	0	0	0	0	0	0
S(0,5)SumOfSqs	341.24863	0	0	0	0	0	0	0	0	0	0	0	0	0	0	0
S(0,5)InvDfMom	0.047357991	0	0	0	0	0	0	0	0	0	0	0	0	0	0	0
S(0,5)SumAverg	66.98934	0	0	0	0	0	0	0	0	0	0	0	0	0	0	0
S(0,5)SumVarnc	682.24548	0	0	0	0	0	0	0	0	0	0	0	0	0	0	0
S(0,5)SumEntrp	2.0226498	0	0	0	0	0	0	0	0	0	0	0	0	0	0	0
S(0,5)Entropy	3.5996454	0	0	0	0	0	0	0	0	0	0	0	0	0	0	0
S(0,5)DifVarnc	227.6842	0	0	0	0	0	0	0	0	0	0	0	0	0	0	0
S(0,5)DifEntrp	1.7268005	0	0	0	0	0	0	0	0	0	0	0	0	0	0	0
_Area_S(5,5)	126002	0	0	0	0	0	0	0	0	0	0	0	0	0	0	0
S(5,5)AngScMom	0.0002586771	0	0	0	0	0	0	0	0	0	0	0	0	0	0	0
S(5,5)Contrast	676.48202	0	0	0	0	0	0	0	0	0	0	0	0	0	0	0
S(5,5)Correlat	0.0084955935	0	0	0	0	0	0	0	0	0	0	0	0	0	0	0
S(5,5)SumOfSqs	341.13919	0	0	0	0	0	0	0	0	0	0	0	0	0	0	0
S(5,5)InvDfMom	0.046928882	0	0	0	0	0	0	0	0	0	0	0	0	0	0	0
S(5,5)SumAverg	67.001063	0	0	0	0	0	0	0	0	0	0	0	0	0	0	0
S(5,5)SumVarnc	688.07474	0	0	0	0	0	0	0	0	0	0	0	0	0	0	0
S(5,5)SumEntrp	2.0241282	0	0	0	0	0	0	0	0	0	0	0	0	0	0	0
S(5,5)Entropy	3.5994581	0	0	0	0	0	0	0	0	0	0	0	0	0	0	0
S(5,5)DifVarnc	227.17339	0	0	0	0	0	0	0	0	0	0	0	0	0	0	0
S(5,5)DifEntrp	1.7253671	0	0	0	0	0	0	0	0	0	0	0	0	0	0	0
_Area_S(5,-5)	126002	0	0	0	0	0	0	0	0	0	0	0	0	0	0	0
S(5,-5)AngScMom	0.0002586863	0	0	0	0	0	0	0	0	0	0	0	0	0	0	0
S(5,-5)Contrast	678.67953	0	0	0	0	0	0	0	0	0	0	0	0	0	0	0
S(5,-5)Correlat	0.0052963956	0	0	0	0	0	0	0	0	0	0	0	0	0	0	0
S(5,-5)SumOfSqs	341.14661	0	0	0	0	0	0	0	0	0	0	0	0	0	0	0
S(5,-5)InvDfMom	0.047079878	0	0	0	0	0	0	0	0	0	0	0	0	0	0	0
S(5,-5)SumAverg	67.005936	0	0	0	0	0	0	0	0	0	0	0	0	0	0	0
S(5,-5)SumVarnc	685.90692	0	0	0	0	0	0	0	0	0	0	0	0	0	0	0
S(5,-5)SumEntrp	2.0235854	0	0	0	0	0	0	0	0	0	0	0	0	0	0	0
S(5,-5)Entropy	3.5994144	0	0	0	0	0	0	0	0	0	0	0	0	0	0	0
S(5,-5)DifVarnc	226.60031	0	0	0	0	0	0	0	0	0	0	0	0	0	0	0
S(5,-5)DifEntrp	1.7258656	0	0	0	0	0	0	0	0	0	0	0	0	0	0	0
Horzl_RLNonUni	61596.915	0	0	0	0	0	0	0	0	0	0	0	0	0	0	0
Horzl_GLevNonU	1015.3163	0	0	0	0	0	0	0	0	0	0	0	0	0	0	0
Horzl_LngREmph	1.0652767	0	0	0	0	0	0	0	0	0	0	0	0	0	0	0
Horzl_ShrtREmp	0.98453843	0	0	0	0	0	0	0	0	0	0	0	0	0	0	0
Horzl_Fraction	0.97920227	0	0	0	0	0	0	0	0	0	0	0	0	0	0	0
Vertl_RLNonUni	62389.919	0	0	0	0	0	0	0	0	0	0	0	0	0	0	0
Vertl_GLevNonU	1020.3972	0	0	0	0	0	0	0	0	0	0	0	0	0	0	0
Vertl_LngREmph	1.0504778	0	0	0	0	0	0	0	0	0	0	0	0	0	0	0
Vertl_ShrtREmp	0.98769996	0	0	0	0	0	0	0	0	0	0	0	0	0	0	0
Vertl_Fraction	0.98364258	0	0	0	0	0	0	0	0	0	0	0	0	0	0	0
45dgr_RLNonUni	62610.312	0	0	0	0	0	0	0	0	0	0	0	0	0	0	0
45dgr_GLevNonU	1021.4895	0	0	0	0	0	0	0	0	0	0	0	0	0	0	0
45dgr_LngREmph	1.0467145	0	0	0	0	0	0	0	0	0	0	0	0	0	0	0
45dgr_ShrtREmp	0.98857961	0	0	0	0	0	0	0	0	0	0	0	0	0	0	0
45dgr_Fraction	0.9848175	0	0	0	0	0	0	0	0	0	0	0	0	0	0	0
135dr_RLNonUni	62570.78	0	0	0	0	0	0	0	0	0	0	0	0	0	0	0
135dr_GLevNonU	1021.2532	0	0	0	0	0	0	0	0	0	0	0	0	0	0	0
135dr_LngREmph	1.0477814	0	0	0	0	0	0	0	0	0	0	0	0	0	0	0
135dr_ShrtREmp	0.9884335	0	0	0	0	0	0	0	0	0	0	0	0	0	0	0
135dr_Fraction	0.98454285	0	0	0	0	0	0	0	0	0	0	0	0	0	0	0
_AreaGr	64516	0	0	0	0	0	0	0	0	0	0	0	0	0	0	0
GrMean	8.2995303	0	0	0	0	0	0	0	0	0	0	0	0	0	0	0
GrVariance	15.734729	0	0	0	0	0	0	0	0	0	0	0	0	0	0	0
GrSkewness	0.18876312	0	0	0	0	0	0	0	0	0	0	0	0	0	0	0
GrKurtosis	-0.66652903	0	0	0	0	0	0	0	0	0	0	0	0	0	0	0
GrNonZeros	0.99617149	0	0	0	0	0	0	0	0	0	0	0	0	0	0	0
_AreaARM	64770	0	0	0	0	0	0	0	0	0	0	0	0	0	0	0
Teta1	0.053866023	0	0	0	0	0	0	0	0	0	0	0	0	0	0	0
Teta2	0.00012854129	0	0	0	0	0	0	0	0	0	0	0	0	0	0	0
Teta3	-0.0035250906	0	0	0	0	0	0	0	0	0	0	0	0	0	0	0
Teta4	0.0045259571	0	0	0	0	0	0	0	0	0	0	0	0	0	0	0
Sigma	0.99783419	0	0	0	0	0	0	0	0	0	0	0	0	0	0	0
WavEnLL_s-1	18731.185	0	0	0	0	0	0	0	0	0	0	0	0	0	0	0
WavEnLH_s-1	1457.4233	0	0	0	0	0	0	0	0	0	0	0	0	0	0	0
WavEnHL_s-1	1277.4068	0	0	0	0	0	0	0	0	0	0	0	0	0	0	0
WavEnHH_s-1	1303.636	0	0	0	0	0	0	0	0	0	0	0	0	0	0	0
WavEnLL_s-2	17686.158	0	0	0	0	0	0	0	0	0	0	0	0	0	0	0
WavEnLH_s-2	377.06691	0	0	0	0	0	0	0	0	0	0	0	0	0	0	0
WavEnHL_s-2	333.62253	0	0	0	0	0	0	0	0	0	0	0	0	0	0	0
WavEnHH_s-2	334.33708	0	0	0	0	0	0	0	0	0	0	0	0	0	0	0
WavEnLL_s-3	17406.212	0	0	0	0	0	0	0	0	0	0	0	0	0	0	0
WavEnLH_s-3	93.746996	0	0	0	0	0	0	0	0	0	0	0	0	0	0	0
WavEnHL_s-3	96.717398	0	0	0	0	0	0	0	0	0	0	0	0	0	0	0
WavEnHH_s-3	89.481577	0	0	0	0	0	0	0	0	0	0	0	0	0	0	0
WavEnLL_s-4	17329.242	0	0	0	0	0	0	0	0	0	0	0	0	0	0	0
WavEnLH_s-4	27.442041	0	0	0	0	0	0	0	0	0	0	0	0	0	0	0
WavEnHL_s-4	24.507614	0	0	0	0	0	0	0	0	0	0	0	0	0	0	0
WavEnHH_s-4	25.020383	0	0	0	0	0	0	0	0	0	0	0	0	0	0	0
