Image File: stone1-a-p023.png 
ROI File: allred.roi 
Image size: 256 x 256
Min. lum.: 1
Max. lum.: 256
Bits/pixel: 8

Normalisation =  No
Histogram analysis = Yes
CO matrix analysis = Yes, Dimensions = 6 x 6, Distances = 1 2 3 4 5
RL matrix analysis = Yes, Dimension = 6
Gradient analysis = Yes, Max pixel value = 16
AR model analysis = Yes
Wavelet analysis = Yes

--------------- CLASS NAMES ----------------

----------------- FEATURES -----------------
_Area	65536	0	0	0	0	0	0	0	0	0	0	0	0	0	0	0
Mean	128.683	0	0	0	0	0	0	0	0	0	0	0	0	0	0	0
Variance	5651.4113	0	0	0	0	0	0	0	0	0	0	0	0	0	0	0
Skewness	-0.015097077	0	0	0	0	0	0	0	0	0	0	0	0	0	0	0
Kurtosis	-1.2194263	0	0	0	0	0	0	0	0	0	0	0	0	0	0	0
Perc.01%	2	0	0	0	0	0	0	0	0	0	0	0	0	0	0	0
Perc.10%	24	0	0	0	0	0	0	0	0	0	0	0	0	0	0	0
Perc.50%	129	0	0	0	0	0	0	0	0	0	0	0	0	0	0	0
Perc.90%	232	0	0	0	0	0	0	0	0	0	0	0	0	0	0	0
Perc.99%	254	0	0	0	0	0	0	0	0	0	0	0	0	0	0	0
_Area_S(1,0)	130560	0	0	0	0	0	0	0	0	0	0	0	0	0	0	0
S(1,0)AngScMom	0.0002674607	0	0	0	0	0	0	0	0	0	0	0	0	0	0	0
S(1,0)Contrast	653.8171	0	0	0	0	0	0	0	0	0	0	0	0	0	0	0
S(1,0)Correlat	0.072193334	0	0	0	0	0	0	0	0	0	0	0	0	0	0	0
S(1,0)SumOfSqs	352.34555	0	0	0	0	0	0	0	0	0	0	0	0	0	0	0
S(1,0)InvDfMom	0.054254453	0	0	0	0	0	0	0	0	0	0	0	0	0	0	0
S(1,0)SumAverg	65.088787	0	0	0	0	0	0	0	0	0	0	0	0	0	0	0
S(1,0)SumVarnc	755.56509	0	0	0	0	0	0	0	0	0	0	0	0	0	0	0
S(1,0)SumEntrp	2.04157	0	0	0	0	0	0	0	0	0	0	0	0	0	0	0
S(1,0)Entropy	3.5934301	0	0	0	0	0	0	0	0	0	0	0	0	0	0	0
S(1,0)DifVarnc	224.23813	0	0	0	0	0	0	0	0	0	0	0	0	0	0	0
S(1,0)DifEntrp	1.7187815	0	0	0	0	0	0	0	0	0	0	0	0	0	0	0
_Area_S(0,1)	130560	0	0	0	0	0	0	0	0	0	0	0	0	0	0	0
S(0,1)AngScMom	0.0002571807	0	0	0	0	0	0	0	0	0	0	0	0	0	0	0
S(0,1)Contrast	704.01884	0	0	0	0	0	0	0	0	0	0	0	0	0	0	0
S(0,1)Correlat	0.0004920815	0	0	0	0	0	0	0	0	0	0	0	0	0	0	0
S(0,1)SumOfSqs	352.18272	0	0	0	0	0	0	0	0	0	0	0	0	0	0	0
S(0,1)InvDfMom	0.047703285	0	0	0	0	0	0	0	0	0	0	0	0	0	0	0
S(0,1)SumAverg	65.113113	0	0	0	0	0	0	0	0	0	0	0	0	0	0	0
S(0,1)SumVarnc	704.71205	0	0	0	0	0	0	0	0	0	0	0	0	0	0	0
S(0,1)SumEntrp	2.0292081	0	0	0	0	0	0	0	0	0	0	0	0	0	0	0
S(0,1)Entropy	3.6007873	0	0	0	0	0	0	0	0	0	0	0	0	0	0	0
S(0,1)DifVarnc	234.58236	0	0	0	0	0	0	0	0	0	0	0	0	0	0	0
S(0,1)DifEntrp	1.7327579	0	0	0	0	0	0	0	0	0	0	0	0	0	0	0
_Area_S(1,1)	130050	0	0	0	0	0	0	0	0	0	0	0	0	0	0	0
S(1,1)AngScMom	0.00025713294	0	0	0	0	0	0	0	0	0	0	0	0	0	0	0
S(1,1)Contrast	705.06494	0	0	0	0	0	0	0	0	0	0	0	0	0	0	0
S(1,1)Correlat	-0.0011567477	0	0	0	0	0	0	0	0	0	0	0	0	0	0	0
S(1,1)SumOfSqs	352.12515	0	0	0	0	0	0	0	0	0	0	0	0	0	0	0
S(1,1)InvDfMom	0.045489886	0	0	0	0	0	0	0	0	0	0	0	0	0	0	0
S(1,1)SumAverg	65.108743	0	0	0	0	0	0	0	0	0	0	0	0	0	0	0
S(1,1)SumVarnc	703.43566	0	0	0	0	0	0	0	0	0	0	0	0	0	0	0
S(1,1)SumEntrp	2.0283965	0	0	0	0	0	0	0	0	0	0	0	0	0	0	0
S(1,1)Entropy	3.6008869	0	0	0	0	0	0	0	0	0	0	0	0	0	0	0
S(1,1)DifVarnc	233.59977	0	0	0	0	0	0	0	0	0	0	0	0	0	0	0
S(1,1)DifEntrp	1.7329981	0	0	0	0	0	0	0	0	0	0	0	0	0	0	0
_Area_S(1,-1)	130050	0	0	0	0	0	0	0	0	0	0	0	0	0	0	0
S(1,-1)AngScMom	0.00025713708	0	0	0	0	0	0	0	0	0	0	0	0	0	0	0
S(1,-1)Contrast	699.37027	0	0	0	0	0	0	0	0	0	0	0	0	0	0	0
S(1,-1)Correlat	0.0069157547	0	0	0	0	0	0	0	0	0	0	0	0	0	0	0
S(1,-1)SumOfSqs	352.12031	0	0	0	0	0	0	0	0	0	0	0	0	0	0	0
S(1,-1)InvDfMom	0.047032395	0	0	0	0	0	0	0	0	0	0	0	0	0	0	0
S(1,-1)SumAverg	65.108343	0	0	0	0	0	0	0	0	0	0	0	0	0	0	0
S(1,-1)SumVarnc	709.11098	0	0	0	0	0	0	0	0	0	0	0	0	0	0	0
S(1,-1)SumEntrp	2.0299478	0	0	0	0	0	0	0	0	0	0	0	0	0	0	0
S(1,-1)Entropy	3.6008797	0	0	0	0	0	0	0	0	0	0	0	0	0	0	0
S(1,-1)DifVarnc	234.14999	0	0	0	0	0	0	0	0	0	0	0	0	0	0	0
S(1,-1)DifEntrp	1.7312995	0	0	0	0	0	0	0	0	0	0	0	0	0	0	0
_Area_S(2,0)	130048	0	0	0	0	0	0	0	0	0	0	0	0	0	0	0
S(2,0)AngScMom	0.00025839116	0	0	0	0	0	0	0	0	0	0	0	0	0	0	0
S(2,0)Contrast	686.05124	0	0	0	0	0	0	0	0	0	0	0	0	0	0	0
S(2,0)Correlat	0.026454596	0	0	0	0	0	0	0	0	0	0	0	0	0	0	0
S(2,0)SumOfSqs	352.34681	0	0	0	0	0	0	0	0	0	0	0	0	0	0	0
S(2,0)InvDfMom	0.047925545	0	0	0	0	0	0	0	0	0	0	0	0	0	0	0
S(2,0)SumAverg	65.098517	0	0	0	0	0	0	0	0	0	0	0	0	0	0	0
S(2,0)SumVarnc	723.33601	0	0	0	0	0	0	0	0	0	0	0	0	0	0	0
S(2,0)SumEntrp	2.0338548	0	0	0	0	0	0	0	0	0	0	0	0	0	0	0
S(2,0)Entropy	3.5998921	0	0	0	0	0	0	0	0	0	0	0	0	0	0	0
S(2,0)DifVarnc	230.45356	0	0	0	0	0	0	0	0	0	0	0	0	0	0	0
S(2,0)DifEntrp	1.7277248	0	0	0	0	0	0	0	0	0	0	0	0	0	0	0
_Area_S(0,2)	130048	0	0	0	0	0	0	0	0	0	0	0	0	0	0	0
S(0,2)AngScMom	0.00025762333	0	0	0	0	0	0	0	0	0	0	0	0	0	0	0
S(0,2)Contrast	704.25348	0	0	0	0	0	0	0	0	0	0	0	0	0	0	0
S(0,2)Correlat	-0.00024898499	0	0	0	0	0	0	0	0	0	0	0	0	0	0	0
S(0,2)SumOfSqs	352.03909	0	0	0	0	0	0	0	0	0	0	0	0	0	0	0
S(0,2)InvDfMom	0.047481249	0	0	0	0	0	0	0	0	0	0	0	0	0	0	0
S(0,2)SumAverg	65.085384	0	0	0	0	0	0	0	0	0	0	0	0	0	0	0
S(0,2)SumVarnc	703.90287	0	0	0	0	0	0	0	0	0	0	0	0	0	0	0
S(0,2)SumEntrp	2.0284688	0	0	0	0	0	0	0	0	0	0	0	0	0	0	0
S(0,2)Entropy	3.6004659	0	0	0	0	0	0	0	0	0	0	0	0	0	0	0
S(0,2)DifVarnc	236.07926	0	0	0	0	0	0	0	0	0	0	0	0	0	0	0
S(0,2)DifEntrp	1.732795	0	0	0	0	0	0	0	0	0	0	0	0	0	0	0
_Area_S(2,2)	129032	0	0	0	0	0	0	0	0	0	0	0	0	0	0	0
S(2,2)AngScMom	0.000257254	0	0	0	0	0	0	0	0	0	0	0	0	0	0	0
S(2,2)Contrast	706.06358	0	0	0	0	0	0	0	0	0	0	0	0	0	0	0
S(2,2)Correlat	-0.0029802983	0	0	0	0	0	0	0	0	0	0	0	0	0	0	0
S(2,2)SumOfSqs	351.98278	0	0	0	0	0	0	0	0	0	0	0	0	0	0	0
S(2,2)InvDfMom	0.046575332	0	0	0	0	0	0	0	0	0	0	0	0	0	0	0
S(2,2)SumAverg	65.090179	0	0	0	0	0	0	0	0	0	0	0	0	0	0	0
S(2,2)SumVarnc	701.86753	0	0	0	0	0	0	0	0	0	0	0	0	0	0	0
S(2,2)SumEntrp	2.0283025	0	0	0	0	0	0	0	0	0	0	0	0	0	0	0
S(2,2)Entropy	3.6007657	0	0	0	0	0	0	0	0	0	0	0	0	0	0	0
S(2,2)DifVarnc	235.61827	0	0	0	0	0	0	0	0	0	0	0	0	0	0	0
S(2,2)DifEntrp	1.7330212	0	0	0	0	0	0	0	0	0	0	0	0	0	0	0
_Area_S(2,-2)	129032	0	0	0	0	0	0	0	0	0	0	0	0	0	0	0
S(2,-2)AngScMom	0.00025729521	0	0	0	0	0	0	0	0	0	0	0	0	0	0	0
S(2,-2)Contrast	708.75705	0	0	0	0	0	0	0	0	0	0	0	0	0	0	0
S(2,-2)Correlat	-0.0068255772	0	0	0	0	0	0	0	0	0	0	0	0	0	0	0
S(2,-2)SumOfSqs	351.97609	0	0	0	0	0	0	0	0	0	0	0	0	0	0	0
S(2,-2)InvDfMom	0.046711671	0	0	0	0	0	0	0	0	0	0	0	0	0	0	0
S(2,-2)SumAverg	65.089714	0	0	0	0	0	0	0	0	0	0	0	0	0	0	0
S(2,-2)SumVarnc	699.14729	0	0	0	0	0	0	0	0	0	0	0	0	0	0	0
S(2,-2)SumEntrp	2.0271977	0	0	0	0	0	0	0	0	0	0	0	0	0	0	0
S(2,-2)Entropy	3.6006594	0	0	0	0	0	0	0	0	0	0	0	0	0	0	0
S(2,-2)DifVarnc	236.70472	0	0	0	0	0	0	0	0	0	0	0	0	0	0	0
S(2,-2)DifEntrp	1.7337862	0	0	0	0	0	0	0	0	0	0	0	0	0	0	0
_Area_S(3,0)	129536	0	0	0	0	0	0	0	0	0	0	0	0	0	0	0
S(3,0)AngScMom	0.00025777851	0	0	0	0	0	0	0	0	0	0	0	0	0	0	0
S(3,0)Contrast	689.20935	0	0	0	0	0	0	0	0	0	0	0	0	0	0	0
S(3,0)Correlat	0.022061778	0	0	0	0	0	0	0	0	0	0	0	0	0	0	0
S(3,0)SumOfSqs	352.37878	0	0	0	0	0	0	0	0	0	0	0	0	0	0	0
S(3,0)InvDfMom	0.047416218	0	0	0	0	0	0	0	0	0	0	0	0	0	0	0
S(3,0)SumAverg	65.092129	0	0	0	0	0	0	0	0	0	0	0	0	0	0	0
S(3,0)SumVarnc	720.30576	0	0	0	0	0	0	0	0	0	0	0	0	0	0	0
S(3,0)SumEntrp	2.0331889	0	0	0	0	0	0	0	0	0	0	0	0	0	0	0
S(3,0)Entropy	3.600403	0	0	0	0	0	0	0	0	0	0	0	0	0	0	0
S(3,0)DifVarnc	230.3146	0	0	0	0	0	0	0	0	0	0	0	0	0	0	0
S(3,0)DifEntrp	1.7290417	0	0	0	0	0	0	0	0	0	0	0	0	0	0	0
_Area_S(0,3)	129536	0	0	0	0	0	0	0	0	0	0	0	0	0	0	0
S(0,3)AngScMom	0.0002576573	0	0	0	0	0	0	0	0	0	0	0	0	0	0	0
S(0,3)Contrast	703.67411	0	0	0	0	0	0	0	0	0	0	0	0	0	0	0
S(0,3)Correlat	0.00056259074	0	0	0	0	0	0	0	0	0	0	0	0	0	0	0
S(0,3)SumOfSqs	352.03511	0	0	0	0	0	0	0	0	0	0	0	0	0	0	0
S(0,3)InvDfMom	0.047027426	0	0	0	0	0	0	0	0	0	0	0	0	0	0	0
S(0,3)SumAverg	65.089288	0	0	0	0	0	0	0	0	0	0	0	0	0	0	0
S(0,3)SumVarnc	704.46632	0	0	0	0	0	0	0	0	0	0	0	0	0	0	0
S(0,3)SumEntrp	2.0286122	0	0	0	0	0	0	0	0	0	0	0	0	0	0	0
S(0,3)Entropy	3.6004092	0	0	0	0	0	0	0	0	0	0	0	0	0	0	0
S(0,3)DifVarnc	233.29096	0	0	0	0	0	0	0	0	0	0	0	0	0	0	0
S(0,3)DifEntrp	1.7325066	0	0	0	0	0	0	0	0	0	0	0	0	0	0	0
_Area_S(3,3)	128018	0	0	0	0	0	0	0	0	0	0	0	0	0	0	0
S(3,3)AngScMom	0.00025767545	0	0	0	0	0	0	0	0	0	0	0	0	0	0	0
S(3,3)Contrast	704.16241	0	0	0	0	0	0	0	0	0	0	0	0	0	0	0
S(3,3)Correlat	-0.00020861604	0	0	0	0	0	0	0	0	0	0	0	0	0	0	0
S(3,3)SumOfSqs	352.00777	0	0	0	0	0	0	0	0	0	0	0	0	0	0	0
S(3,3)InvDfMom	0.045601898	0	0	0	0	0	0	0	0	0	0	0	0	0	0	0
S(3,3)SumAverg	65.090034	0	0	0	0	0	0	0	0	0	0	0	0	0	0	0
S(3,3)SumVarnc	703.86868	0	0	0	0	0	0	0	0	0	0	0	0	0	0	0
S(3,3)SumEntrp	2.0285297	0	0	0	0	0	0	0	0	0	0	0	0	0	0	0
S(3,3)Entropy	3.6003263	0	0	0	0	0	0	0	0	0	0	0	0	0	0	0
S(3,3)DifVarnc	233.72204	0	0	0	0	0	0	0	0	0	0	0	0	0	0	0
S(3,3)DifEntrp	1.7318232	0	0	0	0	0	0	0	0	0	0	0	0	0	0	0
_Area_S(3,-3)	128018	0	0	0	0	0	0	0	0	0	0	0	0	0	0	0
S(3,-3)AngScMom	0.00025731154	0	0	0	0	0	0	0	0	0	0	0	0	0	0	0
S(3,-3)Contrast	702.56728	0	0	0	0	0	0	0	0	0	0	0	0	0	0	0
S(3,-3)Correlat	0.0020327852	0	0	0	0	0	0	0	0	0	0	0	0	0	0	0
S(3,-3)SumOfSqs	351.99918	0	0	0	0	0	0	0	0	0	0	0	0	0	0	0
S(3,-3)InvDfMom	0.046938294	0	0	0	0	0	0	0	0	0	0	0	0	0	0	0
S(3,-3)SumAverg	65.087613	0	0	0	0	0	0	0	0	0	0	0	0	0	0	0
S(3,-3)SumVarnc	705.42943	0	0	0	0	0	0	0	0	0	0	0	0	0	0	0
S(3,-3)SumEntrp	2.0292358	0	0	0	0	0	0	0	0	0	0	0	0	0	0	0
S(3,-3)Entropy	3.6006858	0	0	0	0	0	0	0	0	0	0	0	0	0	0	0
S(3,-3)DifVarnc	233.84603	0	0	0	0	0	0	0	0	0	0	0	0	0	0	0
S(3,-3)DifEntrp	1.7320333	0	0	0	0	0	0	0	0	0	0	0	0	0	0	0
_Area_S(4,0)	129024	0	0	0	0	0	0	0	0	0	0	0	0	0	0	0
S(4,0)AngScMom	0.00025757124	0	0	0	0	0	0	0	0	0	0	0	0	0	0	0
S(4,0)Contrast	698.40703	0	0	0	0	0	0	0	0	0	0	0	0	0	0	0
S(4,0)Correlat	0.0091493977	0	0	0	0	0	0	0	0	0	0	0	0	0	0	0
S(4,0)SumOfSqs	352.42802	0	0	0	0	0	0	0	0	0	0	0	0	0	0	0
S(4,0)InvDfMom	0.046168071	0	0	0	0	0	0	0	0	0	0	0	0	0	0	0
S(4,0)SumAverg	65.110181	0	0	0	0	0	0	0	0	0	0	0	0	0	0	0
S(4,0)SumVarnc	711.30504	0	0	0	0	0	0	0	0	0	0	0	0	0	0	0
S(4,0)SumEntrp	2.030868	0	0	0	0	0	0	0	0	0	0	0	0	0	0	0
S(4,0)Entropy	3.6004961	0	0	0	0	0	0	0	0	0	0	0	0	0	0	0
S(4,0)DifVarnc	234.45177	0	0	0	0	0	0	0	0	0	0	0	0	0	0	0
S(4,0)DifEntrp	1.7308128	0	0	0	0	0	0	0	0	0	0	0	0	0	0	0
_Area_S(0,4)	129024	0	0	0	0	0	0	0	0	0	0	0	0	0	0	0
S(0,4)AngScMom	0.00025694807	0	0	0	0	0	0	0	0	0	0	0	0	0	0	0
S(0,4)Contrast	706.83691	0	0	0	0	0	0	0	0	0	0	0	0	0	0	0
S(0,4)Correlat	-0.0037983963	0	0	0	0	0	0	0	0	0	0	0	0	0	0	0
S(0,4)SumOfSqs	352.08111	0	0	0	0	0	0	0	0	0	0	0	0	0	0	0
S(0,4)InvDfMom	0.045731094	0	0	0	0	0	0	0	0	0	0	0	0	0	0	0
S(0,4)SumAverg	65.090882	0	0	0	0	0	0	0	0	0	0	0	0	0	0	0
S(0,4)SumVarnc	701.48754	0	0	0	0	0	0	0	0	0	0	0	0	0	0	0
S(0,4)SumEntrp	2.0278048	0	0	0	0	0	0	0	0	0	0	0	0	0	0	0
S(0,4)Entropy	3.6010483	0	0	0	0	0	0	0	0	0	0	0	0	0	0	0
S(0,4)DifVarnc	235.35296	0	0	0	0	0	0	0	0	0	0	0	0	0	0	0
S(0,4)DifEntrp	1.7330733	0	0	0	0	0	0	0	0	0	0	0	0	0	0	0
_Area_S(4,4)	127008	0	0	0	0	0	0	0	0	0	0	0	0	0	0	0
S(4,4)AngScMom	0.00025737969	0	0	0	0	0	0	0	0	0	0	0	0	0	0	0
S(4,4)Contrast	701.59921	0	0	0	0	0	0	0	0	0	0	0	0	0	0	0
S(4,4)Correlat	0.0036528113	0	0	0	0	0	0	0	0	0	0	0	0	0	0	0
S(4,4)SumOfSqs	352.08571	0	0	0	0	0	0	0	0	0	0	0	0	0	0	0
S(4,4)InvDfMom	0.046956984	0	0	0	0	0	0	0	0	0	0	0	0	0	0	0
S(4,4)SumAverg	65.110639	0	0	0	0	0	0	0	0	0	0	0	0	0	0	0
S(4,4)SumVarnc	706.74362	0	0	0	0	0	0	0	0	0	0	0	0	0	0	0
S(4,4)SumEntrp	2.0291274	0	0	0	0	0	0	0	0	0	0	0	0	0	0	0
S(4,4)Entropy	3.6006047	0	0	0	0	0	0	0	0	0	0	0	0	0	0	0
S(4,4)DifVarnc	234.60673	0	0	0	0	0	0	0	0	0	0	0	0	0	0	0
S(4,4)DifEntrp	1.7320057	0	0	0	0	0	0	0	0	0	0	0	0	0	0	0
_Area_S(4,-4)	127008	0	0	0	0	0	0	0	0	0	0	0	0	0	0	0
S(4,-4)AngScMom	0.00025747441	0	0	0	0	0	0	0	0	0	0	0	0	0	0	0
S(4,-4)Contrast	711.03269	0	0	0	0	0	0	0	0	0	0	0	0	0	0	0
S(4,-4)Correlat	-0.0097185008	0	0	0	0	0	0	0	0	0	0	0	0	0	0	0
S(4,-4)SumOfSqs	352.09451	0	0	0	0	0	0	0	0	0	0	0	0	0	0	0
S(4,-4)InvDfMom	0.046169155	0	0	0	0	0	0	0	0	0	0	0	0	0	0	0
S(4,-4)SumAverg	65.106167	0	0	0	0	0	0	0	0	0	0	0	0	0	0	0
S(4,-4)SumVarnc	697.34537	0	0	0	0	0	0	0	0	0	0	0	0	0	0	0
S(4,-4)SumEntrp	2.0268343	0	0	0	0	0	0	0	0	0	0	0	0	0	0	0
S(4,-4)Entropy	3.6005293	0	0	0	0	0	0	0	0	0	0	0	0	0	0	0
S(4,-4)DifVarnc	236.69798	0	0	0	0	0	0	0	0	0	0	0	0	0	0	0
S(4,-4)DifEntrp	1.7343944	0	0	0	0	0	0	0	0	0	0	0	0	0	0	0
_Area_S(5,0)	128512	0	0	0	0	0	0	0	0	0	0	0	0	0	0	0
S(5,0)AngScMom	0.00025758728	0	0	0	0	0	0	0	0	0	0	0	0	0	0	0
S(5,0)Contrast	701.60625	0	0	0	0	0	0	0	0	0	0	0	0	0	0	0
S(5,0)Correlat	0.0045190588	0	0	0	0	0	0	0	0	0	0	0	0	0	0	0
S(5,0)SumOfSqs	352.39562	0	0	0	0	0	0	0	0	0	0	0	0	0	0	0
S(5,0)InvDfMom	0.047637658	0	0	0	0	0	0	0	0	0	0	0	0	0	0	0
S(5,0)SumAverg	65.098559	0	0	0	0	0	0	0	0	0	0	0	0	0	0	0
S(5,0)SumVarnc	707.97623	0	0	0	0	0	0	0	0	0	0	0	0	0	0	0
S(5,0)SumEntrp	2.0298361	0	0	0	0	0	0	0	0	0	0	0	0	0	0	0
S(5,0)Entropy	3.6005575	0	0	0	0	0	0	0	0	0	0	0	0	0	0	0
S(5,0)DifVarnc	234.95252	0	0	0	0	0	0	0	0	0	0	0	0	0	0	0
S(5,0)DifEntrp	1.7317718	0	0	0	0	0	0	0	0	0	0	0	0	0	0	0
_Area_S(0,5)	128512	0	0	0	0	0	0	0	0	0	0	0	0	0	0	0
S(0,5)AngScMom	0.0002577022	0	0	0	0	0	0	0	0	0	0	0	0	0	0	0
S(0,5)Contrast	705.30354	0	0	0	0	0	0	0	0	0	0	0	0	0	0	0
S(0,5)Correlat	-0.0015074647	0	0	0	0	0	0	0	0	0	0	0	0	0	0	0
S(0,5)SumOfSqs	352.12096	0	0	0	0	0	0	0	0	0	0	0	0	0	0	0
S(0,5)InvDfMom	0.04610167	0	0	0	0	0	0	0	0	0	0	0	0	0	0	0
S(0,5)SumAverg	65.079183	0	0	0	0	0	0	0	0	0	0	0	0	0	0	0
S(0,5)SumVarnc	703.1803	0	0	0	0	0	0	0	0	0	0	0	0	0	0	0
S(0,5)SumEntrp	2.028411	0	0	0	0	0	0	0	0	0	0	0	0	0	0	0
S(0,5)Entropy	3.6003208	0	0	0	0	0	0	0	0	0	0	0	0	0	0	0
S(0,5)DifVarnc	235.6563	0	0	0	0	0	0	0	0	0	0	0	0	0	0	0
S(0,5)DifEntrp	1.7325934	0	0	0	0	0	0	0	0	0	0	0	0	0	0	0
_Area_S(5,5)	126002	0	0	0	0	0	0	0	0	0	0	0	0	0	0	0
S(5,5)AngScMom	0.00025743501	0	0	0	0	0	0	0	0	0	0	0	0	0	0	0
S(5,5)Contrast	710.92508	0	0	0	0	0	0	0	0	0	0	0	0	0	0	0
S(5,5)Correlat	-0.0095952562	0	0	0	0	0	0	0	0	0	0	0	0	0	0	0
S(5,5)SumOfSqs	352.0842	0	0	0	0	0	0	0	0	0	0	0	0	0	0	0
S(5,5)InvDfMom	0.045699973	0	0	0	0	0	0	0	0	0	0	0	0	0	0	0
S(5,5)SumAverg	65.085237	0	0	0	0	0	0	0	0	0	0	0	0	0	0	0
S(5,5)SumVarnc	697.41173	0	0	0	0	0	0	0	0	0	0	0	0	0	0	0
S(5,5)SumEntrp	2.0267746	0	0	0	0	0	0	0	0	0	0	0	0	0	0	0
S(5,5)Entropy	3.600528	0	0	0	0	0	0	0	0	0	0	0	0	0	0	0
S(5,5)DifVarnc	235.10275	0	0	0	0	0	0	0	0	0	0	0	0	0	0	0
S(5,5)DifEntrp	1.7346005	0	0	0	0	0	0	0	0	0	0	0	0	0	0	0
_Area_S(5,-5)	126002	0	0	0	0	0	0	0	0	0	0	0	0	0	0	0
S(5,-5)AngScMom	0.00025765206	0	0	0	0	0	0	0	0	0	0	0	0	0	0	0
S(5,-5)Contrast	704.86224	0	0	0	0	0	0	0	0	0	0	0	0	0	0	0
S(5,-5)Correlat	-0.0009260983	0	0	0	0	0	0	0	0	0	0	0	0	0	0	0
S(5,-5)SumOfSqs	352.10504	0	0	0	0	0	0	0	0	0	0	0	0	0	0	0
S(5,-5)InvDfMom	0.04649028	0	0	0	0	0	0	0	0	0	0	0	0	0	0	0
S(5,-5)SumAverg	65.081983	0	0	0	0	0	0	0	0	0	0	0	0	0	0	0
S(5,-5)SumVarnc	703.5579	0	0	0	0	0	0	0	0	0	0	0	0	0	0	0
S(5,-5)SumEntrp	2.0283979	0	0	0	0	0	0	0	0	0	0	0	0	0	0	0
S(5,-5)Entropy	3.6003682	0	0	0	0	0	0	0	0	0	0	0	0	0	0	0
S(5,-5)DifVarnc	235.31026	0	0	0	0	0	0	0	0	0	0	0	0	0	0	0
S(5,-5)DifEntrp	1.7326423	0	0	0	0	0	0	0	0	0	0	0	0	0	0	0
Horzl_RLNonUni	61571.828	0	0	0	0	0	0	0	0	0	0	0	0	0	0	0
Horzl_GLevNonU	1013.2875	0	0	0	0	0	0	0	0	0	0	0	0	0	0	0
Horzl_LngREmph	1.0645724	0	0	0	0	0	0	0	0	0	0	0	0	0	0	0
Horzl_ShrtREmp	0.98440281	0	0	0	0	0	0	0	0	0	0	0	0	0	0	0
Horzl_Fraction	0.97924805	0	0	0	0	0	0	0	0	0	0	0	0	0	0	0
Vertl_RLNonUni	62319.475	0	0	0	0	0	0	0	0	0	0	0	0	0	0	0
Vertl_GLevNonU	1017.8456	0	0	0	0	0	0	0	0	0	0	0	0	0	0	0
Vertl_LngREmph	1.0515829	0	0	0	0	0	0	0	0	0	0	0	0	0	0	0
Vertl_ShrtREmp	0.98741465	0	0	0	0	0	0	0	0	0	0	0	0	0	0	0
Vertl_Fraction	0.98327637	0	0	0	0	0	0	0	0	0	0	0	0	0	0	0
45dgr_RLNonUni	62634.711	0	0	0	0	0	0	0	0	0	0	0	0	0	0	0
45dgr_GLevNonU	1019.7958	0	0	0	0	0	0	0	0	0	0	0	0	0	0	0
45dgr_LngREmph	1.0464461	0	0	0	0	0	0	0	0	0	0	0	0	0	0	0
45dgr_ShrtREmp	0.98868112	0	0	0	0	0	0	0	0	0	0	0	0	0	0	0
45dgr_Fraction	0.98492432	0	0	0	0	0	0	0	0	0	0	0	0	0	0	0
135dr_RLNonUni	62527.735	0	0	0	0	0	0	0	0	0	0	0	0	0	0	0
135dr_GLevNonU	1019.1624	0	0	0	0	0	0	0	0	0	0	0	0	0	0	0
135dr_LngREmph	1.0484118	0	0	0	0	0	0	0	0	0	0	0	0	0	0	0
135dr_ShrtREmp	0.98825874	0	0	0	0	0	0	0	0	0	0	0	0	0	0	0
135dr_Fraction	0.98432922	0	0	0	0	0	0	0	0	0	0	0	0	0	0	0
_AreaGr	64516	0	0	0	0	0	0	0	0	0	0	0	0	0	0	0
GrMean	8.3934022	0	0	0	0	0	0	0	0	0	0	0	0	0	0	0
GrVariance	15.952157	0	0	0	0	0	0	0	0	0	0	0	0	0	0	0
GrSkewness	0.16493024	0	0	0	0	0	0	0	0	0	0	0	0	0	0	0
GrKurtosis	-0.68766437	0	0	0	0	0	0	0	0	0	0	0	0	0	0	0
GrNonZeros	0.99629549	0	0	0	0	0	0	0	0	0	0	0	0	0	0	0
_AreaARM	64770	0	0	0	0	0	0	0	0	0	0	0	0	0	0	0
Teta1	0.071839705	0	0	0	0	0	0	0	0	0	0	0	0	0	0	0
Teta2	0.0068521109	0	0	0	0	0	0	0	0	0	0	0	0	0	0	0
Teta3	-9.7143135e-05	0	0	0	0	0	0	0	0	0	0	0	0	0	0	0
Teta4	-0.0016922073	0	0	0	0	0	0	0	0	0	0	0	0	0	0	0
Sigma	0.99671101	0	0	0	0	0	0	0	0	0	0	0	0	0	0	0
WavEnLL_s-1	17829.334	0	0	0	0	0	0	0	0	0	0	0	0	0	0	0
WavEnLH_s-1	1507.2897	0	0	0	0	0	0	0	0	0	0	0	0	0	0	0
WavEnHL_s-1	1305.1674	0	0	0	0	0	0	0	0	0	0	0	0	0	0	0
WavEnHH_s-1	1312.5688	0	0	0	0	0	0	0	0	0	0	0	0	0	0	0
WavEnLL_s-2	16709.359	0	0	0	0	0	0	0	0	0	0	0	0	0	0	0
WavEnLH_s-2	418.01885	0	0	0	0	0	0	0	0	0	0	0	0	0	0	0
WavEnHL_s-2	355.44533	0	0	0	0	0	0	0	0	0	0	0	0	0	0	0
WavEnHH_s-2	346.51037	0	0	0	0	0	0	0	0	0	0	0	0	0	0	0
WavEnLL_s-3	16413.256	0	0	0	0	0	0	0	0	0	0	0	0	0	0	0
WavEnLH_s-3	113.88304	0	0	0	0	0	0	0	0	0	0	0	0	0	0	0
WavEnHL_s-3	87.660769	0	0	0	0	0	0	0	0	0	0	0	0	0	0	0
WavEnHH_s-3	94.558784	0	0	0	0	0	0	0	0	0	0	0	0	0	0	0
WavEnLL_s-4	16331.505	0	0	0	0	0	0	0	0	0	0	0	0	0	0	0
WavEnLH_s-4	27.945258	0	0	0	0	0	0	0	0	0	0	0	0	0	0	0
WavEnHL_s-4	25.196929	0	0	0	0	0	0	0	0	0	0	0	0	0	0	0
WavEnHH_s-4	28.609137	0	0	0	0	0	0	0	0	0	0	0	0	0	0	0
