Image File: seat2-a-p002.png 
ROI File: allred.roi 
Image size: 256 x 256
Min. lum.: 1
Max. lum.: 256
Bits/pixel: 8

Normalisation =  No
Histogram analysis = Yes
CO matrix analysis = Yes, Dimensions = 6 x 6, Distances = 1 2 3 4 5
RL matrix analysis = Yes, Dimension = 6
Gradient analysis = Yes, Max pixel value = 16
AR model analysis = Yes
Wavelet analysis = Yes

--------------- CLASS NAMES ----------------

----------------- FEATURES -----------------
_Area	65536	0	0	0	0	0	0	0	0	0	0	0	0	0	0	0
Mean	131.51596	0	0	0	0	0	0	0	0	0	0	0	0	0	0	0
Variance	5299.9998	0	0	0	0	0	0	0	0	0	0	0	0	0	0	0
Skewness	-0.032250949	0	0	0	0	0	0	0	0	0	0	0	0	0	0	0
Kurtosis	-1.1820866	0	0	0	0	0	0	0	0	0	0	0	0	0	0	0
Perc.01%	4	0	0	0	0	0	0	0	0	0	0	0	0	0	0	0
Perc.10%	30	0	0	0	0	0	0	0	0	0	0	0	0	0	0	0
Perc.50%	132	0	0	0	0	0	0	0	0	0	0	0	0	0	0	0
Perc.90%	232	0	0	0	0	0	0	0	0	0	0	0	0	0	0	0
Perc.99%	254	0	0	0	0	0	0	0	0	0	0	0	0	0	0	0
_Area_S(1,0)	130560	0	0	0	0	0	0	0	0	0	0	0	0	0	0	0
S(1,0)AngScMom	0.00025591952	0	0	0	0	0	0	0	0	0	0	0	0	0	0	0
S(1,0)Contrast	653.01541	0	0	0	0	0	0	0	0	0	0	0	0	0	0	0
S(1,0)Correlat	0.014151222	0	0	0	0	0	0	0	0	0	0	0	0	0	0	0
S(1,0)SumOfSqs	331.19451	0	0	0	0	0	0	0	0	0	0	0	0	0	0	0
S(1,0)InvDfMom	0.0483259	0	0	0	0	0	0	0	0	0	0	0	0	0	0	0
S(1,0)SumAverg	66.491299	0	0	0	0	0	0	0	0	0	0	0	0	0	0	0
S(1,0)SumVarnc	671.76264	0	0	0	0	0	0	0	0	0	0	0	0	0	0	0
S(1,0)SumEntrp	2.0198537	0	0	0	0	0	0	0	0	0	0	0	0	0	0	0
S(1,0)Entropy	3.6018273	0	0	0	0	0	0	0	0	0	0	0	0	0	0	0
S(1,0)DifVarnc	219.14591	0	0	0	0	0	0	0	0	0	0	0	0	0	0	0
S(1,0)DifEntrp	1.7186608	0	0	0	0	0	0	0	0	0	0	0	0	0	0	0
_Area_S(0,1)	130560	0	0	0	0	0	0	0	0	0	0	0	0	0	0	0
S(0,1)AngScMom	0.0002550589	0	0	0	0	0	0	0	0	0	0	0	0	0	0	0
S(0,1)Contrast	665.61089	0	0	0	0	0	0	0	0	0	0	0	0	0	0	0
S(0,1)Correlat	-0.0054020722	0	0	0	0	0	0	0	0	0	0	0	0	0	0	0
S(0,1)SumOfSqs	331.01727	0	0	0	0	0	0	0	0	0	0	0	0	0	0	0
S(0,1)InvDfMom	0.046317983	0	0	0	0	0	0	0	0	0	0	0	0	0	0	0
S(0,1)SumAverg	66.50599	0	0	0	0	0	0	0	0	0	0	0	0	0	0	0
S(0,1)SumVarnc	658.45817	0	0	0	0	0	0	0	0	0	0	0	0	0	0	0
S(0,1)SumEntrp	2.0158719	0	0	0	0	0	0	0	0	0	0	0	0	0	0	0
S(0,1)Entropy	3.6025987	0	0	0	0	0	0	0	0	0	0	0	0	0	0	0
S(0,1)DifVarnc	222.31167	0	0	0	0	0	0	0	0	0	0	0	0	0	0	0
S(0,1)DifEntrp	1.7218335	0	0	0	0	0	0	0	0	0	0	0	0	0	0	0
_Area_S(1,1)	130050	0	0	0	0	0	0	0	0	0	0	0	0	0	0	0
S(1,1)AngScMom	0.00025529364	0	0	0	0	0	0	0	0	0	0	0	0	0	0	0
S(1,1)Contrast	661.81075	0	0	0	0	0	0	0	0	0	0	0	0	0	0	0
S(1,1)Correlat	0.00029603331	0	0	0	0	0	0	0	0	0	0	0	0	0	0	0
S(1,1)SumOfSqs	331.00336	0	0	0	0	0	0	0	0	0	0	0	0	0	0	0
S(1,1)InvDfMom	0.046608493	0	0	0	0	0	0	0	0	0	0	0	0	0	0	0
S(1,1)SumAverg	66.507405	0	0	0	0	0	0	0	0	0	0	0	0	0	0	0
S(1,1)SumVarnc	662.2027	0	0	0	0	0	0	0	0	0	0	0	0	0	0	0
S(1,1)SumEntrp	2.0168858	0	0	0	0	0	0	0	0	0	0	0	0	0	0	0
S(1,1)Entropy	3.6023158	0	0	0	0	0	0	0	0	0	0	0	0	0	0	0
S(1,1)DifVarnc	220.49872	0	0	0	0	0	0	0	0	0	0	0	0	0	0	0
S(1,1)DifEntrp	1.7205073	0	0	0	0	0	0	0	0	0	0	0	0	0	0	0
_Area_S(1,-1)	130050	0	0	0	0	0	0	0	0	0	0	0	0	0	0	0
S(1,-1)AngScMom	0.00025497093	0	0	0	0	0	0	0	0	0	0	0	0	0	0	0
S(1,-1)Contrast	660.92566	0	0	0	0	0	0	0	0	0	0	0	0	0	0	0
S(1,-1)Correlat	0.0016363217	0	0	0	0	0	0	0	0	0	0	0	0	0	0	0
S(1,-1)SumOfSqs	331.00446	0	0	0	0	0	0	0	0	0	0	0	0	0	0	0
S(1,-1)InvDfMom	0.047091587	0	0	0	0	0	0	0	0	0	0	0	0	0	0	0
S(1,-1)SumAverg	66.507174	0	0	0	0	0	0	0	0	0	0	0	0	0	0	0
S(1,-1)SumVarnc	663.09218	0	0	0	0	0	0	0	0	0	0	0	0	0	0	0
S(1,-1)SumEntrp	2.0170337	0	0	0	0	0	0	0	0	0	0	0	0	0	0	0
S(1,-1)Entropy	3.6026502	0	0	0	0	0	0	0	0	0	0	0	0	0	0	0
S(1,-1)DifVarnc	220.41641	0	0	0	0	0	0	0	0	0	0	0	0	0	0	0
S(1,-1)DifEntrp	1.7206163	0	0	0	0	0	0	0	0	0	0	0	0	0	0	0
_Area_S(2,0)	130048	0	0	0	0	0	0	0	0	0	0	0	0	0	0	0
S(2,0)AngScMom	0.00025601316	0	0	0	0	0	0	0	0	0	0	0	0	0	0	0
S(2,0)Contrast	659.93244	0	0	0	0	0	0	0	0	0	0	0	0	0	0	0
S(2,0)Correlat	0.0037715771	0	0	0	0	0	0	0	0	0	0	0	0	0	0	0
S(2,0)SumOfSqs	331.21542	0	0	0	0	0	0	0	0	0	0	0	0	0	0	0
S(2,0)InvDfMom	0.046498664	0	0	0	0	0	0	0	0	0	0	0	0	0	0	0
S(2,0)SumAverg	66.48436	0	0	0	0	0	0	0	0	0	0	0	0	0	0	0
S(2,0)SumVarnc	664.92926	0	0	0	0	0	0	0	0	0	0	0	0	0	0	0
S(2,0)SumEntrp	2.0182106	0	0	0	0	0	0	0	0	0	0	0	0	0	0	0
S(2,0)Entropy	3.6017036	0	0	0	0	0	0	0	0	0	0	0	0	0	0	0
S(2,0)DifVarnc	219.00155	0	0	0	0	0	0	0	0	0	0	0	0	0	0	0
S(2,0)DifEntrp	1.7198841	0	0	0	0	0	0	0	0	0	0	0	0	0	0	0
_Area_S(0,2)	130048	0	0	0	0	0	0	0	0	0	0	0	0	0	0	0
S(0,2)AngScMom	0.00025573561	0	0	0	0	0	0	0	0	0	0	0	0	0	0	0
S(0,2)Contrast	662.98962	0	0	0	0	0	0	0	0	0	0	0	0	0	0	0
S(0,2)Correlat	-0.0017365988	0	0	0	0	0	0	0	0	0	0	0	0	0	0	0
S(0,2)SumOfSqs	330.92013	0	0	0	0	0	0	0	0	0	0	0	0	0	0	0
S(0,2)InvDfMom	0.046125929	0	0	0	0	0	0	0	0	0	0	0	0	0	0	0
S(0,2)SumAverg	66.492357	0	0	0	0	0	0	0	0	0	0	0	0	0	0	0
S(0,2)SumVarnc	660.69092	0	0	0	0	0	0	0	0	0	0	0	0	0	0	0
S(0,2)SumEntrp	2.0162726	0	0	0	0	0	0	0	0	0	0	0	0	0	0	0
S(0,2)Entropy	3.6019042	0	0	0	0	0	0	0	0	0	0	0	0	0	0	0
S(0,2)DifVarnc	220.62892	0	0	0	0	0	0	0	0	0	0	0	0	0	0	0
S(0,2)DifEntrp	1.7211021	0	0	0	0	0	0	0	0	0	0	0	0	0	0	0
_Area_S(2,2)	129032	0	0	0	0	0	0	0	0	0	0	0	0	0	0	0
S(2,2)AngScMom	0.00025559339	0	0	0	0	0	0	0	0	0	0	0	0	0	0	0
S(2,2)Contrast	666.41934	0	0	0	0	0	0	0	0	0	0	0	0	0	0	0
S(2,2)Correlat	-0.0068592041	0	0	0	0	0	0	0	0	0	0	0	0	0	0	0
S(2,2)SumOfSqs	330.93969	0	0	0	0	0	0	0	0	0	0	0	0	0	0	0
S(2,2)InvDfMom	0.047218601	0	0	0	0	0	0	0	0	0	0	0	0	0	0	0
S(2,2)SumAverg	66.488964	0	0	0	0	0	0	0	0	0	0	0	0	0	0	0
S(2,2)SumVarnc	657.33941	0	0	0	0	0	0	0	0	0	0	0	0	0	0	0
S(2,2)SumEntrp	2.0154997	0	0	0	0	0	0	0	0	0	0	0	0	0	0	0
S(2,2)Entropy	3.6021048	0	0	0	0	0	0	0	0	0	0	0	0	0	0	0
S(2,2)DifVarnc	223.17966	0	0	0	0	0	0	0	0	0	0	0	0	0	0	0
S(2,2)DifEntrp	1.7220505	0	0	0	0	0	0	0	0	0	0	0	0	0	0	0
_Area_S(2,-2)	129032	0	0	0	0	0	0	0	0	0	0	0	0	0	0	0
S(2,-2)AngScMom	0.00025534004	0	0	0	0	0	0	0	0	0	0	0	0	0	0	0
S(2,-2)Contrast	655.75273	0	0	0	0	0	0	0	0	0	0	0	0	0	0	0
S(2,-2)Correlat	0.0092057705	0	0	0	0	0	0	0	0	0	0	0	0	0	0	0
S(2,-2)SumOfSqs	330.92276	0	0	0	0	0	0	0	0	0	0	0	0	0	0	0
S(2,-2)InvDfMom	0.0480991	0	0	0	0	0	0	0	0	0	0	0	0	0	0	0
S(2,-2)SumAverg	66.486313	0	0	0	0	0	0	0	0	0	0	0	0	0	0	0
S(2,-2)SumVarnc	667.93832	0	0	0	0	0	0	0	0	0	0	0	0	0	0	0
S(2,-2)SumEntrp	2.0186272	0	0	0	0	0	0	0	0	0	0	0	0	0	0	0
S(2,-2)Entropy	3.6023249	0	0	0	0	0	0	0	0	0	0	0	0	0	0	0
S(2,-2)DifVarnc	218.92549	0	0	0	0	0	0	0	0	0	0	0	0	0	0	0
S(2,-2)DifEntrp	1.7190613	0	0	0	0	0	0	0	0	0	0	0	0	0	0	0
_Area_S(3,0)	129536	0	0	0	0	0	0	0	0	0	0	0	0	0	0	0
S(3,0)AngScMom	0.0002555023	0	0	0	0	0	0	0	0	0	0	0	0	0	0	0
S(3,0)Contrast	661.5004	0	0	0	0	0	0	0	0	0	0	0	0	0	0	0
S(3,0)Correlat	0.0016181401	0	0	0	0	0	0	0	0	0	0	0	0	0	0	0
S(3,0)SumOfSqs	331.28627	0	0	0	0	0	0	0	0	0	0	0	0	0	0	0
S(3,0)InvDfMom	0.047106583	0	0	0	0	0	0	0	0	0	0	0	0	0	0	0
S(3,0)SumAverg	66.490458	0	0	0	0	0	0	0	0	0	0	0	0	0	0	0
S(3,0)SumVarnc	663.64467	0	0	0	0	0	0	0	0	0	0	0	0	0	0	0
S(3,0)SumEntrp	2.0175438	0	0	0	0	0	0	0	0	0	0	0	0	0	0	0
S(3,0)Entropy	3.6021754	0	0	0	0	0	0	0	0	0	0	0	0	0	0	0
S(3,0)DifVarnc	221.81063	0	0	0	0	0	0	0	0	0	0	0	0	0	0	0
S(3,0)DifEntrp	1.7205222	0	0	0	0	0	0	0	0	0	0	0	0	0	0	0
_Area_S(0,3)	129536	0	0	0	0	0	0	0	0	0	0	0	0	0	0	0
S(0,3)AngScMom	0.00025543531	0	0	0	0	0	0	0	0	0	0	0	0	0	0	0
S(0,3)Contrast	662.31227	0	0	0	0	0	0	0	0	0	0	0	0	0	0	0
S(0,3)Correlat	-0.0010453791	0	0	0	0	0	0	0	0	0	0	0	0	0	0	0
S(0,3)SumOfSqs	330.81031	0	0	0	0	0	0	0	0	0	0	0	0	0	0	0
S(0,3)InvDfMom	0.047085231	0	0	0	0	0	0	0	0	0	0	0	0	0	0	0
S(0,3)SumAverg	66.492296	0	0	0	0	0	0	0	0	0	0	0	0	0	0	0
S(0,3)SumVarnc	660.92898	0	0	0	0	0	0	0	0	0	0	0	0	0	0	0
S(0,3)SumEntrp	2.0164644	0	0	0	0	0	0	0	0	0	0	0	0	0	0	0
S(0,3)Entropy	3.6022716	0	0	0	0	0	0	0	0	0	0	0	0	0	0	0
S(0,3)DifVarnc	220.83811	0	0	0	0	0	0	0	0	0	0	0	0	0	0	0
S(0,3)DifEntrp	1.7208152	0	0	0	0	0	0	0	0	0	0	0	0	0	0	0
_Area_S(3,3)	128018	0	0	0	0	0	0	0	0	0	0	0	0	0	0	0
S(3,3)AngScMom	0.00025531918	0	0	0	0	0	0	0	0	0	0	0	0	0	0	0
S(3,3)Contrast	661.49376	0	0	0	0	0	0	0	0	0	0	0	0	0	0	0
S(3,3)Correlat	0.00047442719	0	0	0	0	0	0	0	0	0	0	0	0	0	0	0
S(3,3)SumOfSqs	330.90387	0	0	0	0	0	0	0	0	0	0	0	0	0	0	0
S(3,3)InvDfMom	0.048018361	0	0	0	0	0	0	0	0	0	0	0	0	0	0	0
S(3,3)SumAverg	66.495649	0	0	0	0	0	0	0	0	0	0	0	0	0	0	0
S(3,3)SumVarnc	662.12172	0	0	0	0	0	0	0	0	0	0	0	0	0	0	0
S(3,3)SumEntrp	2.0167776	0	0	0	0	0	0	0	0	0	0	0	0	0	0	0
S(3,3)Entropy	3.6023169	0	0	0	0	0	0	0	0	0	0	0	0	0	0	0
S(3,3)DifVarnc	222.24592	0	0	0	0	0	0	0	0	0	0	0	0	0	0	0
S(3,3)DifEntrp	1.720773	0	0	0	0	0	0	0	0	0	0	0	0	0	0	0
_Area_S(3,-3)	128018	0	0	0	0	0	0	0	0	0	0	0	0	0	0	0
S(3,-3)AngScMom	0.00025541827	0	0	0	0	0	0	0	0	0	0	0	0	0	0	0
S(3,-3)Contrast	663.661	0	0	0	0	0	0	0	0	0	0	0	0	0	0	0
S(3,-3)Correlat	-0.0029017394	0	0	0	0	0	0	0	0	0	0	0	0	0	0	0
S(3,-3)SumOfSqs	330.8704	0	0	0	0	0	0	0	0	0	0	0	0	0	0	0
S(3,-3)InvDfMom	0.047098102	0	0	0	0	0	0	0	0	0	0	0	0	0	0	0
S(3,-3)SumAverg	66.49279	0	0	0	0	0	0	0	0	0	0	0	0	0	0	0
S(3,-3)SumVarnc	659.8206	0	0	0	0	0	0	0	0	0	0	0	0	0	0	0
S(3,-3)SumEntrp	2.0162564	0	0	0	0	0	0	0	0	0	0	0	0	0	0	0
S(3,-3)Entropy	3.6022083	0	0	0	0	0	0	0	0	0	0	0	0	0	0	0
S(3,-3)DifVarnc	222.16743	0	0	0	0	0	0	0	0	0	0	0	0	0	0	0
S(3,-3)DifEntrp	1.7213064	0	0	0	0	0	0	0	0	0	0	0	0	0	0	0
_Area_S(4,0)	129024	0	0	0	0	0	0	0	0	0	0	0	0	0	0	0
S(4,0)AngScMom	0.00025569993	0	0	0	0	0	0	0	0	0	0	0	0	0	0	0
S(4,0)Contrast	658.53823	0	0	0	0	0	0	0	0	0	0	0	0	0	0	0
S(4,0)Correlat	0.0057251164	0	0	0	0	0	0	0	0	0	0	0	0	0	0	0
S(4,0)SumOfSqs	331.16507	0	0	0	0	0	0	0	0	0	0	0	0	0	0	0
S(4,0)InvDfMom	0.047979557	0	0	0	0	0	0	0	0	0	0	0	0	0	0	0
S(4,0)SumAverg	66.486545	0	0	0	0	0	0	0	0	0	0	0	0	0	0	0
S(4,0)SumVarnc	666.12206	0	0	0	0	0	0	0	0	0	0	0	0	0	0	0
S(4,0)SumEntrp	2.0180604	0	0	0	0	0	0	0	0	0	0	0	0	0	0	0
S(4,0)Entropy	3.6020375	0	0	0	0	0	0	0	0	0	0	0	0	0	0	0
S(4,0)DifVarnc	220.38128	0	0	0	0	0	0	0	0	0	0	0	0	0	0	0
S(4,0)DifEntrp	1.7201949	0	0	0	0	0	0	0	0	0	0	0	0	0	0	0
_Area_S(0,4)	129024	0	0	0	0	0	0	0	0	0	0	0	0	0	0	0
S(0,4)AngScMom	0.00025547887	0	0	0	0	0	0	0	0	0	0	0	0	0	0	0
S(0,4)Contrast	660.46137	0	0	0	0	0	0	0	0	0	0	0	0	0	0	0
S(0,4)Correlat	0.0017672775	0	0	0	0	0	0	0	0	0	0	0	0	0	0	0
S(0,4)SumOfSqs	330.81533	0	0	0	0	0	0	0	0	0	0	0	0	0	0	0
S(0,4)InvDfMom	0.048166803	0	0	0	0	0	0	0	0	0	0	0	0	0	0	0
S(0,4)SumAverg	66.501643	0	0	0	0	0	0	0	0	0	0	0	0	0	0	0
S(0,4)SumVarnc	662.79994	0	0	0	0	0	0	0	0	0	0	0	0	0	0	0
S(0,4)SumEntrp	2.0172004	0	0	0	0	0	0	0	0	0	0	0	0	0	0	0
S(0,4)Entropy	3.6021402	0	0	0	0	0	0	0	0	0	0	0	0	0	0	0
S(0,4)DifVarnc	221.26421	0	0	0	0	0	0	0	0	0	0	0	0	0	0	0
S(0,4)DifEntrp	1.7205841	0	0	0	0	0	0	0	0	0	0	0	0	0	0	0
_Area_S(4,4)	127008	0	0	0	0	0	0	0	0	0	0	0	0	0	0	0
S(4,4)AngScMom	0.00025549128	0	0	0	0	0	0	0	0	0	0	0	0	0	0	0
S(4,4)Contrast	663.08247	0	0	0	0	0	0	0	0	0	0	0	0	0	0	0
S(4,4)Correlat	-0.0022457643	0	0	0	0	0	0	0	0	0	0	0	0	0	0	0
S(4,4)SumOfSqs	330.79834	0	0	0	0	0	0	0	0	0	0	0	0	0	0	0
S(4,4)InvDfMom	0.046912452	0	0	0	0	0	0	0	0	0	0	0	0	0	0	0
S(4,4)SumAverg	66.501937	0	0	0	0	0	0	0	0	0	0	0	0	0	0	0
S(4,4)SumVarnc	660.11089	0	0	0	0	0	0	0	0	0	0	0	0	0	0	0
S(4,4)SumEntrp	2.0164541	0	0	0	0	0	0	0	0	0	0	0	0	0	0	0
S(4,4)Entropy	3.6021778	0	0	0	0	0	0	0	0	0	0	0	0	0	0	0
S(4,4)DifVarnc	220.75409	0	0	0	0	0	0	0	0	0	0	0	0	0	0	0
S(4,4)DifEntrp	1.7210341	0	0	0	0	0	0	0	0	0	0	0	0	0	0	0
_Area_S(4,-4)	127008	0	0	0	0	0	0	0	0	0	0	0	0	0	0	0
S(4,-4)AngScMom	0.00025571495	0	0	0	0	0	0	0	0	0	0	0	0	0	0	0
S(4,-4)Contrast	662.54954	0	0	0	0	0	0	0	0	0	0	0	0	0	0	0
S(4,-4)Correlat	-0.0015849483	0	0	0	0	0	0	0	0	0	0	0	0	0	0	0
S(4,-4)SumOfSqs	330.75055	0	0	0	0	0	0	0	0	0	0	0	0	0	0	0
S(4,-4)InvDfMom	0.046747097	0	0	0	0	0	0	0	0	0	0	0	0	0	0	0
S(4,-4)SumAverg	66.496221	0	0	0	0	0	0	0	0	0	0	0	0	0	0	0
S(4,-4)SumVarnc	660.45265	0	0	0	0	0	0	0	0	0	0	0	0	0	0	0
S(4,-4)SumEntrp	2.0163707	0	0	0	0	0	0	0	0	0	0	0	0	0	0	0
S(4,-4)Entropy	3.6019302	0	0	0	0	0	0	0	0	0	0	0	0	0	0	0
S(4,-4)DifVarnc	221.25319	0	0	0	0	0	0	0	0	0	0	0	0	0	0	0
S(4,-4)DifEntrp	1.7206315	0	0	0	0	0	0	0	0	0	0	0	0	0	0	0
_Area_S(5,0)	128512	0	0	0	0	0	0	0	0	0	0	0	0	0	0	0
S(5,0)AngScMom	0.000255213	0	0	0	0	0	0	0	0	0	0	0	0	0	0	0
S(5,0)Contrast	660.14982	0	0	0	0	0	0	0	0	0	0	0	0	0	0	0
S(5,0)Correlat	0.0035107794	0	0	0	0	0	0	0	0	0	0	0	0	0	0	0
S(5,0)SumOfSqs	331.23781	0	0	0	0	0	0	0	0	0	0	0	0	0	0	0
S(5,0)InvDfMom	0.046686429	0	0	0	0	0	0	0	0	0	0	0	0	0	0	0
S(5,0)SumAverg	66.495969	0	0	0	0	0	0	0	0	0	0	0	0	0	0	0
S(5,0)SumVarnc	664.80143	0	0	0	0	0	0	0	0	0	0	0	0	0	0	0
S(5,0)SumEntrp	2.0177444	0	0	0	0	0	0	0	0	0	0	0	0	0	0	0
S(5,0)Entropy	3.6024378	0	0	0	0	0	0	0	0	0	0	0	0	0	0	0
S(5,0)DifVarnc	219.57262	0	0	0	0	0	0	0	0	0	0	0	0	0	0	0
S(5,0)DifEntrp	1.7204539	0	0	0	0	0	0	0	0	0	0	0	0	0	0	0
_Area_S(0,5)	128512	0	0	0	0	0	0	0	0	0	0	0	0	0	0	0
S(0,5)AngScMom	0.0002553318	0	0	0	0	0	0	0	0	0	0	0	0	0	0	0
S(0,5)Contrast	660.40692	0	0	0	0	0	0	0	0	0	0	0	0	0	0	0
S(0,5)Correlat	0.0021314044	0	0	0	0	0	0	0	0	0	0	0	0	0	0	0
S(0,5)SumOfSqs	330.90876	0	0	0	0	0	0	0	0	0	0	0	0	0	0	0
S(0,5)InvDfMom	0.046000276	0	0	0	0	0	0	0	0	0	0	0	0	0	0	0
S(0,5)SumAverg	66.5054	0	0	0	0	0	0	0	0	0	0	0	0	0	0	0
S(0,5)SumVarnc	663.22812	0	0	0	0	0	0	0	0	0	0	0	0	0	0	0
S(0,5)SumEntrp	2.016705	0	0	0	0	0	0	0	0	0	0	0	0	0	0	0
S(0,5)Entropy	3.6022672	0	0	0	0	0	0	0	0	0	0	0	0	0	0	0
S(0,5)DifVarnc	219.98912	0	0	0	0	0	0	0	0	0	0	0	0	0	0	0
S(0,5)DifEntrp	1.7204689	0	0	0	0	0	0	0	0	0	0	0	0	0	0	0
_Area_S(5,5)	126002	0	0	0	0	0	0	0	0	0	0	0	0	0	0	0
S(5,5)AngScMom	0.00025565855	0	0	0	0	0	0	0	0	0	0	0	0	0	0	0
S(5,5)Contrast	662.58793	0	0	0	0	0	0	0	0	0	0	0	0	0	0	0
S(5,5)Correlat	-0.00095950677	0	0	0	0	0	0	0	0	0	0	0	0	0	0	0
S(5,5)SumOfSqs	330.97639	0	0	0	0	0	0	0	0	0	0	0	0	0	0	0
S(5,5)InvDfMom	0.04727356	0	0	0	0	0	0	0	0	0	0	0	0	0	0	0
S(5,5)SumAverg	66.515008	0	0	0	0	0	0	0	0	0	0	0	0	0	0	0
S(5,5)SumVarnc	661.31763	0	0	0	0	0	0	0	0	0	0	0	0	0	0	0
S(5,5)SumEntrp	2.01639	0	0	0	0	0	0	0	0	0	0	0	0	0	0	0
S(5,5)Entropy	3.6020351	0	0	0	0	0	0	0	0	0	0	0	0	0	0	0
S(5,5)DifVarnc	220.10871	0	0	0	0	0	0	0	0	0	0	0	0	0	0	0
S(5,5)DifEntrp	1.7213973	0	0	0	0	0	0	0	0	0	0	0	0	0	0	0
_Area_S(5,-5)	126002	0	0	0	0	0	0	0	0	0	0	0	0	0	0	0
S(5,-5)AngScMom	0.00025590067	0	0	0	0	0	0	0	0	0	0	0	0	0	0	0
S(5,-5)Contrast	663.51728	0	0	0	0	0	0	0	0	0	0	0	0	0	0	0
S(5,-5)Correlat	-0.0025791622	0	0	0	0	0	0	0	0	0	0	0	0	0	0	0
S(5,-5)SumOfSqs	330.90518	0	0	0	0	0	0	0	0	0	0	0	0	0	0	0
S(5,-5)InvDfMom	0.046114947	0	0	0	0	0	0	0	0	0	0	0	0	0	0	0
S(5,-5)SumAverg	66.509008	0	0	0	0	0	0	0	0	0	0	0	0	0	0	0
S(5,-5)SumVarnc	660.10344	0	0	0	0	0	0	0	0	0	0	0	0	0	0	0
S(5,-5)SumEntrp	2.0161873	0	0	0	0	0	0	0	0	0	0	0	0	0	0	0
S(5,-5)Entropy	3.6017978	0	0	0	0	0	0	0	0	0	0	0	0	0	0	0
S(5,-5)DifVarnc	220.85507	0	0	0	0	0	0	0	0	0	0	0	0	0	0	0
S(5,-5)DifEntrp	1.721429	0	0	0	0	0	0	0	0	0	0	0	0	0	0	0
Horzl_RLNonUni	62380.671	0	0	0	0	0	0	0	0	0	0	0	0	0	0	0
Horzl_GLevNonU	1014.309	0	0	0	0	0	0	0	0	0	0	0	0	0	0	0
Horzl_LngREmph	1.051214	0	0	0	0	0	0	0	0	0	0	0	0	0	0	0
Horzl_ShrtREmp	0.98768025	0	0	0	0	0	0	0	0	0	0	0	0	0	0	0
Horzl_Fraction	0.98350525	0	0	0	0	0	0	0	0	0	0	0	0	0	0	0
Vertl_RLNonUni	62617.546	0	0	0	0	0	0	0	0	0	0	0	0	0	0	0
Vertl_GLevNonU	1015.7975	0	0	0	0	0	0	0	0	0	0	0	0	0	0	0
Vertl_LngREmph	1.0461982	0	0	0	0	0	0	0	0	0	0	0	0	0	0	0
Vertl_ShrtREmp	0.98859731	0	0	0	0	0	0	0	0	0	0	0	0	0	0	0
Vertl_Fraction	0.98492432	0	0	0	0	0	0	0	0	0	0	0	0	0	0	0
45dgr_RLNonUni	62658.116	0	0	0	0	0	0	0	0	0	0	0	0	0	0	0
45dgr_GLevNonU	1015.8978	0	0	0	0	0	0	0	0	0	0	0	0	0	0	0
45dgr_LngREmph	1.0462868	0	0	0	0	0	0	0	0	0	0	0	0	0	0	0
45dgr_ShrtREmp	0.98878168	0	0	0	0	0	0	0	0	0	0	0	0	0	0	0
45dgr_Fraction	0.98501587	0	0	0	0	0	0	0	0	0	0	0	0	0	0	0
135dr_RLNonUni	62465.334	0	0	0	0	0	0	0	0	0	0	0	0	0	0	0
135dr_GLevNonU	1014.8985	0	0	0	0	0	0	0	0	0	0	0	0	0	0	0
135dr_LngREmph	1.0491076	0	0	0	0	0	0	0	0	0	0	0	0	0	0	0
135dr_ShrtREmp	0.98799876	0	0	0	0	0	0	0	0	0	0	0	0	0	0	0
135dr_Fraction	0.98405457	0	0	0	0	0	0	0	0	0	0	0	0	0	0	0
_AreaGr	64516	0	0	0	0	0	0	0	0	0	0	0	0	0	0	0
GrMean	8.2071538	0	0	0	0	0	0	0	0	0	0	0	0	0	0	0
GrVariance	15.215104	0	0	0	0	0	0	0	0	0	0	0	0	0	0	0
GrSkewness	0.17822991	0	0	0	0	0	0	0	0	0	0	0	0	0	0	0
GrKurtosis	-0.66954326	0	0	0	0	0	0	0	0	0	0	0	0	0	0	0
GrNonZeros	0.99646599	0	0	0	0	0	0	0	0	0	0	0	0	0	0	0
_AreaARM	64770	0	0	0	0	0	0	0	0	0	0	0	0	0	0	0
Teta1	0.013269593	0	0	0	0	0	0	0	0	0	0	0	0	0	0	0
Teta2	0.0013494742	0	0	0	0	0	0	0	0	0	0	0	0	0	0	0
Teta3	-0.0048088189	0	0	0	0	0	0	0	0	0	0	0	0	0	0	0
Teta4	-0.00014358693	0	0	0	0	0	0	0	0	0	0	0	0	0	0	0
Sigma	0.99912782	0	0	0	0	0	0	0	0	0	0	0	0	0	0	0
WavEnLL_s-1	18368.565	0	0	0	0	0	0	0	0	0	0	0	0	0	0	0
WavEnLH_s-1	1362.0215	0	0	0	0	0	0	0	0	0	0	0	0	0	0	0
WavEnHL_s-1	1295.0779	0	0	0	0	0	0	0	0	0	0	0	0	0	0	0
WavEnHH_s-1	1308.7513	0	0	0	0	0	0	0	0	0	0	0	0	0	0	0
WavEnLL_s-2	17369.757	0	0	0	0	0	0	0	0	0	0	0	0	0	0	0
WavEnLH_s-2	341.36464	0	0	0	0	0	0	0	0	0	0	0	0	0	0	0
WavEnHL_s-2	323.34097	0	0	0	0	0	0	0	0	0	0	0	0	0	0	0
WavEnHH_s-2	334.10287	0	0	0	0	0	0	0	0	0	0	0	0	0	0	0
WavEnLL_s-3	17116.579	0	0	0	0	0	0	0	0	0	0	0	0	0	0	0
WavEnLH_s-3	89.757473	0	0	0	0	0	0	0	0	0	0	0	0	0	0	0
WavEnHL_s-3	81.274571	0	0	0	0	0	0	0	0	0	0	0	0	0	0	0
WavEnHH_s-3	82.145724	0	0	0	0	0	0	0	0	0	0	0	0	0	0	0
WavEnLL_s-4	17054.979	0	0	0	0	0	0	0	0	0	0	0	0	0	0	0
WavEnLH_s-4	21.079246	0	0	0	0	0	0	0	0	0	0	0	0	0	0	0
WavEnHL_s-4	20.980999	0	0	0	0	0	0	0	0	0	0	0	0	0	0	0
WavEnHH_s-4	19.539866	0	0	0	0	0	0	0	0	0	0	0	0	0	0	0
