Image File: seat2-a-p035.png 
ROI File: allred.roi 
Image size: 256 x 256
Min. lum.: 1
Max. lum.: 256
Bits/pixel: 8

Normalisation =  No
Histogram analysis = Yes
CO matrix analysis = Yes, Dimensions = 6 x 6, Distances = 1 2 3 4 5
RL matrix analysis = Yes, Dimension = 6
Gradient analysis = Yes, Max pixel value = 16
AR model analysis = Yes
Wavelet analysis = Yes

--------------- CLASS NAMES ----------------

----------------- FEATURES -----------------
_Area	65536	0	0	0	0	0	0	0	0	0	0	0	0	0	0	0
Mean	130.00552	0	0	0	0	0	0	0	0	0	0	0	0	0	0	0
Variance	5361.5387	0	0	0	0	0	0	0	0	0	0	0	0	0	0	0
Skewness	-0.0096259844	0	0	0	0	0	0	0	0	0	0	0	0	0	0	0
Kurtosis	-1.186174	0	0	0	0	0	0	0	0	0	0	0	0	0	0	0
Perc.01%	4	0	0	0	0	0	0	0	0	0	0	0	0	0	0	0
Perc.10%	29	0	0	0	0	0	0	0	0	0	0	0	0	0	0	0
Perc.50%	131	0	0	0	0	0	0	0	0	0	0	0	0	0	0	0
Perc.90%	232	0	0	0	0	0	0	0	0	0	0	0	0	0	0	0
Perc.99%	254	0	0	0	0	0	0	0	0	0	0	0	0	0	0	0
_Area_S(1,0)	130560	0	0	0	0	0	0	0	0	0	0	0	0	0	0	0
S(1,0)AngScMom	0.00025407732	0	0	0	0	0	0	0	0	0	0	0	0	0	0	0
S(1,0)Contrast	666.04724	0	0	0	0	0	0	0	0	0	0	0	0	0	0	0
S(1,0)Correlat	0.0056983457	0	0	0	0	0	0	0	0	0	0	0	0	0	0	0
S(1,0)SumOfSqs	334.93218	0	0	0	0	0	0	0	0	0	0	0	0	0	0	0
S(1,0)InvDfMom	0.046946139	0	0	0	0	0	0	0	0	0	0	0	0	0	0	0
S(1,0)SumAverg	65.73894	0	0	0	0	0	0	0	0	0	0	0	0	0	0	0
S(1,0)SumVarnc	673.68148	0	0	0	0	0	0	0	0	0	0	0	0	0	0	0
S(1,0)SumEntrp	2.0207197	0	0	0	0	0	0	0	0	0	0	0	0	0	0	0
S(1,0)Entropy	3.6034659	0	0	0	0	0	0	0	0	0	0	0	0	0	0	0
S(1,0)DifVarnc	221.5403	0	0	0	0	0	0	0	0	0	0	0	0	0	0	0
S(1,0)DifEntrp	1.72229	0	0	0	0	0	0	0	0	0	0	0	0	0	0	0
_Area_S(0,1)	130560	0	0	0	0	0	0	0	0	0	0	0	0	0	0	0
S(0,1)AngScMom	0.00025357268	0	0	0	0	0	0	0	0	0	0	0	0	0	0	0
S(0,1)Contrast	671.054	0	0	0	0	0	0	0	0	0	0	0	0	0	0	0
S(0,1)Correlat	-0.00212217	0	0	0	0	0	0	0	0	0	0	0	0	0	0	0
S(0,1)SumOfSqs	334.81646	0	0	0	0	0	0	0	0	0	0	0	0	0	0	0
S(0,1)InvDfMom	0.04660354	0	0	0	0	0	0	0	0	0	0	0	0	0	0	0
S(0,1)SumAverg	65.755591	0	0	0	0	0	0	0	0	0	0	0	0	0	0	0
S(0,1)SumVarnc	668.21185	0	0	0	0	0	0	0	0	0	0	0	0	0	0	0
S(0,1)SumEntrp	2.0188261	0	0	0	0	0	0	0	0	0	0	0	0	0	0	0
S(0,1)Entropy	3.6038992	0	0	0	0	0	0	0	0	0	0	0	0	0	0	0
S(0,1)DifVarnc	223.14359	0	0	0	0	0	0	0	0	0	0	0	0	0	0	0
S(0,1)DifEntrp	1.7237175	0	0	0	0	0	0	0	0	0	0	0	0	0	0	0
_Area_S(1,1)	130050	0	0	0	0	0	0	0	0	0	0	0	0	0	0	0
S(1,1)AngScMom	0.00025368458	0	0	0	0	0	0	0	0	0	0	0	0	0	0	0
S(1,1)Contrast	668.71706	0	0	0	0	0	0	0	0	0	0	0	0	0	0	0
S(1,1)Correlat	0.0012779633	0	0	0	0	0	0	0	0	0	0	0	0	0	0	0
S(1,1)SumOfSqs	334.78638	0	0	0	0	0	0	0	0	0	0	0	0	0	0	0
S(1,1)InvDfMom	0.047304208	0	0	0	0	0	0	0	0	0	0	0	0	0	0	0
S(1,1)SumAverg	65.751557	0	0	0	0	0	0	0	0	0	0	0	0	0	0	0
S(1,1)SumVarnc	670.42844	0	0	0	0	0	0	0	0	0	0	0	0	0	0	0
S(1,1)SumEntrp	2.0192939	0	0	0	0	0	0	0	0	0	0	0	0	0	0	0
S(1,1)Entropy	3.6038307	0	0	0	0	0	0	0	0	0	0	0	0	0	0	0
S(1,1)DifVarnc	222.19938	0	0	0	0	0	0	0	0	0	0	0	0	0	0	0
S(1,1)DifEntrp	1.7228106	0	0	0	0	0	0	0	0	0	0	0	0	0	0	0
_Area_S(1,-1)	130050	0	0	0	0	0	0	0	0	0	0	0	0	0	0	0
S(1,-1)AngScMom	0.00025350011	0	0	0	0	0	0	0	0	0	0	0	0	0	0	0
S(1,-1)Contrast	669.09659	0	0	0	0	0	0	0	0	0	0	0	0	0	0	0
S(1,-1)Correlat	0.0007083668	0	0	0	0	0	0	0	0	0	0	0	0	0	0	0
S(1,-1)SumOfSqs	334.78545	0	0	0	0	0	0	0	0	0	0	0	0	0	0	0
S(1,-1)InvDfMom	0.046812171	0	0	0	0	0	0	0	0	0	0	0	0	0	0	0
S(1,-1)SumAverg	65.751326	0	0	0	0	0	0	0	0	0	0	0	0	0	0	0
S(1,-1)SumVarnc	670.0452	0	0	0	0	0	0	0	0	0	0	0	0	0	0	0
S(1,-1)SumEntrp	2.0193066	0	0	0	0	0	0	0	0	0	0	0	0	0	0	0
S(1,-1)Entropy	3.6040388	0	0	0	0	0	0	0	0	0	0	0	0	0	0	0
S(1,-1)DifVarnc	223.61885	0	0	0	0	0	0	0	0	0	0	0	0	0	0	0
S(1,-1)DifEntrp	1.7231017	0	0	0	0	0	0	0	0	0	0	0	0	0	0	0
_Area_S(2,0)	130048	0	0	0	0	0	0	0	0	0	0	0	0	0	0	0
S(2,0)AngScMom	0.00025324136	0	0	0	0	0	0	0	0	0	0	0	0	0	0	0
S(2,0)Contrast	662.43925	0	0	0	0	0	0	0	0	0	0	0	0	0	0	0
S(2,0)Correlat	0.011130777	0	0	0	0	0	0	0	0	0	0	0	0	0	0	0
S(2,0)SumOfSqs	334.94786	0	0	0	0	0	0	0	0	0	0	0	0	0	0	0
S(2,0)InvDfMom	0.047840368	0	0	0	0	0	0	0	0	0	0	0	0	0	0	0
S(2,0)SumAverg	65.740988	0	0	0	0	0	0	0	0	0	0	0	0	0	0	0
S(2,0)SumVarnc	677.35217	0	0	0	0	0	0	0	0	0	0	0	0	0	0	0
S(2,0)SumEntrp	2.0216671	0	0	0	0	0	0	0	0	0	0	0	0	0	0	0
S(2,0)Entropy	3.604243	0	0	0	0	0	0	0	0	0	0	0	0	0	0	0
S(2,0)DifVarnc	220.9353	0	0	0	0	0	0	0	0	0	0	0	0	0	0	0
S(2,0)DifEntrp	1.7211547	0	0	0	0	0	0	0	0	0	0	0	0	0	0	0
_Area_S(0,2)	130048	0	0	0	0	0	0	0	0	0	0	0	0	0	0	0
S(0,2)AngScMom	0.00025349927	0	0	0	0	0	0	0	0	0	0	0	0	0	0	0
S(0,2)Contrast	669.23684	0	0	0	0	0	0	0	0	0	0	0	0	0	0	0
S(0,2)Correlat	0.00023877635	0	0	0	0	0	0	0	0	0	0	0	0	0	0	0
S(0,2)SumOfSqs	334.69834	0	0	0	0	0	0	0	0	0	0	0	0	0	0	0
S(0,2)InvDfMom	0.047472595	0	0	0	0	0	0	0	0	0	0	0	0	0	0	0
S(0,2)SumAverg	65.743633	0	0	0	0	0	0	0	0	0	0	0	0	0	0	0
S(0,2)SumVarnc	669.55651	0	0	0	0	0	0	0	0	0	0	0	0	0	0	0
S(0,2)SumEntrp	2.0192506	0	0	0	0	0	0	0	0	0	0	0	0	0	0	0
S(0,2)Entropy	3.6039706	0	0	0	0	0	0	0	0	0	0	0	0	0	0	0
S(0,2)DifVarnc	222.94782	0	0	0	0	0	0	0	0	0	0	0	0	0	0	0
S(0,2)DifEntrp	1.7233368	0	0	0	0	0	0	0	0	0	0	0	0	0	0	0
_Area_S(2,2)	129032	0	0	0	0	0	0	0	0	0	0	0	0	0	0	0
S(2,2)AngScMom	0.00025355594	0	0	0	0	0	0	0	0	0	0	0	0	0	0	0
S(2,2)Contrast	666.8921	0	0	0	0	0	0	0	0	0	0	0	0	0	0	0
S(2,2)Correlat	0.0037184424	0	0	0	0	0	0	0	0	0	0	0	0	0	0	0
S(2,2)SumOfSqs	334.69058	0	0	0	0	0	0	0	0	0	0	0	0	0	0	0
S(2,2)InvDfMom	0.047489456	0	0	0	0	0	0	0	0	0	0	0	0	0	0	0
S(2,2)SumAverg	65.741227	0	0	0	0	0	0	0	0	0	0	0	0	0	0	0
S(2,2)SumVarnc	671.87021	0	0	0	0	0	0	0	0	0	0	0	0	0	0	0
S(2,2)SumEntrp	2.0194252	0	0	0	0	0	0	0	0	0	0	0	0	0	0	0
S(2,2)Entropy	3.6038886	0	0	0	0	0	0	0	0	0	0	0	0	0	0	0
S(2,2)DifVarnc	222.82121	0	0	0	0	0	0	0	0	0	0	0	0	0	0	0
S(2,2)DifEntrp	1.7224227	0	0	0	0	0	0	0	0	0	0	0	0	0	0	0
_Area_S(2,-2)	129032	0	0	0	0	0	0	0	0	0	0	0	0	0	0	0
S(2,-2)AngScMom	0.00025379126	0	0	0	0	0	0	0	0	0	0	0	0	0	0	0
S(2,-2)Contrast	668.5428	0	0	0	0	0	0	0	0	0	0	0	0	0	0	0
S(2,-2)Correlat	0.001221044	0	0	0	0	0	0	0	0	0	0	0	0	0	0	0
S(2,-2)SumOfSqs	334.68006	0	0	0	0	0	0	0	0	0	0	0	0	0	0	0
S(2,-2)InvDfMom	0.047666205	0	0	0	0	0	0	0	0	0	0	0	0	0	0	0
S(2,-2)SumAverg	65.741599	0	0	0	0	0	0	0	0	0	0	0	0	0	0	0
S(2,-2)SumVarnc	670.17743	0	0	0	0	0	0	0	0	0	0	0	0	0	0	0
S(2,-2)SumEntrp	2.0193	0	0	0	0	0	0	0	0	0	0	0	0	0	0	0
S(2,-2)Entropy	3.6037059	0	0	0	0	0	0	0	0	0	0	0	0	0	0	0
S(2,-2)DifVarnc	222.89091	0	0	0	0	0	0	0	0	0	0	0	0	0	0	0
S(2,-2)DifEntrp	1.7229158	0	0	0	0	0	0	0	0	0	0	0	0	0	0	0
_Area_S(3,0)	129536	0	0	0	0	0	0	0	0	0	0	0	0	0	0	0
S(3,0)AngScMom	0.00025370022	0	0	0	0	0	0	0	0	0	0	0	0	0	0	0
S(3,0)Contrast	666.18609	0	0	0	0	0	0	0	0	0	0	0	0	0	0	0
S(3,0)Correlat	0.0054311565	0	0	0	0	0	0	0	0	0	0	0	0	0	0	0
S(3,0)SumOfSqs	334.91201	0	0	0	0	0	0	0	0	0	0	0	0	0	0	0
S(3,0)InvDfMom	0.047248399	0	0	0	0	0	0	0	0	0	0	0	0	0	0	0
S(3,0)SumAverg	65.75054	0	0	0	0	0	0	0	0	0	0	0	0	0	0	0
S(3,0)SumVarnc	673.46193	0	0	0	0	0	0	0	0	0	0	0	0	0	0	0
S(3,0)SumEntrp	2.0203699	0	0	0	0	0	0	0	0	0	0	0	0	0	0	0
S(3,0)Entropy	3.6038044	0	0	0	0	0	0	0	0	0	0	0	0	0	0	0
S(3,0)DifVarnc	223.37046	0	0	0	0	0	0	0	0	0	0	0	0	0	0	0
S(3,0)DifEntrp	1.7220253	0	0	0	0	0	0	0	0	0	0	0	0	0	0	0
_Area_S(0,3)	129536	0	0	0	0	0	0	0	0	0	0	0	0	0	0	0
S(0,3)AngScMom	0.00025316505	0	0	0	0	0	0	0	0	0	0	0	0	0	0	0
S(0,3)Contrast	669.53337	0	0	0	0	0	0	0	0	0	0	0	0	0	0	0
S(0,3)Correlat	-0.00023269827	0	0	0	0	0	0	0	0	0	0	0	0	0	0	0
S(0,3)SumOfSqs	334.6888	0	0	0	0	0	0	0	0	0	0	0	0	0	0	0
S(0,3)InvDfMom	0.046456543	0	0	0	0	0	0	0	0	0	0	0	0	0	0	0
S(0,3)SumAverg	65.745322	0	0	0	0	0	0	0	0	0	0	0	0	0	0	0
S(0,3)SumVarnc	669.22184	0	0	0	0	0	0	0	0	0	0	0	0	0	0	0
S(0,3)SumEntrp	2.0190694	0	0	0	0	0	0	0	0	0	0	0	0	0	0	0
S(0,3)Entropy	3.6043127	0	0	0	0	0	0	0	0	0	0	0	0	0	0	0
S(0,3)DifVarnc	222.94217	0	0	0	0	0	0	0	0	0	0	0	0	0	0	0
S(0,3)DifEntrp	1.7232765	0	0	0	0	0	0	0	0	0	0	0	0	0	0	0
_Area_S(3,3)	128018	0	0	0	0	0	0	0	0	0	0	0	0	0	0	0
S(3,3)AngScMom	0.00025357187	0	0	0	0	0	0	0	0	0	0	0	0	0	0	0
S(3,3)Contrast	664.23915	0	0	0	0	0	0	0	0	0	0	0	0	0	0	0
S(3,3)Correlat	0.0075692297	0	0	0	0	0	0	0	0	0	0	0	0	0	0	0
S(3,3)SumOfSqs	334.65264	0	0	0	0	0	0	0	0	0	0	0	0	0	0	0
S(3,3)InvDfMom	0.047264206	0	0	0	0	0	0	0	0	0	0	0	0	0	0	0
S(3,3)SumAverg	65.752254	0	0	0	0	0	0	0	0	0	0	0	0	0	0	0
S(3,3)SumVarnc	674.3714	0	0	0	0	0	0	0	0	0	0	0	0	0	0	0
S(3,3)SumEntrp	2.0203569	0	0	0	0	0	0	0	0	0	0	0	0	0	0	0
S(3,3)Entropy	3.6039402	0	0	0	0	0	0	0	0	0	0	0	0	0	0	0
S(3,3)DifVarnc	222.99175	0	0	0	0	0	0	0	0	0	0	0	0	0	0	0
S(3,3)DifEntrp	1.7213139	0	0	0	0	0	0	0	0	0	0	0	0	0	0	0
_Area_S(3,-3)	128018	0	0	0	0	0	0	0	0	0	0	0	0	0	0	0
S(3,-3)AngScMom	0.00025352928	0	0	0	0	0	0	0	0	0	0	0	0	0	0	0
S(3,-3)Contrast	664.54703	0	0	0	0	0	0	0	0	0	0	0	0	0	0	0
S(3,-3)Correlat	0.0070180079	0	0	0	0	0	0	0	0	0	0	0	0	0	0	0
S(3,-3)SumOfSqs	334.6219	0	0	0	0	0	0	0	0	0	0	0	0	0	0	0
S(3,-3)InvDfMom	0.048221427	0	0	0	0	0	0	0	0	0	0	0	0	0	0	0
S(3,-3)SumAverg	65.752707	0	0	0	0	0	0	0	0	0	0	0	0	0	0	0
S(3,-3)SumVarnc	673.94055	0	0	0	0	0	0	0	0	0	0	0	0	0	0	0
S(3,-3)SumEntrp	2.020598	0	0	0	0	0	0	0	0	0	0	0	0	0	0	0
S(3,-3)Entropy	3.6039738	0	0	0	0	0	0	0	0	0	0	0	0	0	0	0
S(3,-3)DifVarnc	221.87619	0	0	0	0	0	0	0	0	0	0	0	0	0	0	0
S(3,-3)DifEntrp	1.7217541	0	0	0	0	0	0	0	0	0	0	0	0	0	0	0
_Area_S(4,0)	129024	0	0	0	0	0	0	0	0	0	0	0	0	0	0	0
S(4,0)AngScMom	0.00025344562	0	0	0	0	0	0	0	0	0	0	0	0	0	0	0
S(4,0)Contrast	667.7975	0	0	0	0	0	0	0	0	0	0	0	0	0	0	0
S(4,0)Correlat	0.0033953426	0	0	0	0	0	0	0	0	0	0	0	0	0	0	0
S(4,0)SumOfSqs	335.03631	0	0	0	0	0	0	0	0	0	0	0	0	0	0	0
S(4,0)InvDfMom	0.047089795	0	0	0	0	0	0	0	0	0	0	0	0	0	0	0
S(4,0)SumAverg	65.754185	0	0	0	0	0	0	0	0	0	0	0	0	0	0	0
S(4,0)SumVarnc	672.34775	0	0	0	0	0	0	0	0	0	0	0	0	0	0	0
S(4,0)SumEntrp	2.0200276	0	0	0	0	0	0	0	0	0	0	0	0	0	0	0
S(4,0)Entropy	3.604012	0	0	0	0	0	0	0	0	0	0	0	0	0	0	0
S(4,0)DifVarnc	222.65108	0	0	0	0	0	0	0	0	0	0	0	0	0	0	0
S(4,0)DifEntrp	1.7227476	0	0	0	0	0	0	0	0	0	0	0	0	0	0	0
_Area_S(0,4)	129024	0	0	0	0	0	0	0	0	0	0	0	0	0	0	0
S(0,4)AngScMom	0.00025369082	0	0	0	0	0	0	0	0	0	0	0	0	0	0	0
S(0,4)Contrast	672.34676	0	0	0	0	0	0	0	0	0	0	0	0	0	0	0
S(0,4)Correlat	-0.0043856357	0	0	0	0	0	0	0	0	0	0	0	0	0	0	0
S(0,4)SumOfSqs	334.70548	0	0	0	0	0	0	0	0	0	0	0	0	0	0	0
S(0,4)InvDfMom	0.04637501	0	0	0	0	0	0	0	0	0	0	0	0	0	0	0
S(0,4)SumAverg	65.746683	0	0	0	0	0	0	0	0	0	0	0	0	0	0	0
S(0,4)SumVarnc	666.47517	0	0	0	0	0	0	0	0	0	0	0	0	0	0	0
S(0,4)SumEntrp	2.0185126	0	0	0	0	0	0	0	0	0	0	0	0	0	0	0
S(0,4)Entropy	3.6037915	0	0	0	0	0	0	0	0	0	0	0	0	0	0	0
S(0,4)DifVarnc	223.72688	0	0	0	0	0	0	0	0	0	0	0	0	0	0	0
S(0,4)DifEntrp	1.7237548	0	0	0	0	0	0	0	0	0	0	0	0	0	0	0
_Area_S(4,4)	127008	0	0	0	0	0	0	0	0	0	0	0	0	0	0	0
S(4,4)AngScMom	0.00025346277	0	0	0	0	0	0	0	0	0	0	0	0	0	0	0
S(4,4)Contrast	667.66325	0	0	0	0	0	0	0	0	0	0	0	0	0	0	0
S(4,4)Correlat	0.0028848949	0	0	0	0	0	0	0	0	0	0	0	0	0	0	0
S(4,4)SumOfSqs	334.79748	0	0	0	0	0	0	0	0	0	0	0	0	0	0	0
S(4,4)InvDfMom	0.047006668	0	0	0	0	0	0	0	0	0	0	0	0	0	0	0
S(4,4)SumAverg	65.757669	0	0	0	0	0	0	0	0	0	0	0	0	0	0	0
S(4,4)SumVarnc	671.52667	0	0	0	0	0	0	0	0	0	0	0	0	0	0	0
S(4,4)SumEntrp	2.0194839	0	0	0	0	0	0	0	0	0	0	0	0	0	0	0
S(4,4)Entropy	3.6040392	0	0	0	0	0	0	0	0	0	0	0	0	0	0	0
S(4,4)DifVarnc	222.24417	0	0	0	0	0	0	0	0	0	0	0	0	0	0	0
S(4,4)DifEntrp	1.7226141	0	0	0	0	0	0	0	0	0	0	0	0	0	0	0
_Area_S(4,-4)	127008	0	0	0	0	0	0	0	0	0	0	0	0	0	0	0
S(4,-4)AngScMom	0.00025392262	0	0	0	0	0	0	0	0	0	0	0	0	0	0	0
S(4,-4)Contrast	671.76923	0	0	0	0	0	0	0	0	0	0	0	0	0	0	0
S(4,-4)Correlat	-0.0033648873	0	0	0	0	0	0	0	0	0	0	0	0	0	0	0
S(4,-4)SumOfSqs	334.75819	0	0	0	0	0	0	0	0	0	0	0	0	0	0	0
S(4,-4)InvDfMom	0.04716372	0	0	0	0	0	0	0	0	0	0	0	0	0	0	0
S(4,-4)SumAverg	65.758047	0	0	0	0	0	0	0	0	0	0	0	0	0	0	0
S(4,-4)SumVarnc	667.26353	0	0	0	0	0	0	0	0	0	0	0	0	0	0	0
S(4,-4)SumEntrp	2.0184137	0	0	0	0	0	0	0	0	0	0	0	0	0	0	0
S(4,-4)Entropy	3.6036226	0	0	0	0	0	0	0	0	0	0	0	0	0	0	0
S(4,-4)DifVarnc	224.54304	0	0	0	0	0	0	0	0	0	0	0	0	0	0	0
S(4,-4)DifEntrp	1.7239136	0	0	0	0	0	0	0	0	0	0	0	0	0	0	0
_Area_S(5,0)	128512	0	0	0	0	0	0	0	0	0	0	0	0	0	0	0
S(5,0)AngScMom	0.00025374612	0	0	0	0	0	0	0	0	0	0	0	0	0	0	0
S(5,0)Contrast	666.48282	0	0	0	0	0	0	0	0	0	0	0	0	0	0	0
S(5,0)Correlat	0.0054738636	0	0	0	0	0	0	0	0	0	0	0	0	0	0	0
S(5,0)SumOfSqs	335.07557	0	0	0	0	0	0	0	0	0	0	0	0	0	0	0
S(5,0)InvDfMom	0.047537042	0	0	0	0	0	0	0	0	0	0	0	0	0	0	0
S(5,0)SumAverg	65.752459	0	0	0	0	0	0	0	0	0	0	0	0	0	0	0
S(5,0)SumVarnc	673.81945	0	0	0	0	0	0	0	0	0	0	0	0	0	0	0
S(5,0)SumEntrp	2.0204981	0	0	0	0	0	0	0	0	0	0	0	0	0	0	0
S(5,0)Entropy	3.6037636	0	0	0	0	0	0	0	0	0	0	0	0	0	0	0
S(5,0)DifVarnc	222.54442	0	0	0	0	0	0	0	0	0	0	0	0	0	0	0
S(5,0)DifEntrp	1.7221517	0	0	0	0	0	0	0	0	0	0	0	0	0	0	0
_Area_S(0,5)	128512	0	0	0	0	0	0	0	0	0	0	0	0	0	0	0
S(0,5)AngScMom	0.00025391239	0	0	0	0	0	0	0	0	0	0	0	0	0	0	0
S(0,5)Contrast	664.89514	0	0	0	0	0	0	0	0	0	0	0	0	0	0	0
S(0,5)Correlat	0.0066866744	0	0	0	0	0	0	0	0	0	0	0	0	0	0	0
S(0,5)SumOfSqs	334.6855	0	0	0	0	0	0	0	0	0	0	0	0	0	0	0
S(0,5)InvDfMom	0.047659652	0	0	0	0	0	0	0	0	0	0	0	0	0	0	0
S(0,5)SumAverg	65.754856	0	0	0	0	0	0	0	0	0	0	0	0	0	0	0
S(0,5)SumVarnc	673.84687	0	0	0	0	0	0	0	0	0	0	0	0	0	0	0
S(0,5)SumEntrp	2.0204549	0	0	0	0	0	0	0	0	0	0	0	0	0	0	0
S(0,5)Entropy	3.6036295	0	0	0	0	0	0	0	0	0	0	0	0	0	0	0
S(0,5)DifVarnc	222.16654	0	0	0	0	0	0	0	0	0	0	0	0	0	0	0
S(0,5)DifEntrp	1.7221054	0	0	0	0	0	0	0	0	0	0	0	0	0	0	0
_Area_S(5,5)	126002	0	0	0	0	0	0	0	0	0	0	0	0	0	0	0
S(5,5)AngScMom	0.00025348137	0	0	0	0	0	0	0	0	0	0	0	0	0	0	0
S(5,5)Contrast	670.54815	0	0	0	0	0	0	0	0	0	0	0	0	0	0	0
S(5,5)Correlat	-0.0013323662	0	0	0	0	0	0	0	0	0	0	0	0	0	0	0
S(5,5)SumOfSqs	334.82796	0	0	0	0	0	0	0	0	0	0	0	0	0	0	0
S(5,5)InvDfMom	0.047474854	0	0	0	0	0	0	0	0	0	0	0	0	0	0	0
S(5,5)SumAverg	65.767337	0	0	0	0	0	0	0	0	0	0	0	0	0	0	0
S(5,5)SumVarnc	668.7637	0	0	0	0	0	0	0	0	0	0	0	0	0	0	0
S(5,5)SumEntrp	2.0189617	0	0	0	0	0	0	0	0	0	0	0	0	0	0	0
S(5,5)Entropy	3.6039586	0	0	0	0	0	0	0	0	0	0	0	0	0	0	0
S(5,5)DifVarnc	223.5124	0	0	0	0	0	0	0	0	0	0	0	0	0	0	0
S(5,5)DifEntrp	1.7234853	0	0	0	0	0	0	0	0	0	0	0	0	0	0	0
_Area_S(5,-5)	126002	0	0	0	0	0	0	0	0	0	0	0	0	0	0	0
S(5,-5)AngScMom	0.0002538574	0	0	0	0	0	0	0	0	0	0	0	0	0	0	0
S(5,-5)Contrast	668.20246	0	0	0	0	0	0	0	0	0	0	0	0	0	0	0
S(5,-5)Correlat	0.0020189129	0	0	0	0	0	0	0	0	0	0	0	0	0	0	0
S(5,-5)SumOfSqs	334.77711	0	0	0	0	0	0	0	0	0	0	0	0	0	0	0
S(5,-5)InvDfMom	0.047055043	0	0	0	0	0	0	0	0	0	0	0	0	0	0	0
S(5,-5)SumAverg	65.763289	0	0	0	0	0	0	0	0	0	0	0	0	0	0	0
S(5,-5)SumVarnc	670.906	0	0	0	0	0	0	0	0	0	0	0	0	0	0	0
S(5,-5)SumEntrp	2.0197065	0	0	0	0	0	0	0	0	0	0	0	0	0	0	0
S(5,-5)Entropy	3.6036125	0	0	0	0	0	0	0	0	0	0	0	0	0	0	0
S(5,-5)DifVarnc	221.2506	0	0	0	0	0	0	0	0	0	0	0	0	0	0	0
S(5,-5)DifEntrp	1.7227329	0	0	0	0	0	0	0	0	0	0	0	0	0	0	0
Horzl_RLNonUni	62528.644	0	0	0	0	0	0	0	0	0	0	0	0	0	0	0
Horzl_GLevNonU	1011.5061	0	0	0	0	0	0	0	0	0	0	0	0	0	0	0
Horzl_LngREmph	1.0485521	0	0	0	0	0	0	0	0	0	0	0	0	0	0	0
Horzl_ShrtREmp	0.98826728	0	0	0	0	0	0	0	0	0	0	0	0	0	0	0
Horzl_Fraction	0.98431396	0	0	0	0	0	0	0	0	0	0	0	0	0	0	0
Vertl_RLNonUni	62481.357	0	0	0	0	0	0	0	0	0	0	0	0	0	0	0
Vertl_GLevNonU	1011.2633	0	0	0	0	0	0	0	0	0	0	0	0	0	0	0
Vertl_LngREmph	1.0484179	0	0	0	0	0	0	0	0	0	0	0	0	0	0	0
Vertl_ShrtREmp	0.98805057	0	0	0	0	0	0	0	0	0	0	0	0	0	0	0
Vertl_Fraction	0.98420715	0	0	0	0	0	0	0	0	0	0	0	0	0	0	0
45dgr_RLNonUni	62447.718	0	0	0	0	0	0	0	0	0	0	0	0	0	0	0
45dgr_GLevNonU	1010.9621	0	0	0	0	0	0	0	0	0	0	0	0	0	0	0
45dgr_LngREmph	1.0493913	0	0	0	0	0	0	0	0	0	0	0	0	0	0	0
45dgr_ShrtREmp	0.98792786	0	0	0	0	0	0	0	0	0	0	0	0	0	0	0
45dgr_Fraction	0.98396301	0	0	0	0	0	0	0	0	0	0	0	0	0	0	0
135dr_RLNonUni	62533.791	0	0	0	0	0	0	0	0	0	0	0	0	0	0	0
135dr_GLevNonU	1011.5098	0	0	0	0	0	0	0	0	0	0	0	0	0	0	0
135dr_LngREmph	1.0481608	0	0	0	0	0	0	0	0	0	0	0	0	0	0	0
135dr_ShrtREmp	0.98827896	0	0	0	0	0	0	0	0	0	0	0	0	0	0	0
135dr_Fraction	0.98439026	0	0	0	0	0	0	0	0	0	0	0	0	0	0	0
_AreaGr	64516	0	0	0	0	0	0	0	0	0	0	0	0	0	0	0
GrMean	8.231873	0	0	0	0	0	0	0	0	0	0	0	0	0	0	0
GrVariance	15.2624	0	0	0	0	0	0	0	0	0	0	0	0	0	0	0
GrSkewness	0.17874854	0	0	0	0	0	0	0	0	0	0	0	0	0	0	0
GrKurtosis	-0.65339827	0	0	0	0	0	0	0	0	0	0	0	0	0	0	0
GrNonZeros	0.99561349	0	0	0	0	0	0	0	0	0	0	0	0	0	0	0
_AreaARM	64770	0	0	0	0	0	0	0	0	0	0	0	0	0	0	0
Teta1	0.0043176549	0	0	0	0	0	0	0	0	0	0	0	0	0	0	0
Teta2	0.0009195394	0	0	0	0	0	0	0	0	0	0	0	0	0	0	0
Teta3	-0.0029598498	0	0	0	0	0	0	0	0	0	0	0	0	0	0	0
Teta4	0.001457688	0	0	0	0	0	0	0	0	0	0	0	0	0	0	0
Sigma	0.99941253	0	0	0	0	0	0	0	0	0	0	0	0	0	0	0
WavEnLL_s-1	17981.822	0	0	0	0	0	0	0	0	0	0	0	0	0	0	0
WavEnLH_s-1	1361.1563	0	0	0	0	0	0	0	0	0	0	0	0	0	0	0
WavEnHL_s-1	1345.6647	0	0	0	0	0	0	0	0	0	0	0	0	0	0	0
WavEnHH_s-1	1315.3207	0	0	0	0	0	0	0	0	0	0	0	0	0	0	0
WavEnLL_s-2	16979.705	0	0	0	0	0	0	0	0	0	0	0	0	0	0	0
WavEnLH_s-2	344.57086	0	0	0	0	0	0	0	0	0	0	0	0	0	0	0
WavEnHL_s-2	330.50344	0	0	0	0	0	0	0	0	0	0	0	0	0	0	0
WavEnHH_s-2	327.04284	0	0	0	0	0	0	0	0	0	0	0	0	0	0	0
WavEnLL_s-3	16730.82	0	0	0	0	0	0	0	0	0	0	0	0	0	0	0
WavEnLH_s-3	83.931159	0	0	0	0	0	0	0	0	0	0	0	0	0	0	0
WavEnHL_s-3	83.447667	0	0	0	0	0	0	0	0	0	0	0	0	0	0	0
WavEnHH_s-3	81.506384	0	0	0	0	0	0	0	0	0	0	0	0	0	0	0
WavEnLL_s-4	16666.314	0	0	0	0	0	0	0	0	0	0	0	0	0	0	0
WavEnLH_s-4	23.486141	0	0	0	0	0	0	0	0	0	0	0	0	0	0	0
WavEnHL_s-4	21.039364	0	0	0	0	0	0	0	0	0	0	0	0	0	0	0
WavEnHH_s-4	19.979843	0	0	0	0	0	0	0	0	0	0	0	0	0	0	0
