Image File: seat2-a-p016.png 
ROI File: allred.roi 
Image size: 256 x 256
Min. lum.: 1
Max. lum.: 256
Bits/pixel: 8

Normalisation =  No
Histogram analysis = Yes
CO matrix analysis = Yes, Dimensions = 6 x 6, Distances = 1 2 3 4 5
RL matrix analysis = Yes, Dimension = 6
Gradient analysis = Yes, Max pixel value = 16
AR model analysis = Yes
Wavelet analysis = Yes

--------------- CLASS NAMES ----------------

----------------- FEATURES -----------------
_Area	65536	0	0	0	0	0	0	0	0	0	0	0	0	0	0	0
Mean	130.8244	0	0	0	0	0	0	0	0	0	0	0	0	0	0	0
Variance	5372.4761	0	0	0	0	0	0	0	0	0	0	0	0	0	0	0
Skewness	-0.017662897	0	0	0	0	0	0	0	0	0	0	0	0	0	0	0
Kurtosis	-1.1908007	0	0	0	0	0	0	0	0	0	0	0	0	0	0	0
Perc.01%	4	0	0	0	0	0	0	0	0	0	0	0	0	0	0	0
Perc.10%	29	0	0	0	0	0	0	0	0	0	0	0	0	0	0	0
Perc.50%	131	0	0	0	0	0	0	0	0	0	0	0	0	0	0	0
Perc.90%	232	0	0	0	0	0	0	0	0	0	0	0	0	0	0	0
Perc.99%	254	0	0	0	0	0	0	0	0	0	0	0	0	0	0	0
_Area_S(1,0)	130560	0	0	0	0	0	0	0	0	0	0	0	0	0	0	0
S(1,0)AngScMom	0.0002553791	0	0	0	0	0	0	0	0	0	0	0	0	0	0	0
S(1,0)Contrast	665.60248	0	0	0	0	0	0	0	0	0	0	0	0	0	0	0
S(1,0)Correlat	0.0088516198	0	0	0	0	0	0	0	0	0	0	0	0	0	0	0
S(1,0)SumOfSqs	335.77338	0	0	0	0	0	0	0	0	0	0	0	0	0	0	0
S(1,0)InvDfMom	0.047482555	0	0	0	0	0	0	0	0	0	0	0	0	0	0	0
S(1,0)SumAverg	66.156127	0	0	0	0	0	0	0	0	0	0	0	0	0	0	0
S(1,0)SumVarnc	677.49103	0	0	0	0	0	0	0	0	0	0	0	0	0	0	0
S(1,0)SumEntrp	2.021572	0	0	0	0	0	0	0	0	0	0	0	0	0	0	0
S(1,0)Entropy	3.6022781	0	0	0	0	0	0	0	0	0	0	0	0	0	0	0
S(1,0)DifVarnc	222.30133	0	0	0	0	0	0	0	0	0	0	0	0	0	0	0
S(1,0)DifEntrp	1.7218632	0	0	0	0	0	0	0	0	0	0	0	0	0	0	0
_Area_S(0,1)	130560	0	0	0	0	0	0	0	0	0	0	0	0	0	0	0
S(0,1)AngScMom	0.00025471536	0	0	0	0	0	0	0	0	0	0	0	0	0	0	0
S(0,1)Contrast	668.74966	0	0	0	0	0	0	0	0	0	0	0	0	0	0	0
S(0,1)Correlat	0.0035102221	0	0	0	0	0	0	0	0	0	0	0	0	0	0	0
S(0,1)SumOfSqs	335.5527	0	0	0	0	0	0	0	0	0	0	0	0	0	0	0
S(0,1)InvDfMom	0.047114089	0	0	0	0	0	0	0	0	0	0	0	0	0	0	0
S(0,1)SumAverg	66.166054	0	0	0	0	0	0	0	0	0	0	0	0	0	0	0
S(0,1)SumVarnc	673.46112	0	0	0	0	0	0	0	0	0	0	0	0	0	0	0
S(0,1)SumEntrp	2.0201297	0	0	0	0	0	0	0	0	0	0	0	0	0	0	0
S(0,1)Entropy	3.6029062	0	0	0	0	0	0	0	0	0	0	0	0	0	0	0
S(0,1)DifVarnc	223.31338	0	0	0	0	0	0	0	0	0	0	0	0	0	0	0
S(0,1)DifEntrp	1.723059	0	0	0	0	0	0	0	0	0	0	0	0	0	0	0
_Area_S(1,1)	130050	0	0	0	0	0	0	0	0	0	0	0	0	0	0	0
S(1,1)AngScMom	0.00025444435	0	0	0	0	0	0	0	0	0	0	0	0	0	0	0
S(1,1)Contrast	671.99368	0	0	0	0	0	0	0	0	0	0	0	0	0	0	0
S(1,1)Correlat	-0.0011371822	0	0	0	0	0	0	0	0	0	0	0	0	0	0	0
S(1,1)SumOfSqs	335.61518	0	0	0	0	0	0	0	0	0	0	0	0	0	0	0
S(1,1)InvDfMom	0.045932619	0	0	0	0	0	0	0	0	0	0	0	0	0	0	0
S(1,1)SumAverg	66.17767	0	0	0	0	0	0	0	0	0	0	0	0	0	0	0
S(1,1)SumVarnc	670.46706	0	0	0	0	0	0	0	0	0	0	0	0	0	0	0
S(1,1)SumEntrp	2.0192606	0	0	0	0	0	0	0	0	0	0	0	0	0	0	0
S(1,1)Entropy	3.6031322	0	0	0	0	0	0	0	0	0	0	0	0	0	0	0
S(1,1)DifVarnc	223.47456	0	0	0	0	0	0	0	0	0	0	0	0	0	0	0
S(1,1)DifEntrp	1.7238535	0	0	0	0	0	0	0	0	0	0	0	0	0	0	0
_Area_S(1,-1)	130050	0	0	0	0	0	0	0	0	0	0	0	0	0	0	0
S(1,-1)AngScMom	0.00025447451	0	0	0	0	0	0	0	0	0	0	0	0	0	0	0
S(1,-1)Contrast	669.40595	0	0	0	0	0	0	0	0	0	0	0	0	0	0	0
S(1,-1)Correlat	0.0026984466	0	0	0	0	0	0	0	0	0	0	0	0	0	0	0
S(1,-1)SumOfSqs	335.6086	0	0	0	0	0	0	0	0	0	0	0	0	0	0	0
S(1,-1)InvDfMom	0.046501384	0	0	0	0	0	0	0	0	0	0	0	0	0	0	0
S(1,-1)SumAverg	66.177286	0	0	0	0	0	0	0	0	0	0	0	0	0	0	0
S(1,-1)SumVarnc	673.02844	0	0	0	0	0	0	0	0	0	0	0	0	0	0	0
S(1,-1)SumEntrp	2.0198222	0	0	0	0	0	0	0	0	0	0	0	0	0	0	0
S(1,-1)Entropy	3.6031398	0	0	0	0	0	0	0	0	0	0	0	0	0	0	0
S(1,-1)DifVarnc	223.7672	0	0	0	0	0	0	0	0	0	0	0	0	0	0	0
S(1,-1)DifEntrp	1.7228276	0	0	0	0	0	0	0	0	0	0	0	0	0	0	0
_Area_S(2,0)	130048	0	0	0	0	0	0	0	0	0	0	0	0	0	0	0
S(2,0)AngScMom	0.00025499072	0	0	0	0	0	0	0	0	0	0	0	0	0	0	0
S(2,0)Contrast	667.73471	0	0	0	0	0	0	0	0	0	0	0	0	0	0	0
S(2,0)Correlat	0.005591309	0	0	0	0	0	0	0	0	0	0	0	0	0	0	0
S(2,0)SumOfSqs	335.74461	0	0	0	0	0	0	0	0	0	0	0	0	0	0	0
S(2,0)InvDfMom	0.047535877	0	0	0	0	0	0	0	0	0	0	0	0	0	0	0
S(2,0)SumAverg	66.157173	0	0	0	0	0	0	0	0	0	0	0	0	0	0	0
S(2,0)SumVarnc	675.24372	0	0	0	0	0	0	0	0	0	0	0	0	0	0	0
S(2,0)SumEntrp	2.0212233	0	0	0	0	0	0	0	0	0	0	0	0	0	0	0
S(2,0)Entropy	3.602661	0	0	0	0	0	0	0	0	0	0	0	0	0	0	0
S(2,0)DifVarnc	223.70017	0	0	0	0	0	0	0	0	0	0	0	0	0	0	0
S(2,0)DifEntrp	1.72211	0	0	0	0	0	0	0	0	0	0	0	0	0	0	0
_Area_S(0,2)	130048	0	0	0	0	0	0	0	0	0	0	0	0	0	0	0
S(0,2)AngScMom	0.00025434528	0	0	0	0	0	0	0	0	0	0	0	0	0	0	0
S(0,2)Contrast	668.9821	0	0	0	0	0	0	0	0	0	0	0	0	0	0	0
S(0,2)Correlat	0.0032588916	0	0	0	0	0	0	0	0	0	0	0	0	0	0	0
S(0,2)SumOfSqs	335.58468	0	0	0	0	0	0	0	0	0	0	0	0	0	0	0
S(0,2)InvDfMom	0.047870777	0	0	0	0	0	0	0	0	0	0	0	0	0	0	0
S(0,2)SumAverg	66.156773	0	0	0	0	0	0	0	0	0	0	0	0	0	0	0
S(0,2)SumVarnc	673.35664	0	0	0	0	0	0	0	0	0	0	0	0	0	0	0
S(0,2)SumEntrp	2.0200464	0	0	0	0	0	0	0	0	0	0	0	0	0	0	0
S(0,2)Entropy	3.6032168	0	0	0	0	0	0	0	0	0	0	0	0	0	0	0
S(0,2)DifVarnc	223.91383	0	0	0	0	0	0	0	0	0	0	0	0	0	0	0
S(0,2)DifEntrp	1.7230181	0	0	0	0	0	0	0	0	0	0	0	0	0	0	0
_Area_S(2,2)	129032	0	0	0	0	0	0	0	0	0	0	0	0	0	0	0
S(2,2)AngScMom	0.000254146	0	0	0	0	0	0	0	0	0	0	0	0	0	0	0
S(2,2)Contrast	667.2252	0	0	0	0	0	0	0	0	0	0	0	0	0	0	0
S(2,2)Correlat	0.0059990264	0	0	0	0	0	0	0	0	0	0	0	0	0	0	0
S(2,2)SumOfSqs	335.62603	0	0	0	0	0	0	0	0	0	0	0	0	0	0	0
S(2,2)InvDfMom	0.047973389	0	0	0	0	0	0	0	0	0	0	0	0	0	0	0
S(2,2)SumAverg	66.168067	0	0	0	0	0	0	0	0	0	0	0	0	0	0	0
S(2,2)SumVarnc	675.27892	0	0	0	0	0	0	0	0	0	0	0	0	0	0	0
S(2,2)SumEntrp	2.0205573	0	0	0	0	0	0	0	0	0	0	0	0	0	0	0
S(2,2)Entropy	3.6033614	0	0	0	0	0	0	0	0	0	0	0	0	0	0	0
S(2,2)DifVarnc	223.82039	0	0	0	0	0	0	0	0	0	0	0	0	0	0	0
S(2,2)DifEntrp	1.7221559	0	0	0	0	0	0	0	0	0	0	0	0	0	0	0
_Area_S(2,-2)	129032	0	0	0	0	0	0	0	0	0	0	0	0	0	0	0
S(2,-2)AngScMom	0.00025465893	0	0	0	0	0	0	0	0	0	0	0	0	0	0	0
S(2,-2)Contrast	670.91376	0	0	0	0	0	0	0	0	0	0	0	0	0	0	0
S(2,-2)Correlat	0.00045655768	0	0	0	0	0	0	0	0	0	0	0	0	0	0	0
S(2,-2)SumOfSqs	335.6101	0	0	0	0	0	0	0	0	0	0	0	0	0	0	0
S(2,-2)InvDfMom	0.046553277	0	0	0	0	0	0	0	0	0	0	0	0	0	0	0
S(2,-2)SumAverg	66.168237	0	0	0	0	0	0	0	0	0	0	0	0	0	0	0
S(2,-2)SumVarnc	671.52666	0	0	0	0	0	0	0	0	0	0	0	0	0	0	0
S(2,-2)SumEntrp	2.0191196	0	0	0	0	0	0	0	0	0	0	0	0	0	0	0
S(2,-2)Entropy	3.6029637	0	0	0	0	0	0	0	0	0	0	0	0	0	0	0
S(2,-2)DifVarnc	224.23448	0	0	0	0	0	0	0	0	0	0	0	0	0	0	0
S(2,-2)DifEntrp	1.72339	0	0	0	0	0	0	0	0	0	0	0	0	0	0	0
_Area_S(3,0)	129536	0	0	0	0	0	0	0	0	0	0	0	0	0	0	0
S(3,0)AngScMom	0.00025446913	0	0	0	0	0	0	0	0	0	0	0	0	0	0	0
S(3,0)Contrast	673.30436	0	0	0	0	0	0	0	0	0	0	0	0	0	0	0
S(3,0)Correlat	-0.0028346785	0	0	0	0	0	0	0	0	0	0	0	0	0	0	0
S(3,0)SumOfSqs	335.70058	0	0	0	0	0	0	0	0	0	0	0	0	0	0	0
S(3,0)InvDfMom	0.04721672	0	0	0	0	0	0	0	0	0	0	0	0	0	0	0
S(3,0)SumAverg	66.147743	0	0	0	0	0	0	0	0	0	0	0	0	0	0	0
S(3,0)SumVarnc	669.49795	0	0	0	0	0	0	0	0	0	0	0	0	0	0	0
S(3,0)SumEntrp	2.0191442	0	0	0	0	0	0	0	0	0	0	0	0	0	0	0
S(3,0)Entropy	3.6030436	0	0	0	0	0	0	0	0	0	0	0	0	0	0	0
S(3,0)DifVarnc	224.8488	0	0	0	0	0	0	0	0	0	0	0	0	0	0	0
S(3,0)DifEntrp	1.7241656	0	0	0	0	0	0	0	0	0	0	0	0	0	0	0
_Area_S(0,3)	129536	0	0	0	0	0	0	0	0	0	0	0	0	0	0	0
S(0,3)AngScMom	0.00025435399	0	0	0	0	0	0	0	0	0	0	0	0	0	0	0
S(0,3)Contrast	667.25594	0	0	0	0	0	0	0	0	0	0	0	0	0	0	0
S(0,3)Correlat	0.0059707698	0	0	0	0	0	0	0	0	0	0	0	0	0	0	0
S(0,3)SumOfSqs	335.63195	0	0	0	0	0	0	0	0	0	0	0	0	0	0	0
S(0,3)InvDfMom	0.046144948	0	0	0	0	0	0	0	0	0	0	0	0	0	0	0
S(0,3)SumAverg	66.158767	0	0	0	0	0	0	0	0	0	0	0	0	0	0	0
S(0,3)SumVarnc	675.27187	0	0	0	0	0	0	0	0	0	0	0	0	0	0	0
S(0,3)SumEntrp	2.0203522	0	0	0	0	0	0	0	0	0	0	0	0	0	0	0
S(0,3)Entropy	3.6031956	0	0	0	0	0	0	0	0	0	0	0	0	0	0	0
S(0,3)DifVarnc	223.59777	0	0	0	0	0	0	0	0	0	0	0	0	0	0	0
S(0,3)DifEntrp	1.7223788	0	0	0	0	0	0	0	0	0	0	0	0	0	0	0
_Area_S(3,3)	128018	0	0	0	0	0	0	0	0	0	0	0	0	0	0	0
S(3,3)AngScMom	0.00025468398	0	0	0	0	0	0	0	0	0	0	0	0	0	0	0
S(3,3)Contrast	671.62327	0	0	0	0	0	0	0	0	0	0	0	0	0	0	0
S(3,3)Correlat	-0.00053760082	0	0	0	0	0	0	0	0	0	0	0	0	0	0	0
S(3,3)SumOfSqs	335.6312	0	0	0	0	0	0	0	0	0	0	0	0	0	0	0
S(3,3)InvDfMom	0.047385766	0	0	0	0	0	0	0	0	0	0	0	0	0	0	0
S(3,3)SumAverg	66.160165	0	0	0	0	0	0	0	0	0	0	0	0	0	0	0
S(3,3)SumVarnc	670.90153	0	0	0	0	0	0	0	0	0	0	0	0	0	0	0
S(3,3)SumEntrp	2.0194348	0	0	0	0	0	0	0	0	0	0	0	0	0	0	0
S(3,3)Entropy	3.6028939	0	0	0	0	0	0	0	0	0	0	0	0	0	0	0
S(3,3)DifVarnc	223.87532	0	0	0	0	0	0	0	0	0	0	0	0	0	0	0
S(3,3)DifEntrp	1.7234745	0	0	0	0	0	0	0	0	0	0	0	0	0	0	0
_Area_S(3,-3)	128018	0	0	0	0	0	0	0	0	0	0	0	0	0	0	0
S(3,-3)AngScMom	0.0002544598	0	0	0	0	0	0	0	0	0	0	0	0	0	0	0
S(3,-3)Contrast	671.82851	0	0	0	0	0	0	0	0	0	0	0	0	0	0	0
S(3,-3)Correlat	-0.0009034407	0	0	0	0	0	0	0	0	0	0	0	0	0	0	0
S(3,-3)SumOfSqs	335.61105	0	0	0	0	0	0	0	0	0	0	0	0	0	0	0
S(3,-3)InvDfMom	0.046993834	0	0	0	0	0	0	0	0	0	0	0	0	0	0	0
S(3,-3)SumAverg	66.160618	0	0	0	0	0	0	0	0	0	0	0	0	0	0	0
S(3,-3)SumVarnc	670.61569	0	0	0	0	0	0	0	0	0	0	0	0	0	0	0
S(3,-3)SumEntrp	2.0192072	0	0	0	0	0	0	0	0	0	0	0	0	0	0	0
S(3,-3)Entropy	3.6030816	0	0	0	0	0	0	0	0	0	0	0	0	0	0	0
S(3,-3)DifVarnc	223.44628	0	0	0	0	0	0	0	0	0	0	0	0	0	0	0
S(3,-3)DifEntrp	1.7240129	0	0	0	0	0	0	0	0	0	0	0	0	0	0	0
_Area_S(4,0)	129024	0	0	0	0	0	0	0	0	0	0	0	0	0	0	0
S(4,0)AngScMom	0.00025399694	0	0	0	0	0	0	0	0	0	0	0	0	0	0	0
S(4,0)Contrast	676.5465	0	0	0	0	0	0	0	0	0	0	0	0	0	0	0
S(4,0)Correlat	-0.0076869304	0	0	0	0	0	0	0	0	0	0	0	0	0	0	0
S(4,0)SumOfSqs	335.6928	0	0	0	0	0	0	0	0	0	0	0	0	0	0	0
S(4,0)InvDfMom	0.045741144	0	0	0	0	0	0	0	0	0	0	0	0	0	0	0
S(4,0)SumAverg	66.153863	0	0	0	0	0	0	0	0	0	0	0	0	0	0	0
S(4,0)SumVarnc	666.22471	0	0	0	0	0	0	0	0	0	0	0	0	0	0	0
S(4,0)SumEntrp	2.018012	0	0	0	0	0	0	0	0	0	0	0	0	0	0	0
S(4,0)Entropy	3.6034946	0	0	0	0	0	0	0	0	0	0	0	0	0	0	0
S(4,0)DifVarnc	223.64435	0	0	0	0	0	0	0	0	0	0	0	0	0	0	0
S(4,0)DifEntrp	1.7249001	0	0	0	0	0	0	0	0	0	0	0	0	0	0	0
_Area_S(0,4)	129024	0	0	0	0	0	0	0	0	0	0	0	0	0	0	0
S(0,4)AngScMom	0.00025482795	0	0	0	0	0	0	0	0	0	0	0	0	0	0	0
S(0,4)Contrast	671.44333	0	0	0	0	0	0	0	0	0	0	0	0	0	0	0
S(0,4)Correlat	-0.00052213392	0	0	0	0	0	0	0	0	0	0	0	0	0	0	0
S(0,4)SumOfSqs	335.54646	0	0	0	0	0	0	0	0	0	0	0	0	0	0	0
S(0,4)InvDfMom	0.045778114	0	0	0	0	0	0	0	0	0	0	0	0	0	0	0
S(0,4)SumAverg	66.152995	0	0	0	0	0	0	0	0	0	0	0	0	0	0	0
S(0,4)SumVarnc	670.74253	0	0	0	0	0	0	0	0	0	0	0	0	0	0	0
S(0,4)SumEntrp	2.0194512	0	0	0	0	0	0	0	0	0	0	0	0	0	0	0
S(0,4)Entropy	3.6028253	0	0	0	0	0	0	0	0	0	0	0	0	0	0	0
S(0,4)DifVarnc	222.84053	0	0	0	0	0	0	0	0	0	0	0	0	0	0	0
S(0,4)DifEntrp	1.7233556	0	0	0	0	0	0	0	0	0	0	0	0	0	0	0
_Area_S(4,4)	127008	0	0	0	0	0	0	0	0	0	0	0	0	0	0	0
S(4,4)AngScMom	0.00025451626	0	0	0	0	0	0	0	0	0	0	0	0	0	0	0
S(4,4)Contrast	674.97926	0	0	0	0	0	0	0	0	0	0	0	0	0	0	0
S(4,4)Correlat	-0.0057614511	0	0	0	0	0	0	0	0	0	0	0	0	0	0	0
S(4,4)SumOfSqs	335.55634	0	0	0	0	0	0	0	0	0	0	0	0	0	0	0
S(4,4)InvDfMom	0.047431058	0	0	0	0	0	0	0	0	0	0	0	0	0	0	0
S(4,4)SumAverg	66.15947	0	0	0	0	0	0	0	0	0	0	0	0	0	0	0
S(4,4)SumVarnc	667.2461	0	0	0	0	0	0	0	0	0	0	0	0	0	0	0
S(4,4)SumEntrp	2.0184173	0	0	0	0	0	0	0	0	0	0	0	0	0	0	0
S(4,4)Entropy	3.6029945	0	0	0	0	0	0	0	0	0	0	0	0	0	0	0
S(4,4)DifVarnc	224.72821	0	0	0	0	0	0	0	0	0	0	0	0	0	0	0
S(4,4)DifEntrp	1.7248482	0	0	0	0	0	0	0	0	0	0	0	0	0	0	0
_Area_S(4,-4)	127008	0	0	0	0	0	0	0	0	0	0	0	0	0	0	0
S(4,-4)AngScMom	0.00025466232	0	0	0	0	0	0	0	0	0	0	0	0	0	0	0
S(4,-4)Contrast	670.50614	0	0	0	0	0	0	0	0	0	0	0	0	0	0	0
S(4,-4)Correlat	0.00074929199	0	0	0	0	0	0	0	0	0	0	0	0	0	0	0
S(4,-4)SumOfSqs	335.50446	0	0	0	0	0	0	0	0	0	0	0	0	0	0	0
S(4,-4)InvDfMom	0.047554795	0	0	0	0	0	0	0	0	0	0	0	0	0	0	0
S(4,-4)SumAverg	66.162006	0	0	0	0	0	0	0	0	0	0	0	0	0	0	0
S(4,-4)SumVarnc	671.5117	0	0	0	0	0	0	0	0	0	0	0	0	0	0	0
S(4,-4)SumEntrp	2.0196743	0	0	0	0	0	0	0	0	0	0	0	0	0	0	0
S(4,-4)Entropy	3.6029283	0	0	0	0	0	0	0	0	0	0	0	0	0	0	0
S(4,-4)DifVarnc	223.78932	0	0	0	0	0	0	0	0	0	0	0	0	0	0	0
S(4,-4)DifEntrp	1.7229915	0	0	0	0	0	0	0	0	0	0	0	0	0	0	0
_Area_S(5,0)	128512	0	0	0	0	0	0	0	0	0	0	0	0	0	0	0
S(5,0)AngScMom	0.00025404597	0	0	0	0	0	0	0	0	0	0	0	0	0	0	0
S(5,0)Contrast	668.04001	0	0	0	0	0	0	0	0	0	0	0	0	0	0	0
S(5,0)Correlat	0.0049394191	0	0	0	0	0	0	0	0	0	0	0	0	0	0	0
S(5,0)SumOfSqs	335.67806	0	0	0	0	0	0	0	0	0	0	0	0	0	0	0
S(5,0)InvDfMom	0.047523748	0	0	0	0	0	0	0	0	0	0	0	0	0	0	0
S(5,0)SumAverg	66.149293	0	0	0	0	0	0	0	0	0	0	0	0	0	0	0
S(5,0)SumVarnc	674.67223	0	0	0	0	0	0	0	0	0	0	0	0	0	0	0
S(5,0)SumEntrp	2.0205218	0	0	0	0	0	0	0	0	0	0	0	0	0	0	0
S(5,0)Entropy	3.6034522	0	0	0	0	0	0	0	0	0	0	0	0	0	0	0
S(5,0)DifVarnc	223.42391	0	0	0	0	0	0	0	0	0	0	0	0	0	0	0
S(5,0)DifEntrp	1.7225923	0	0	0	0	0	0	0	0	0	0	0	0	0	0	0
_Area_S(0,5)	128512	0	0	0	0	0	0	0	0	0	0	0	0	0	0	0
S(0,5)AngScMom	0.00025460569	0	0	0	0	0	0	0	0	0	0	0	0	0	0	0
S(0,5)Contrast	672.80187	0	0	0	0	0	0	0	0	0	0	0	0	0	0	0
S(0,5)Correlat	-0.002455406	0	0	0	0	0	0	0	0	0	0	0	0	0	0	0
S(0,5)SumOfSqs	335.57696	0	0	0	0	0	0	0	0	0	0	0	0	0	0	0
S(0,5)InvDfMom	0.047512867	0	0	0	0	0	0	0	0	0	0	0	0	0	0	0
S(0,5)SumAverg	66.148764	0	0	0	0	0	0	0	0	0	0	0	0	0	0	0
S(0,5)SumVarnc	669.50596	0	0	0	0	0	0	0	0	0	0	0	0	0	0	0
S(0,5)SumEntrp	2.0188991	0	0	0	0	0	0	0	0	0	0	0	0	0	0	0
S(0,5)Entropy	3.6029322	0	0	0	0	0	0	0	0	0	0	0	0	0	0	0
S(0,5)DifVarnc	225.2143	0	0	0	0	0	0	0	0	0	0	0	0	0	0	0
S(0,5)DifEntrp	1.7239493	0	0	0	0	0	0	0	0	0	0	0	0	0	0	0
_Area_S(5,5)	126002	0	0	0	0	0	0	0	0	0	0	0	0	0	0	0
S(5,5)AngScMom	0.00025437804	0	0	0	0	0	0	0	0	0	0	0	0	0	0	0
S(5,5)Contrast	667.0597	0	0	0	0	0	0	0	0	0	0	0	0	0	0	0
S(5,5)Correlat	0.0060740165	0	0	0	0	0	0	0	0	0	0	0	0	0	0	0
S(5,5)SumOfSqs	335.56809	0	0	0	0	0	0	0	0	0	0	0	0	0	0	0
S(5,5)InvDfMom	0.047080516	0	0	0	0	0	0	0	0	0	0	0	0	0	0	0
S(5,5)SumAverg	66.15149	0	0	0	0	0	0	0	0	0	0	0	0	0	0	0
S(5,5)SumVarnc	675.21268	0	0	0	0	0	0	0	0	0	0	0	0	0	0	0
S(5,5)SumEntrp	2.0207351	0	0	0	0	0	0	0	0	0	0	0	0	0	0	0
S(5,5)Entropy	3.6030794	0	0	0	0	0	0	0	0	0	0	0	0	0	0	0
S(5,5)DifVarnc	223.13825	0	0	0	0	0	0	0	0	0	0	0	0	0	0	0
S(5,5)DifEntrp	1.7223631	0	0	0	0	0	0	0	0	0	0	0	0	0	0	0
_Area_S(5,-5)	126002	0	0	0	0	0	0	0	0	0	0	0	0	0	0	0
S(5,-5)AngScMom	0.00025471439	0	0	0	0	0	0	0	0	0	0	0	0	0	0	0
S(5,-5)Contrast	670.98902	0	0	0	0	0	0	0	0	0	0	0	0	0	0	0
S(5,-5)Correlat	0.00012774976	0	0	0	0	0	0	0	0	0	0	0	0	0	0	0
S(5,-5)SumOfSqs	335.53737	0	0	0	0	0	0	0	0	0	0	0	0	0	0	0
S(5,-5)InvDfMom	0.048325444	0	0	0	0	0	0	0	0	0	0	0	0	0	0	0
S(5,-5)SumAverg	66.15522	0	0	0	0	0	0	0	0	0	0	0	0	0	0	0
S(5,-5)SumVarnc	671.16048	0	0	0	0	0	0	0	0	0	0	0	0	0	0	0
S(5,-5)SumEntrp	2.0196221	0	0	0	0	0	0	0	0	0	0	0	0	0	0	0
S(5,-5)Entropy	3.6028635	0	0	0	0	0	0	0	0	0	0	0	0	0	0	0
S(5,-5)DifVarnc	224.49208	0	0	0	0	0	0	0	0	0	0	0	0	0	0	0
S(5,-5)DifEntrp	1.7236092	0	0	0	0	0	0	0	0	0	0	0	0	0	0	0
Horzl_RLNonUni	62484.735	0	0	0	0	0	0	0	0	0	0	0	0	0	0	0
Horzl_GLevNonU	1013.0756	0	0	0	0	0	0	0	0	0	0	0	0	0	0	0
Horzl_LngREmph	1.0490736	0	0	0	0	0	0	0	0	0	0	0	0	0	0	0
Horzl_ShrtREmp	0.98808532	0	0	0	0	0	0	0	0	0	0	0	0	0	0	0
Horzl_Fraction	0.9841156	0	0	0	0	0	0	0	0	0	0	0	0	0	0	0
Vertl_RLNonUni	62477.955	0	0	0	0	0	0	0	0	0	0	0	0	0	0	0
Vertl_GLevNonU	1013.0155	0	0	0	0	0	0	0	0	0	0	0	0	0	0	0
Vertl_LngREmph	1.0490278	0	0	0	0	0	0	0	0	0	0	0	0	0	0	0
Vertl_ShrtREmp	0.98805315	0	0	0	0	0	0	0	0	0	0	0	0	0	0	0
Vertl_Fraction	0.98410034	0	0	0	0	0	0	0	0	0	0	0	0	0	0	0
45dgr_RLNonUni	62558.475	0	0	0	0	0	0	0	0	0	0	0	0	0	0	0
45dgr_GLevNonU	1013.4668	0	0	0	0	0	0	0	0	0	0	0	0	0	0	0
45dgr_LngREmph	1.0475172	0	0	0	0	0	0	0	0	0	0	0	0	0	0	0
45dgr_ShrtREmp	0.98837093	0	0	0	0	0	0	0	0	0	0	0	0	0	0	0
45dgr_Fraction	0.98455811	0	0	0	0	0	0	0	0	0	0	0	0	0	0	0
135dr_RLNonUni	62604.612	0	0	0	0	0	0	0	0	0	0	0	0	0	0	0
135dr_GLevNonU	1013.7938	0	0	0	0	0	0	0	0	0	0	0	0	0	0	0
135dr_LngREmph	1.0466525	0	0	0	0	0	0	0	0	0	0	0	0	0	0	0
135dr_ShrtREmp	0.9885526	0	0	0	0	0	0	0	0	0	0	0	0	0	0	0
135dr_Fraction	0.9848175	0	0	0	0	0	0	0	0	0	0	0	0	0	0	0
_AreaGr	64516	0	0	0	0	0	0	0	0	0	0	0	0	0	0	0
GrMean	8.2421168	0	0	0	0	0	0	0	0	0	0	0	0	0	0	0
GrVariance	15.453709	0	0	0	0	0	0	0	0	0	0	0	0	0	0	0
GrSkewness	0.17455138	0	0	0	0	0	0	0	0	0	0	0	0	0	0	0
GrKurtosis	-0.67999524	0	0	0	0	0	0	0	0	0	0	0	0	0	0	0
GrNonZeros	0.99600099	0	0	0	0	0	0	0	0	0	0	0	0	0	0	0
_AreaARM	64770	0	0	0	0	0	0	0	0	0	0	0	0	0	0	0
Teta1	0.007988525	0	0	0	0	0	0	0	0	0	0	0	0	0	0	0
Teta2	0.0028387608	0	0	0	0	0	0	0	0	0	0	0	0	0	0	0
Teta3	0.0031790438	0	0	0	0	0	0	0	0	0	0	0	0	0	0	0
Teta4	-0.0012590578	0	0	0	0	0	0	0	0	0	0	0	0	0	0	0
Sigma	0.99956139	0	0	0	0	0	0	0	0	0	0	0	0	0	0	0
WavEnLL_s-1	18224.613	0	0	0	0	0	0	0	0	0	0	0	0	0	0	0
WavEnLH_s-1	1341.5355	0	0	0	0	0	0	0	0	0	0	0	0	0	0	0
WavEnHL_s-1	1340.7882	0	0	0	0	0	0	0	0	0	0	0	0	0	0	0
WavEnHH_s-1	1319.9151	0	0	0	0	0	0	0	0	0	0	0	0	0	0	0
WavEnLL_s-2	17207.143	0	0	0	0	0	0	0	0	0	0	0	0	0	0	0
WavEnLH_s-2	345.66318	0	0	0	0	0	0	0	0	0	0	0	0	0	0	0
WavEnHL_s-2	335.03008	0	0	0	0	0	0	0	0	0	0	0	0	0	0	0
WavEnHH_s-2	336.77682	0	0	0	0	0	0	0	0	0	0	0	0	0	0	0
WavEnLL_s-3	16943.367	0	0	0	0	0	0	0	0	0	0	0	0	0	0	0
WavEnLH_s-3	89.897825	0	0	0	0	0	0	0	0	0	0	0	0	0	0	0
WavEnHL_s-3	87.801382	0	0	0	0	0	0	0	0	0	0	0	0	0	0	0
WavEnHH_s-3	86.076518	0	0	0	0	0	0	0	0	0	0	0	0	0	0	0
WavEnLL_s-4	16876.535	0	0	0	0	0	0	0	0	0	0	0	0	0	0	0
WavEnLH_s-4	23.452972	0	0	0	0	0	0	0	0	0	0	0	0	0	0	0
WavEnHL_s-4	22.218017	0	0	0	0	0	0	0	0	0	0	0	0	0	0	0
WavEnHH_s-4	21.161287	0	0	0	0	0	0	0	0	0	0	0	0	0	0	0
