Image File: seat2-a-p008.png 
ROI File: allred.roi 
Image size: 256 x 256
Min. lum.: 1
Max. lum.: 256
Bits/pixel: 8

Normalisation =  No
Histogram analysis = Yes
CO matrix analysis = Yes, Dimensions = 6 x 6, Distances = 1 2 3 4 5
RL matrix analysis = Yes, Dimension = 6
Gradient analysis = Yes, Max pixel value = 16
AR model analysis = Yes
Wavelet analysis = Yes

--------------- CLASS NAMES ----------------

----------------- FEATURES -----------------
_Area	65536	0	0	0	0	0	0	0	0	0	0	0	0	0	0	0
Mean	130.00864	0	0	0	0	0	0	0	0	0	0	0	0	0	0	0
Variance	5339.4841	0	0	0	0	0	0	0	0	0	0	0	0	0	0	0
Skewness	-0.0067462887	0	0	0	0	0	0	0	0	0	0	0	0	0	0	0
Kurtosis	-1.1877601	0	0	0	0	0	0	0	0	0	0	0	0	0	0	0
Perc.01%	4	0	0	0	0	0	0	0	0	0	0	0	0	0	0	0
Perc.10%	29	0	0	0	0	0	0	0	0	0	0	0	0	0	0	0
Perc.50%	130	0	0	0	0	0	0	0	0	0	0	0	0	0	0	0
Perc.90%	231	0	0	0	0	0	0	0	0	0	0	0	0	0	0	0
Perc.99%	254	0	0	0	0	0	0	0	0	0	0	0	0	0	0	0
_Area_S(1,0)	130560	0	0	0	0	0	0	0	0	0	0	0	0	0	0	0
S(1,0)AngScMom	0.00025399671	0	0	0	0	0	0	0	0	0	0	0	0	0	0	0
S(1,0)Contrast	667.06832	0	0	0	0	0	0	0	0	0	0	0	0	0	0	0
S(1,0)Correlat	0.00042586891	0	0	0	0	0	0	0	0	0	0	0	0	0	0	0
S(1,0)SumOfSqs	333.67626	0	0	0	0	0	0	0	0	0	0	0	0	0	0	0
S(1,0)InvDfMom	0.046958327	0	0	0	0	0	0	0	0	0	0	0	0	0	0	0
S(1,0)SumAverg	65.7519	0	0	0	0	0	0	0	0	0	0	0	0	0	0	0
S(1,0)SumVarnc	667.63673	0	0	0	0	0	0	0	0	0	0	0	0	0	0	0
S(1,0)SumEntrp	2.0187463	0	0	0	0	0	0	0	0	0	0	0	0	0	0	0
S(1,0)Entropy	3.6035271	0	0	0	0	0	0	0	0	0	0	0	0	0	0	0
S(1,0)DifVarnc	221.86091	0	0	0	0	0	0	0	0	0	0	0	0	0	0	0
S(1,0)DifEntrp	1.7223198	0	0	0	0	0	0	0	0	0	0	0	0	0	0	0
_Area_S(0,1)	130560	0	0	0	0	0	0	0	0	0	0	0	0	0	0	0
S(0,1)AngScMom	0.00025347436	0	0	0	0	0	0	0	0	0	0	0	0	0	0	0
S(0,1)Contrast	664.43902	0	0	0	0	0	0	0	0	0	0	0	0	0	0	0
S(0,1)Correlat	0.0037842773	0	0	0	0	0	0	0	0	0	0	0	0	0	0	0
S(0,1)SumOfSqs	333.48149	0	0	0	0	0	0	0	0	0	0	0	0	0	0	0
S(0,1)InvDfMom	0.04719619	0	0	0	0	0	0	0	0	0	0	0	0	0	0	0
S(0,1)SumAverg	65.753018	0	0	0	0	0	0	0	0	0	0	0	0	0	0	0
S(0,1)SumVarnc	669.48696	0	0	0	0	0	0	0	0	0	0	0	0	0	0	0
S(0,1)SumEntrp	2.0193676	0	0	0	0	0	0	0	0	0	0	0	0	0	0	0
S(0,1)Entropy	3.6039943	0	0	0	0	0	0	0	0	0	0	0	0	0	0	0
S(0,1)DifVarnc	221.12947	0	0	0	0	0	0	0	0	0	0	0	0	0	0	0
S(0,1)DifEntrp	1.7216369	0	0	0	0	0	0	0	0	0	0	0	0	0	0	0
_Area_S(1,1)	130050	0	0	0	0	0	0	0	0	0	0	0	0	0	0	0
S(1,1)AngScMom	0.00025326006	0	0	0	0	0	0	0	0	0	0	0	0	0	0	0
S(1,1)Contrast	666.18268	0	0	0	0	0	0	0	0	0	0	0	0	0	0	0
S(1,1)Correlat	0.0011486995	0	0	0	0	0	0	0	0	0	0	0	0	0	0	0
S(1,1)SumOfSqs	333.4744	0	0	0	0	0	0	0	0	0	0	0	0	0	0	0
S(1,1)InvDfMom	0.04804344	0	0	0	0	0	0	0	0	0	0	0	0	0	0	0
S(1,1)SumAverg	65.759739	0	0	0	0	0	0	0	0	0	0	0	0	0	0	0
S(1,1)SumVarnc	667.71493	0	0	0	0	0	0	0	0	0	0	0	0	0	0	0
S(1,1)SumEntrp	2.0189798	0	0	0	0	0	0	0	0	0	0	0	0	0	0	0
S(1,1)Entropy	3.6041553	0	0	0	0	0	0	0	0	0	0	0	0	0	0	0
S(1,1)DifVarnc	222.98646	0	0	0	0	0	0	0	0	0	0	0	0	0	0	0
S(1,1)DifEntrp	1.7220636	0	0	0	0	0	0	0	0	0	0	0	0	0	0	0
_Area_S(1,-1)	130050	0	0	0	0	0	0	0	0	0	0	0	0	0	0	0
S(1,-1)AngScMom	0.00025376204	0	0	0	0	0	0	0	0	0	0	0	0	0	0	0
S(1,-1)Contrast	665.12986	0	0	0	0	0	0	0	0	0	0	0	0	0	0	0
S(1,-1)Correlat	0.0027178733	0	0	0	0	0	0	0	0	0	0	0	0	0	0	0
S(1,-1)SumOfSqs	333.47126	0	0	0	0	0	0	0	0	0	0	0	0	0	0	0
S(1,-1)InvDfMom	0.046541972	0	0	0	0	0	0	0	0	0	0	0	0	0	0	0
S(1,-1)SumAverg	65.759954	0	0	0	0	0	0	0	0	0	0	0	0	0	0	0
S(1,-1)SumVarnc	668.75519	0	0	0	0	0	0	0	0	0	0	0	0	0	0	0
S(1,-1)SumEntrp	2.0187653	0	0	0	0	0	0	0	0	0	0	0	0	0	0	0
S(1,-1)Entropy	3.6037308	0	0	0	0	0	0	0	0	0	0	0	0	0	0	0
S(1,-1)DifVarnc	221.38049	0	0	0	0	0	0	0	0	0	0	0	0	0	0	0
S(1,-1)DifEntrp	1.7217103	0	0	0	0	0	0	0	0	0	0	0	0	0	0	0
_Area_S(2,0)	130048	0	0	0	0	0	0	0	0	0	0	0	0	0	0	0
S(2,0)AngScMom	0.00025385203	0	0	0	0	0	0	0	0	0	0	0	0	0	0	0
S(2,0)Contrast	665.68459	0	0	0	0	0	0	0	0	0	0	0	0	0	0	0
S(2,0)Correlat	0.0024548585	0	0	0	0	0	0	0	0	0	0	0	0	0	0	0
S(2,0)SumOfSqs	333.66139	0	0	0	0	0	0	0	0	0	0	0	0	0	0	0
S(2,0)InvDfMom	0.047847117	0	0	0	0	0	0	0	0	0	0	0	0	0	0	0
S(2,0)SumAverg	65.74208	0	0	0	0	0	0	0	0	0	0	0	0	0	0	0
S(2,0)SumVarnc	668.96096	0	0	0	0	0	0	0	0	0	0	0	0	0	0	0
S(2,0)SumEntrp	2.0191337	0	0	0	0	0	0	0	0	0	0	0	0	0	0	0
S(2,0)Entropy	3.603665	0	0	0	0	0	0	0	0	0	0	0	0	0	0	0
S(2,0)DifVarnc	222.38538	0	0	0	0	0	0	0	0	0	0	0	0	0	0	0
S(2,0)DifEntrp	1.7222389	0	0	0	0	0	0	0	0	0	0	0	0	0	0	0
_Area_S(0,2)	130048	0	0	0	0	0	0	0	0	0	0	0	0	0	0	0
S(0,2)AngScMom	0.00025354126	0	0	0	0	0	0	0	0	0	0	0	0	0	0	0
S(0,2)Contrast	669.1545	0	0	0	0	0	0	0	0	0	0	0	0	0	0	0
S(0,2)Correlat	-0.0034962372	0	0	0	0	0	0	0	0	0	0	0	0	0	0	0
S(0,2)SumOfSqs	333.41156	0	0	0	0	0	0	0	0	0	0	0	0	0	0	0
S(0,2)InvDfMom	0.047527396	0	0	0	0	0	0	0	0	0	0	0	0	0	0	0
S(0,2)SumAverg	65.761257	0	0	0	0	0	0	0	0	0	0	0	0	0	0	0
S(0,2)SumVarnc	664.49175	0	0	0	0	0	0	0	0	0	0	0	0	0	0	0
S(0,2)SumEntrp	2.0174265	0	0	0	0	0	0	0	0	0	0	0	0	0	0	0
S(0,2)Entropy	3.6038942	0	0	0	0	0	0	0	0	0	0	0	0	0	0	0
S(0,2)DifVarnc	222.96814	0	0	0	0	0	0	0	0	0	0	0	0	0	0	0
S(0,2)DifEntrp	1.7230542	0	0	0	0	0	0	0	0	0	0	0	0	0	0	0
_Area_S(2,2)	129032	0	0	0	0	0	0	0	0	0	0	0	0	0	0	0
S(2,2)AngScMom	0.00025323977	0	0	0	0	0	0	0	0	0	0	0	0	0	0	0
S(2,2)Contrast	664.88268	0	0	0	0	0	0	0	0	0	0	0	0	0	0	0
S(2,2)Correlat	0.0028514323	0	0	0	0	0	0	0	0	0	0	0	0	0	0	0
S(2,2)SumOfSqs	333.39198	0	0	0	0	0	0	0	0	0	0	0	0	0	0	0
S(2,2)InvDfMom	0.04655526	0	0	0	0	0	0	0	0	0	0	0	0	0	0	0
S(2,2)SumAverg	65.758432	0	0	0	0	0	0	0	0	0	0	0	0	0	0	0
S(2,2)SumVarnc	668.68526	0	0	0	0	0	0	0	0	0	0	0	0	0	0	0
S(2,2)SumEntrp	2.0188517	0	0	0	0	0	0	0	0	0	0	0	0	0	0	0
S(2,2)Entropy	3.6041683	0	0	0	0	0	0	0	0	0	0	0	0	0	0	0
S(2,2)DifVarnc	220.74385	0	0	0	0	0	0	0	0	0	0	0	0	0	0	0
S(2,2)DifEntrp	1.7215309	0	0	0	0	0	0	0	0	0	0	0	0	0	0	0
_Area_S(2,-2)	129032	0	0	0	0	0	0	0	0	0	0	0	0	0	0	0
S(2,-2)AngScMom	0.00025333022	0	0	0	0	0	0	0	0	0	0	0	0	0	0	0
S(2,-2)Contrast	667.11016	0	0	0	0	0	0	0	0	0	0	0	0	0	0	0
S(2,-2)Correlat	-0.00047795619	0	0	0	0	0	0	0	0	0	0	0	0	0	0	0
S(2,-2)SumOfSqs	333.39573	0	0	0	0	0	0	0	0	0	0	0	0	0	0	0
S(2,-2)InvDfMom	0.046356057	0	0	0	0	0	0	0	0	0	0	0	0	0	0	0
S(2,-2)SumAverg	65.75775	0	0	0	0	0	0	0	0	0	0	0	0	0	0	0
S(2,-2)SumVarnc	666.47276	0	0	0	0	0	0	0	0	0	0	0	0	0	0	0
S(2,-2)SumEntrp	2.018281	0	0	0	0	0	0	0	0	0	0	0	0	0	0	0
S(2,-2)Entropy	3.6040486	0	0	0	0	0	0	0	0	0	0	0	0	0	0	0
S(2,-2)DifVarnc	223.31229	0	0	0	0	0	0	0	0	0	0	0	0	0	0	0
S(2,-2)DifEntrp	1.7221087	0	0	0	0	0	0	0	0	0	0	0	0	0	0	0
_Area_S(3,0)	129536	0	0	0	0	0	0	0	0	0	0	0	0	0	0	0
S(3,0)AngScMom	0.0002536119	0	0	0	0	0	0	0	0	0	0	0	0	0	0	0
S(3,0)Contrast	665.24711	0	0	0	0	0	0	0	0	0	0	0	0	0	0	0
S(3,0)Correlat	0.0030934151	0	0	0	0	0	0	0	0	0	0	0	0	0	0	0
S(3,0)SumOfSqs	333.65569	0	0	0	0	0	0	0	0	0	0	0	0	0	0	0
S(3,0)InvDfMom	0.04871252	0	0	0	0	0	0	0	0	0	0	0	0	0	0	0
S(3,0)SumAverg	65.748935	0	0	0	0	0	0	0	0	0	0	0	0	0	0	0
S(3,0)SumVarnc	669.37566	0	0	0	0	0	0	0	0	0	0	0	0	0	0	0
S(3,0)SumEntrp	2.019097	0	0	0	0	0	0	0	0	0	0	0	0	0	0	0
S(3,0)Entropy	3.6039286	0	0	0	0	0	0	0	0	0	0	0	0	0	0	0
S(3,0)DifVarnc	223.16805	0	0	0	0	0	0	0	0	0	0	0	0	0	0	0
S(3,0)DifEntrp	1.7222783	0	0	0	0	0	0	0	0	0	0	0	0	0	0	0
_Area_S(0,3)	129536	0	0	0	0	0	0	0	0	0	0	0	0	0	0	0
S(0,3)AngScMom	0.00025351428	0	0	0	0	0	0	0	0	0	0	0	0	0	0	0
S(0,3)Contrast	666.00984	0	0	0	0	0	0	0	0	0	0	0	0	0	0	0
S(0,3)Correlat	0.00119245	0	0	0	0	0	0	0	0	0	0	0	0	0	0	0
S(0,3)SumOfSqs	333.40248	0	0	0	0	0	0	0	0	0	0	0	0	0	0	0
S(0,3)InvDfMom	0.046176527	0	0	0	0	0	0	0	0	0	0	0	0	0	0	0
S(0,3)SumAverg	65.74773	0	0	0	0	0	0	0	0	0	0	0	0	0	0	0
S(0,3)SumVarnc	667.6001	0	0	0	0	0	0	0	0	0	0	0	0	0	0	0
S(0,3)SumEntrp	2.0184699	0	0	0	0	0	0	0	0	0	0	0	0	0	0	0
S(0,3)Entropy	3.6039532	0	0	0	0	0	0	0	0	0	0	0	0	0	0	0
S(0,3)DifVarnc	221.37029	0	0	0	0	0	0	0	0	0	0	0	0	0	0	0
S(0,3)DifEntrp	1.7220275	0	0	0	0	0	0	0	0	0	0	0	0	0	0	0
_Area_S(3,3)	128018	0	0	0	0	0	0	0	0	0	0	0	0	0	0	0
S(3,3)AngScMom	0.00025368621	0	0	0	0	0	0	0	0	0	0	0	0	0	0	0
S(3,3)Contrast	664.21738	0	0	0	0	0	0	0	0	0	0	0	0	0	0	0
S(3,3)Correlat	0.0038180805	0	0	0	0	0	0	0	0	0	0	0	0	0	0	0
S(3,3)SumOfSqs	333.38157	0	0	0	0	0	0	0	0	0	0	0	0	0	0	0
S(3,3)InvDfMom	0.047419851	0	0	0	0	0	0	0	0	0	0	0	0	0	0	0
S(3,3)SumAverg	65.750973	0	0	0	0	0	0	0	0	0	0	0	0	0	0	0
S(3,3)SumVarnc	669.30889	0	0	0	0	0	0	0	0	0	0	0	0	0	0	0
S(3,3)SumEntrp	2.0190283	0	0	0	0	0	0	0	0	0	0	0	0	0	0	0
S(3,3)Entropy	3.6037873	0	0	0	0	0	0	0	0	0	0	0	0	0	0	0
S(3,3)DifVarnc	221.28156	0	0	0	0	0	0	0	0	0	0	0	0	0	0	0
S(3,3)DifEntrp	1.7216554	0	0	0	0	0	0	0	0	0	0	0	0	0	0	0
_Area_S(3,-3)	128018	0	0	0	0	0	0	0	0	0	0	0	0	0	0	0
S(3,-3)AngScMom	0.00025377823	0	0	0	0	0	0	0	0	0	0	0	0	0	0	0
S(3,-3)Contrast	665.69765	0	0	0	0	0	0	0	0	0	0	0	0	0	0	0
S(3,-3)Correlat	0.0016070817	0	0	0	0	0	0	0	0	0	0	0	0	0	0	0
S(3,-3)SumOfSqs	333.3846	0	0	0	0	0	0	0	0	0	0	0	0	0	0	0
S(3,-3)InvDfMom	0.047715688	0	0	0	0	0	0	0	0	0	0	0	0	0	0	0
S(3,-3)SumAverg	65.750832	0	0	0	0	0	0	0	0	0	0	0	0	0	0	0
S(3,-3)SumVarnc	667.84076	0	0	0	0	0	0	0	0	0	0	0	0	0	0	0
S(3,-3)SumEntrp	2.0187066	0	0	0	0	0	0	0	0	0	0	0	0	0	0	0
S(3,-3)Entropy	3.6037038	0	0	0	0	0	0	0	0	0	0	0	0	0	0	0
S(3,-3)DifVarnc	222.12703	0	0	0	0	0	0	0	0	0	0	0	0	0	0	0
S(3,-3)DifEntrp	1.7221967	0	0	0	0	0	0	0	0	0	0	0	0	0	0	0
_Area_S(4,0)	129024	0	0	0	0	0	0	0	0	0	0	0	0	0	0	0
S(4,0)AngScMom	0.00025361946	0	0	0	0	0	0	0	0	0	0	0	0	0	0	0
S(4,0)Contrast	666.70833	0	0	0	0	0	0	0	0	0	0	0	0	0	0	0
S(4,0)Correlat	0.00081617985	0	0	0	0	0	0	0	0	0	0	0	0	0	0	0
S(4,0)SumOfSqs	333.62647	0	0	0	0	0	0	0	0	0	0	0	0	0	0	0
S(4,0)InvDfMom	0.046856128	0	0	0	0	0	0	0	0	0	0	0	0	0	0	0
S(4,0)SumAverg	65.746621	0	0	0	0	0	0	0	0	0	0	0	0	0	0	0
S(4,0)SumVarnc	667.79753	0	0	0	0	0	0	0	0	0	0	0	0	0	0	0
S(4,0)SumEntrp	2.0186589	0	0	0	0	0	0	0	0	0	0	0	0	0	0	0
S(4,0)Entropy	3.603855	0	0	0	0	0	0	0	0	0	0	0	0	0	0	0
S(4,0)DifVarnc	222.2223	0	0	0	0	0	0	0	0	0	0	0	0	0	0	0
S(4,0)DifEntrp	1.7222153	0	0	0	0	0	0	0	0	0	0	0	0	0	0	0
_Area_S(0,4)	129024	0	0	0	0	0	0	0	0	0	0	0	0	0	0	0
S(0,4)AngScMom	0.00025333641	0	0	0	0	0	0	0	0	0	0	0	0	0	0	0
S(0,4)Contrast	670.29367	0	0	0	0	0	0	0	0	0	0	0	0	0	0	0
S(0,4)Correlat	-0.0054667864	0	0	0	0	0	0	0	0	0	0	0	0	0	0	0
S(0,4)SumOfSqs	333.32462	0	0	0	0	0	0	0	0	0	0	0	0	0	0	0
S(0,4)InvDfMom	0.047403325	0	0	0	0	0	0	0	0	0	0	0	0	0	0	0
S(0,4)SumAverg	65.747814	0	0	0	0	0	0	0	0	0	0	0	0	0	0	0
S(0,4)SumVarnc	663.00481	0	0	0	0	0	0	0	0	0	0	0	0	0	0	0
S(0,4)SumEntrp	2.0175817	0	0	0	0	0	0	0	0	0	0	0	0	0	0	0
S(0,4)Entropy	3.6040874	0	0	0	0	0	0	0	0	0	0	0	0	0	0	0
S(0,4)DifVarnc	223.23327	0	0	0	0	0	0	0	0	0	0	0	0	0	0	0
S(0,4)DifEntrp	1.7230565	0	0	0	0	0	0	0	0	0	0	0	0	0	0	0
_Area_S(4,4)	127008	0	0	0	0	0	0	0	0	0	0	0	0	0	0	0
S(4,4)AngScMom	0.00025393564	0	0	0	0	0	0	0	0	0	0	0	0	0	0	0
S(4,4)Contrast	668.20213	0	0	0	0	0	0	0	0	0	0	0	0	0	0	0
S(4,4)Correlat	-0.0024974396	0	0	0	0	0	0	0	0	0	0	0	0	0	0	0
S(4,4)SumOfSqs	333.26875	0	0	0	0	0	0	0	0	0	0	0	0	0	0	0
S(4,4)InvDfMom	0.047227891	0	0	0	0	0	0	0	0	0	0	0	0	0	0	0
S(4,4)SumAverg	65.748079	0	0	0	0	0	0	0	0	0	0	0	0	0	0	0
S(4,4)SumVarnc	664.87285	0	0	0	0	0	0	0	0	0	0	0	0	0	0	0
S(4,4)SumEntrp	2.0175306	0	0	0	0	0	0	0	0	0	0	0	0	0	0	0
S(4,4)Entropy	3.6035086	0	0	0	0	0	0	0	0	0	0	0	0	0	0	0
S(4,4)DifVarnc	222.04428	0	0	0	0	0	0	0	0	0	0	0	0	0	0	0
S(4,4)DifEntrp	1.722719	0	0	0	0	0	0	0	0	0	0	0	0	0	0	0
_Area_S(4,-4)	127008	0	0	0	0	0	0	0	0	0	0	0	0	0	0	0
S(4,-4)AngScMom	0.00025357807	0	0	0	0	0	0	0	0	0	0	0	0	0	0	0
S(4,-4)Contrast	666.10892	0	0	0	0	0	0	0	0	0	0	0	0	0	0	0
S(4,-4)Correlat	0.00063005742	0	0	0	0	0	0	0	0	0	0	0	0	0	0	0
S(4,-4)SumOfSqs	333.26444	0	0	0	0	0	0	0	0	0	0	0	0	0	0	0
S(4,-4)InvDfMom	0.04704126	0	0	0	0	0	0	0	0	0	0	0	0	0	0	0
S(4,-4)SumAverg	65.747811	0	0	0	0	0	0	0	0	0	0	0	0	0	0	0
S(4,-4)SumVarnc	666.94883	0	0	0	0	0	0	0	0	0	0	0	0	0	0	0
S(4,-4)SumEntrp	2.0182923	0	0	0	0	0	0	0	0	0	0	0	0	0	0	0
S(4,-4)Entropy	3.6039354	0	0	0	0	0	0	0	0	0	0	0	0	0	0	0
S(4,-4)DifVarnc	221.41139	0	0	0	0	0	0	0	0	0	0	0	0	0	0	0
S(4,-4)DifEntrp	1.7219752	0	0	0	0	0	0	0	0	0	0	0	0	0	0	0
_Area_S(5,0)	128512	0	0	0	0	0	0	0	0	0	0	0	0	0	0	0
S(5,0)AngScMom	0.00025307341	0	0	0	0	0	0	0	0	0	0	0	0	0	0	0
S(5,0)Contrast	662.79046	0	0	0	0	0	0	0	0	0	0	0	0	0	0	0
S(5,0)Correlat	0.0067504272	0	0	0	0	0	0	0	0	0	0	0	0	0	0	0
S(5,0)SumOfSqs	333.64749	0	0	0	0	0	0	0	0	0	0	0	0	0	0	0
S(5,0)InvDfMom	0.046806442	0	0	0	0	0	0	0	0	0	0	0	0	0	0	0
S(5,0)SumAverg	65.74281	0	0	0	0	0	0	0	0	0	0	0	0	0	0	0
S(5,0)SumVarnc	671.79952	0	0	0	0	0	0	0	0	0	0	0	0	0	0	0
S(5,0)SumEntrp	2.0197178	0	0	0	0	0	0	0	0	0	0	0	0	0	0	0
S(5,0)Entropy	3.6043979	0	0	0	0	0	0	0	0	0	0	0	0	0	0	0
S(5,0)DifVarnc	221.74601	0	0	0	0	0	0	0	0	0	0	0	0	0	0	0
S(5,0)DifEntrp	1.7210301	0	0	0	0	0	0	0	0	0	0	0	0	0	0	0
_Area_S(0,5)	128512	0	0	0	0	0	0	0	0	0	0	0	0	0	0	0
S(0,5)AngScMom	0.00025361207	0	0	0	0	0	0	0	0	0	0	0	0	0	0	0
S(0,5)Contrast	663.91615	0	0	0	0	0	0	0	0	0	0	0	0	0	0	0
S(0,5)Correlat	0.0041002372	0	0	0	0	0	0	0	0	0	0	0	0	0	0	0
S(0,5)SumOfSqs	333.32478	0	0	0	0	0	0	0	0	0	0	0	0	0	0	0
S(0,5)InvDfMom	0.046910387	0	0	0	0	0	0	0	0	0	0	0	0	0	0	0
S(0,5)SumAverg	65.752926	0	0	0	0	0	0	0	0	0	0	0	0	0	0	0
S(0,5)SumVarnc	669.38299	0	0	0	0	0	0	0	0	0	0	0	0	0	0	0
S(0,5)SumEntrp	2.0190586	0	0	0	0	0	0	0	0	0	0	0	0	0	0	0
S(0,5)Entropy	3.6038887	0	0	0	0	0	0	0	0	0	0	0	0	0	0	0
S(0,5)DifVarnc	221.65111	0	0	0	0	0	0	0	0	0	0	0	0	0	0	0
S(0,5)DifEntrp	1.7215279	0	0	0	0	0	0	0	0	0	0	0	0	0	0	0
_Area_S(5,5)	126002	0	0	0	0	0	0	0	0	0	0	0	0	0	0	0
S(5,5)AngScMom	0.00025400113	0	0	0	0	0	0	0	0	0	0	0	0	0	0	0
S(5,5)Contrast	671.6958	0	0	0	0	0	0	0	0	0	0	0	0	0	0	0
S(5,5)Correlat	-0.0076765204	0	0	0	0	0	0	0	0	0	0	0	0	0	0	0
S(5,5)SumOfSqs	333.2894	0	0	0	0	0	0	0	0	0	0	0	0	0	0	0
S(5,5)InvDfMom	0.046961107	0	0	0	0	0	0	0	0	0	0	0	0	0	0	0
S(5,5)SumAverg	65.749512	0	0	0	0	0	0	0	0	0	0	0	0	0	0	0
S(5,5)SumVarnc	661.46179	0	0	0	0	0	0	0	0	0	0	0	0	0	0	0
S(5,5)SumEntrp	2.016912	0	0	0	0	0	0	0	0	0	0	0	0	0	0	0
S(5,5)Entropy	3.6035058	0	0	0	0	0	0	0	0	0	0	0	0	0	0	0
S(5,5)DifVarnc	223.06587	0	0	0	0	0	0	0	0	0	0	0	0	0	0	0
S(5,5)DifEntrp	1.7233469	0	0	0	0	0	0	0	0	0	0	0	0	0	0	0
_Area_S(5,-5)	126002	0	0	0	0	0	0	0	0	0	0	0	0	0	0	0
S(5,-5)AngScMom	0.0002540616	0	0	0	0	0	0	0	0	0	0	0	0	0	0	0
S(5,-5)Contrast	665.83253	0	0	0	0	0	0	0	0	0	0	0	0	0	0	0
S(5,-5)Correlat	0.0010860083	0	0	0	0	0	0	0	0	0	0	0	0	0	0	0
S(5,-5)SumOfSqs	333.27821	0	0	0	0	0	0	0	0	0	0	0	0	0	0	0
S(5,-5)InvDfMom	0.046933523	0	0	0	0	0	0	0	0	0	0	0	0	0	0	0
S(5,-5)SumAverg	65.749639	0	0	0	0	0	0	0	0	0	0	0	0	0	0	0
S(5,-5)SumVarnc	667.2803	0	0	0	0	0	0	0	0	0	0	0	0	0	0	0
S(5,-5)SumEntrp	2.0185781	0	0	0	0	0	0	0	0	0	0	0	0	0	0	0
S(5,-5)Entropy	3.6034333	0	0	0	0	0	0	0	0	0	0	0	0	0	0	0
S(5,-5)DifVarnc	221.85824	0	0	0	0	0	0	0	0	0	0	0	0	0	0	0
S(5,-5)DifEntrp	1.7217538	0	0	0	0	0	0	0	0	0	0	0	0	0	0	0
Horzl_RLNonUni	62499.903	0	0	0	0	0	0	0	0	0	0	0	0	0	0	0
Horzl_GLevNonU	1011.3955	0	0	0	0	0	0	0	0	0	0	0	0	0	0	0
Horzl_LngREmph	1.0495713	0	0	0	0	0	0	0	0	0	0	0	0	0	0	0
Horzl_ShrtREmp	0.98816872	0	0	0	0	0	0	0	0	0	0	0	0	0	0	0
Horzl_Fraction	0.98408508	0	0	0	0	0	0	0	0	0	0	0	0	0	0	0
Vertl_RLNonUni	62478.556	0	0	0	0	0	0	0	0	0	0	0	0	0	0	0
Vertl_GLevNonU	1011.3084	0	0	0	0	0	0	0	0	0	0	0	0	0	0	0
Vertl_LngREmph	1.0495433	0	0	0	0	0	0	0	0	0	0	0	0	0	0	0
Vertl_ShrtREmp	0.98807129	0	0	0	0	0	0	0	0	0	0	0	0	0	0	0
Vertl_Fraction	0.98402405	0	0	0	0	0	0	0	0	0	0	0	0	0	0	0
45dgr_RLNonUni	62390.791	0	0	0	0	0	0	0	0	0	0	0	0	0	0	0
45dgr_GLevNonU	1010.8126	0	0	0	0	0	0	0	0	0	0	0	0	0	0	0
45dgr_LngREmph	1.0505872	0	0	0	0	0	0	0	0	0	0	0	0	0	0	0
45dgr_ShrtREmp	0.9877071	0	0	0	0	0	0	0	0	0	0	0	0	0	0	0
45dgr_Fraction	0.98362732	0	0	0	0	0	0	0	0	0	0	0	0	0	0	0
135dr_RLNonUni	62560.263	0	0	0	0	0	0	0	0	0	0	0	0	0	0	0
135dr_GLevNonU	1011.8329	0	0	0	0	0	0	0	0	0	0	0	0	0	0	0
135dr_LngREmph	1.0477667	0	0	0	0	0	0	0	0	0	0	0	0	0	0	0
135dr_ShrtREmp	0.98838661	0	0	0	0	0	0	0	0	0	0	0	0	0	0	0
135dr_Fraction	0.98452759	0	0	0	0	0	0	0	0	0	0	0	0	0	0	0
_AreaGr	64516	0	0	0	0	0	0	0	0	0	0	0	0	0	0	0
GrMean	8.2394304	0	0	0	0	0	0	0	0	0	0	0	0	0	0	0
GrVariance	15.422516	0	0	0	0	0	0	0	0	0	0	0	0	0	0	0
GrSkewness	0.18753537	0	0	0	0	0	0	0	0	0	0	0	0	0	0	0
GrKurtosis	-0.64807136	0	0	0	0	0	0	0	0	0	0	0	0	0	0	0
GrNonZeros	0.99595449	0	0	0	0	0	0	0	0	0	0	0	0	0	0	0
_AreaARM	64770	0	0	0	0	0	0	0	0	0	0	0	0	0	0	0
Teta1	-0.0012103625	0	0	0	0	0	0	0	0	0	0	0	0	0	0	0
Teta2	0.0027271324	0	0	0	0	0	0	0	0	0	0	0	0	0	0	0
Teta3	0.0031659138	0	0	0	0	0	0	0	0	0	0	0	0	0	0	0
Teta4	0.00048548437	0	0	0	0	0	0	0	0	0	0	0	0	0	0	0
Sigma	0.9993964	0	0	0	0	0	0	0	0	0	0	0	0	0	0	0
WavEnLL_s-1	17998.422	0	0	0	0	0	0	0	0	0	0	0	0	0	0	0
WavEnLH_s-1	1306.051	0	0	0	0	0	0	0	0	0	0	0	0	0	0	0
WavEnHL_s-1	1326.4128	0	0	0	0	0	0	0	0	0	0	0	0	0	0	0
WavEnHH_s-1	1351.8267	0	0	0	0	0	0	0	0	0	0	0	0	0	0	0
WavEnLL_s-2	16993.05	0	0	0	0	0	0	0	0	0	0	0	0	0	0	0
WavEnLH_s-2	324.45282	0	0	0	0	0	0	0	0	0	0	0	0	0	0	0
WavEnHL_s-2	346.08238	0	0	0	0	0	0	0	0	0	0	0	0	0	0	0
WavEnHH_s-2	334.83669	0	0	0	0	0	0	0	0	0	0	0	0	0	0	0
WavEnLL_s-3	16724.56	0	0	0	0	0	0	0	0	0	0	0	0	0	0	0
WavEnLH_s-3	94.412632	0	0	0	0	0	0	0	0	0	0	0	0	0	0	0
WavEnHL_s-3	88.722803	0	0	0	0	0	0	0	0	0	0	0	0	0	0	0
WavEnHH_s-3	85.354276	0	0	0	0	0	0	0	0	0	0	0	0	0	0	0
WavEnLL_s-4	16663.147	0	0	0	0	0	0	0	0	0	0	0	0	0	0	0
WavEnLH_s-4	21.254694	0	0	0	0	0	0	0	0	0	0	0	0	0	0	0
WavEnHL_s-4	20.564607	0	0	0	0	0	0	0	0	0	0	0	0	0	0	0
WavEnHH_s-4	19.593992	0	0	0	0	0	0	0	0	0	0	0	0	0	0	0
