Image File: seat2-a-p032.png 
ROI File: allred.roi 
Image size: 256 x 256
Min. lum.: 1
Max. lum.: 256
Bits/pixel: 8

Normalisation =  No
Histogram analysis = Yes
CO matrix analysis = Yes, Dimensions = 6 x 6, Distances = 1 2 3 4 5
RL matrix analysis = Yes, Dimension = 6
Gradient analysis = Yes, Max pixel value = 16
AR model analysis = Yes
Wavelet analysis = Yes

--------------- CLASS NAMES ----------------

----------------- FEATURES -----------------
_Area	65536	0	0	0	0	0	0	0	0	0	0	0	0	0	0	0
Mean	130.91939	0	0	0	0	0	0	0	0	0	0	0	0	0	0	0
Variance	5349.5879	0	0	0	0	0	0	0	0	0	0	0	0	0	0	0
Skewness	-0.028467475	0	0	0	0	0	0	0	0	0	0	0	0	0	0	0
Kurtosis	-1.1915665	0	0	0	0	0	0	0	0	0	0	0	0	0	0	0
Perc.01%	4	0	0	0	0	0	0	0	0	0	0	0	0	0	0	0
Perc.10%	29	0	0	0	0	0	0	0	0	0	0	0	0	0	0	0
Perc.50%	132	0	0	0	0	0	0	0	0	0	0	0	0	0	0	0
Perc.90%	232	0	0	0	0	0	0	0	0	0	0	0	0	0	0	0
Perc.99%	254	0	0	0	0	0	0	0	0	0	0	0	0	0	0	0
_Area_S(1,0)	130560	0	0	0	0	0	0	0	0	0	0	0	0	0	0	0
S(1,0)AngScMom	0.00025570574	0	0	0	0	0	0	0	0	0	0	0	0	0	0	0
S(1,0)Contrast	659.06561	0	0	0	0	0	0	0	0	0	0	0	0	0	0	0
S(1,0)Correlat	0.014014901	0	0	0	0	0	0	0	0	0	0	0	0	0	0	0
S(1,0)SumOfSqs	334.21682	0	0	0	0	0	0	0	0	0	0	0	0	0	0	0
S(1,0)InvDfMom	0.048951167	0	0	0	0	0	0	0	0	0	0	0	0	0	0	0
S(1,0)SumAverg	66.205836	0	0	0	0	0	0	0	0	0	0	0	0	0	0	0
S(1,0)SumVarnc	677.80167	0	0	0	0	0	0	0	0	0	0	0	0	0	0	0
S(1,0)SumEntrp	2.0215754	0	0	0	0	0	0	0	0	0	0	0	0	0	0	0
S(1,0)Entropy	3.6020027	0	0	0	0	0	0	0	0	0	0	0	0	0	0	0
S(1,0)DifVarnc	221.17472	0	0	0	0	0	0	0	0	0	0	0	0	0	0	0
S(1,0)DifEntrp	1.7201674	0	0	0	0	0	0	0	0	0	0	0	0	0	0	0
_Area_S(0,1)	130560	0	0	0	0	0	0	0	0	0	0	0	0	0	0	0
S(0,1)AngScMom	0.00025478576	0	0	0	0	0	0	0	0	0	0	0	0	0	0	0
S(0,1)Contrast	672.46454	0	0	0	0	0	0	0	0	0	0	0	0	0	0	0
S(0,1)Correlat	-0.0065531559	0	0	0	0	0	0	0	0	0	0	0	0	0	0	0
S(0,1)SumOfSqs	334.04323	0	0	0	0	0	0	0	0	0	0	0	0	0	0	0
S(0,1)InvDfMom	0.046697227	0	0	0	0	0	0	0	0	0	0	0	0	0	0	0
S(0,1)SumAverg	66.210677	0	0	0	0	0	0	0	0	0	0	0	0	0	0	0
S(0,1)SumVarnc	663.70839	0	0	0	0	0	0	0	0	0	0	0	0	0	0	0
S(0,1)SumEntrp	2.0171516	0	0	0	0	0	0	0	0	0	0	0	0	0	0	0
S(0,1)Entropy	3.6027908	0	0	0	0	0	0	0	0	0	0	0	0	0	0	0
S(0,1)DifVarnc	224.88346	0	0	0	0	0	0	0	0	0	0	0	0	0	0	0
S(0,1)DifEntrp	1.7237925	0	0	0	0	0	0	0	0	0	0	0	0	0	0	0
_Area_S(1,1)	130050	0	0	0	0	0	0	0	0	0	0	0	0	0	0	0
S(1,1)AngScMom	0.00025467365	0	0	0	0	0	0	0	0	0	0	0	0	0	0	0
S(1,1)Contrast	674.13132	0	0	0	0	0	0	0	0	0	0	0	0	0	0	0
S(1,1)Correlat	-0.0091179883	0	0	0	0	0	0	0	0	0	0	0	0	0	0	0
S(1,1)SumOfSqs	334.02007	0	0	0	0	0	0	0	0	0	0	0	0	0	0	0
S(1,1)InvDfMom	0.046808819	0	0	0	0	0	0	0	0	0	0	0	0	0	0	0
S(1,1)SumAverg	66.221776	0	0	0	0	0	0	0	0	0	0	0	0	0	0	0
S(1,1)SumVarnc	661.94895	0	0	0	0	0	0	0	0	0	0	0	0	0	0	0
S(1,1)SumEntrp	2.0167882	0	0	0	0	0	0	0	0	0	0	0	0	0	0	0
S(1,1)Entropy	3.6029673	0	0	0	0	0	0	0	0	0	0	0	0	0	0	0
S(1,1)DifVarnc	224.4585	0	0	0	0	0	0	0	0	0	0	0	0	0	0	0
S(1,1)DifEntrp	1.7241492	0	0	0	0	0	0	0	0	0	0	0	0	0	0	0
_Area_S(1,-1)	130050	0	0	0	0	0	0	0	0	0	0	0	0	0	0	0
S(1,-1)AngScMom	0.00025494137	0	0	0	0	0	0	0	0	0	0	0	0	0	0	0
S(1,-1)Contrast	671.14399	0	0	0	0	0	0	0	0	0	0	0	0	0	0	0
S(1,-1)Correlat	-0.0046760174	0	0	0	0	0	0	0	0	0	0	0	0	0	0	0
S(1,-1)SumOfSqs	334.01016	0	0	0	0	0	0	0	0	0	0	0	0	0	0	0
S(1,-1)InvDfMom	0.047342085	0	0	0	0	0	0	0	0	0	0	0	0	0	0	0
S(1,-1)SumAverg	66.22093	0	0	0	0	0	0	0	0	0	0	0	0	0	0	0
S(1,-1)SumVarnc	664.89664	0	0	0	0	0	0	0	0	0	0	0	0	0	0	0
S(1,-1)SumEntrp	2.0174546	0	0	0	0	0	0	0	0	0	0	0	0	0	0	0
S(1,-1)Entropy	3.6026676	0	0	0	0	0	0	0	0	0	0	0	0	0	0	0
S(1,-1)DifVarnc	224.05744	0	0	0	0	0	0	0	0	0	0	0	0	0	0	0
S(1,-1)DifEntrp	1.7236092	0	0	0	0	0	0	0	0	0	0	0	0	0	0	0
_Area_S(2,0)	130048	0	0	0	0	0	0	0	0	0	0	0	0	0	0	0
S(2,0)AngScMom	0.00025469224	0	0	0	0	0	0	0	0	0	0	0	0	0	0	0
S(2,0)Contrast	658.67214	0	0	0	0	0	0	0	0	0	0	0	0	0	0	0
S(2,0)Correlat	0.014543089	0	0	0	0	0	0	0	0	0	0	0	0	0	0	0
S(2,0)SumOfSqs	334.19631	0	0	0	0	0	0	0	0	0	0	0	0	0	0	0
S(2,0)InvDfMom	0.048220993	0	0	0	0	0	0	0	0	0	0	0	0	0	0	0
S(2,0)SumAverg	66.215413	0	0	0	0	0	0	0	0	0	0	0	0	0	0	0
S(2,0)SumVarnc	678.11312	0	0	0	0	0	0	0	0	0	0	0	0	0	0	0
S(2,0)SumEntrp	2.021819	0	0	0	0	0	0	0	0	0	0	0	0	0	0	0
S(2,0)Entropy	3.6028301	0	0	0	0	0	0	0	0	0	0	0	0	0	0	0
S(2,0)DifVarnc	220.12513	0	0	0	0	0	0	0	0	0	0	0	0	0	0	0
S(2,0)DifEntrp	1.7199775	0	0	0	0	0	0	0	0	0	0	0	0	0	0	0
_Area_S(0,2)	130048	0	0	0	0	0	0	0	0	0	0	0	0	0	0	0
S(0,2)AngScMom	0.00025461041	0	0	0	0	0	0	0	0	0	0	0	0	0	0	0
S(0,2)Contrast	673.32719	0	0	0	0	0	0	0	0	0	0	0	0	0	0	0
S(0,2)Correlat	-0.0080344974	0	0	0	0	0	0	0	0	0	0	0	0	0	0	0
S(0,2)SumOfSqs	333.98023	0	0	0	0	0	0	0	0	0	0	0	0	0	0	0
S(0,2)InvDfMom	0.046982058	0	0	0	0	0	0	0	0	0	0	0	0	0	0	0
S(0,2)SumAverg	66.207662	0	0	0	0	0	0	0	0	0	0	0	0	0	0	0
S(0,2)SumVarnc	662.59373	0	0	0	0	0	0	0	0	0	0	0	0	0	0	0
S(0,2)SumEntrp	2.0172371	0	0	0	0	0	0	0	0	0	0	0	0	0	0	0
S(0,2)Entropy	3.6029315	0	0	0	0	0	0	0	0	0	0	0	0	0	0	0
S(0,2)DifVarnc	224.55583	0	0	0	0	0	0	0	0	0	0	0	0	0	0	0
S(0,2)DifEntrp	1.7238447	0	0	0	0	0	0	0	0	0	0	0	0	0	0	0
_Area_S(2,2)	129032	0	0	0	0	0	0	0	0	0	0	0	0	0	0	0
S(2,2)AngScMom	0.00025403104	0	0	0	0	0	0	0	0	0	0	0	0	0	0	0
S(2,2)Contrast	668.96483	0	0	0	0	0	0	0	0	0	0	0	0	0	0	0
S(2,2)Correlat	-0.0016670389	0	0	0	0	0	0	0	0	0	0	0	0	0	0	0
S(2,2)SumOfSqs	333.92575	0	0	0	0	0	0	0	0	0	0	0	0	0	0	0
S(2,2)InvDfMom	0.046566856	0	0	0	0	0	0	0	0	0	0	0	0	0	0	0
S(2,2)SumAverg	66.22861	0	0	0	0	0	0	0	0	0	0	0	0	0	0	0
S(2,2)SumVarnc	666.73816	0	0	0	0	0	0	0	0	0	0	0	0	0	0	0
S(2,2)SumEntrp	2.0184342	0	0	0	0	0	0	0	0	0	0	0	0	0	0	0
S(2,2)Entropy	3.6034366	0	0	0	0	0	0	0	0	0	0	0	0	0	0	0
S(2,2)DifVarnc	221.79994	0	0	0	0	0	0	0	0	0	0	0	0	0	0	0
S(2,2)DifEntrp	1.7224067	0	0	0	0	0	0	0	0	0	0	0	0	0	0	0
_Area_S(2,-2)	129032	0	0	0	0	0	0	0	0	0	0	0	0	0	0	0
S(2,-2)AngScMom	0.00025445796	0	0	0	0	0	0	0	0	0	0	0	0	0	0	0
S(2,-2)Contrast	666.29326	0	0	0	0	0	0	0	0	0	0	0	0	0	0	0
S(2,-2)Correlat	0.0023099904	0	0	0	0	0	0	0	0	0	0	0	0	0	0	0
S(2,-2)SumOfSqs	333.91798	0	0	0	0	0	0	0	0	0	0	0	0	0	0	0
S(2,-2)InvDfMom	0.047227293	0	0	0	0	0	0	0	0	0	0	0	0	0	0	0
S(2,-2)SumAverg	66.226951	0	0	0	0	0	0	0	0	0	0	0	0	0	0	0
S(2,-2)SumVarnc	669.37865	0	0	0	0	0	0	0	0	0	0	0	0	0	0	0
S(2,-2)SumEntrp	2.0189795	0	0	0	0	0	0	0	0	0	0	0	0	0	0	0
S(2,-2)Entropy	3.6030674	0	0	0	0	0	0	0	0	0	0	0	0	0	0	0
S(2,-2)DifVarnc	220.83048	0	0	0	0	0	0	0	0	0	0	0	0	0	0	0
S(2,-2)DifEntrp	1.7220207	0	0	0	0	0	0	0	0	0	0	0	0	0	0	0
_Area_S(3,0)	129536	0	0	0	0	0	0	0	0	0	0	0	0	0	0	0
S(3,0)AngScMom	0.00025469918	0	0	0	0	0	0	0	0	0	0	0	0	0	0	0
S(3,0)Contrast	668.64729	0	0	0	0	0	0	0	0	0	0	0	0	0	0	0
S(3,0)Correlat	-0.00038061547	0	0	0	0	0	0	0	0	0	0	0	0	0	0	0
S(3,0)SumOfSqs	334.19645	0	0	0	0	0	0	0	0	0	0	0	0	0	0	0
S(3,0)InvDfMom	0.047151183	0	0	0	0	0	0	0	0	0	0	0	0	0	0	0
S(3,0)SumAverg	66.21313	0	0	0	0	0	0	0	0	0	0	0	0	0	0	0
S(3,0)SumVarnc	668.13849	0	0	0	0	0	0	0	0	0	0	0	0	0	0	0
S(3,0)SumEntrp	2.0185286	0	0	0	0	0	0	0	0	0	0	0	0	0	0	0
S(3,0)Entropy	3.60286	0	0	0	0	0	0	0	0	0	0	0	0	0	0	0
S(3,0)DifVarnc	223.11719	0	0	0	0	0	0	0	0	0	0	0	0	0	0	0
S(3,0)DifEntrp	1.7228079	0	0	0	0	0	0	0	0	0	0	0	0	0	0	0
_Area_S(0,3)	129536	0	0	0	0	0	0	0	0	0	0	0	0	0	0	0
S(0,3)AngScMom	0.00025451371	0	0	0	0	0	0	0	0	0	0	0	0	0	0	0
S(0,3)Contrast	670.96708	0	0	0	0	0	0	0	0	0	0	0	0	0	0	0
S(0,3)Correlat	-0.004443107	0	0	0	0	0	0	0	0	0	0	0	0	0	0	0
S(0,3)SumOfSqs	333.99955	0	0	0	0	0	0	0	0	0	0	0	0	0	0	0
S(0,3)InvDfMom	0.045697165	0	0	0	0	0	0	0	0	0	0	0	0	0	0	0
S(0,3)SumAverg	66.206645	0	0	0	0	0	0	0	0	0	0	0	0	0	0	0
S(0,3)SumVarnc	665.0311	0	0	0	0	0	0	0	0	0	0	0	0	0	0	0
S(0,3)SumEntrp	2.0177575	0	0	0	0	0	0	0	0	0	0	0	0	0	0	0
S(0,3)Entropy	3.6030786	0	0	0	0	0	0	0	0	0	0	0	0	0	0	0
S(0,3)DifVarnc	221.21647	0	0	0	0	0	0	0	0	0	0	0	0	0	0	0
S(0,3)DifEntrp	1.723053	0	0	0	0	0	0	0	0	0	0	0	0	0	0	0
_Area_S(3,3)	128018	0	0	0	0	0	0	0	0	0	0	0	0	0	0	0
S(3,3)AngScMom	0.00025458354	0	0	0	0	0	0	0	0	0	0	0	0	0	0	0
S(3,3)Contrast	670.14507	0	0	0	0	0	0	0	0	0	0	0	0	0	0	0
S(3,3)Correlat	-0.0033642778	0	0	0	0	0	0	0	0	0	0	0	0	0	0	0
S(3,3)SumOfSqs	333.94904	0	0	0	0	0	0	0	0	0	0	0	0	0	0	0
S(3,3)InvDfMom	0.047075263	0	0	0	0	0	0	0	0	0	0	0	0	0	0	0
S(3,3)SumAverg	66.225531	0	0	0	0	0	0	0	0	0	0	0	0	0	0	0
S(3,3)SumVarnc	665.65108	0	0	0	0	0	0	0	0	0	0	0	0	0	0	0
S(3,3)SumEntrp	2.0178586	0	0	0	0	0	0	0	0	0	0	0	0	0	0	0
S(3,3)Entropy	3.6030182	0	0	0	0	0	0	0	0	0	0	0	0	0	0	0
S(3,3)DifVarnc	223.13995	0	0	0	0	0	0	0	0	0	0	0	0	0	0	0
S(3,3)DifEntrp	1.7232402	0	0	0	0	0	0	0	0	0	0	0	0	0	0	0
_Area_S(3,-3)	128018	0	0	0	0	0	0	0	0	0	0	0	0	0	0	0
S(3,-3)AngScMom	0.00025470204	0	0	0	0	0	0	0	0	0	0	0	0	0	0	0
S(3,-3)Contrast	669.16399	0	0	0	0	0	0	0	0	0	0	0	0	0	0	0
S(3,-3)Correlat	-0.00190999	0	0	0	0	0	0	0	0	0	0	0	0	0	0	0
S(3,-3)SumOfSqs	333.94417	0	0	0	0	0	0	0	0	0	0	0	0	0	0	0
S(3,-3)InvDfMom	0.047312117	0	0	0	0	0	0	0	0	0	0	0	0	0	0	0
S(3,-3)SumAverg	66.224687	0	0	0	0	0	0	0	0	0	0	0	0	0	0	0
S(3,-3)SumVarnc	666.61267	0	0	0	0	0	0	0	0	0	0	0	0	0	0	0
S(3,-3)SumEntrp	2.0181874	0	0	0	0	0	0	0	0	0	0	0	0	0	0	0
S(3,-3)Entropy	3.6028557	0	0	0	0	0	0	0	0	0	0	0	0	0	0	0
S(3,-3)DifVarnc	222.98425	0	0	0	0	0	0	0	0	0	0	0	0	0	0	0
S(3,-3)DifEntrp	1.7226922	0	0	0	0	0	0	0	0	0	0	0	0	0	0	0
_Area_S(4,0)	129024	0	0	0	0	0	0	0	0	0	0	0	0	0	0	0
S(4,0)AngScMom	0.00025448099	0	0	0	0	0	0	0	0	0	0	0	0	0	0	0
S(4,0)Contrast	665.15399	0	0	0	0	0	0	0	0	0	0	0	0	0	0	0
S(4,0)Correlat	0.0047456661	0	0	0	0	0	0	0	0	0	0	0	0	0	0	0
S(4,0)SumOfSqs	334.16282	0	0	0	0	0	0	0	0	0	0	0	0	0	0	0
S(4,0)InvDfMom	0.048072293	0	0	0	0	0	0	0	0	0	0	0	0	0	0	0
S(4,0)SumAverg	66.216828	0	0	0	0	0	0	0	0	0	0	0	0	0	0	0
S(4,0)SumVarnc	671.49729	0	0	0	0	0	0	0	0	0	0	0	0	0	0	0
S(4,0)SumEntrp	2.0194528	0	0	0	0	0	0	0	0	0	0	0	0	0	0	0
S(4,0)Entropy	3.6030305	0	0	0	0	0	0	0	0	0	0	0	0	0	0	0
S(4,0)DifVarnc	222.65923	0	0	0	0	0	0	0	0	0	0	0	0	0	0	0
S(4,0)DifEntrp	1.7219079	0	0	0	0	0	0	0	0	0	0	0	0	0	0	0
_Area_S(0,4)	129024	0	0	0	0	0	0	0	0	0	0	0	0	0	0	0
S(0,4)AngScMom	0.00025477821	0	0	0	0	0	0	0	0	0	0	0	0	0	0	0
S(0,4)Contrast	665.40382	0	0	0	0	0	0	0	0	0	0	0	0	0	0	0
S(0,4)Correlat	0.0038085935	0	0	0	0	0	0	0	0	0	0	0	0	0	0	0
S(0,4)SumOfSqs	333.97388	0	0	0	0	0	0	0	0	0	0	0	0	0	0	0
S(0,4)InvDfMom	0.046734272	0	0	0	0	0	0	0	0	0	0	0	0	0	0	0
S(0,4)SumAverg	66.207233	0	0	0	0	0	0	0	0	0	0	0	0	0	0	0
S(0,4)SumVarnc	670.4917	0	0	0	0	0	0	0	0	0	0	0	0	0	0	0
S(0,4)SumEntrp	2.018712	0	0	0	0	0	0	0	0	0	0	0	0	0	0	0
S(0,4)Entropy	3.6028084	0	0	0	0	0	0	0	0	0	0	0	0	0	0	0
S(0,4)DifVarnc	222.30954	0	0	0	0	0	0	0	0	0	0	0	0	0	0	0
S(0,4)DifEntrp	1.7216804	0	0	0	0	0	0	0	0	0	0	0	0	0	0	0
_Area_S(4,4)	127008	0	0	0	0	0	0	0	0	0	0	0	0	0	0	0
S(4,4)AngScMom	0.0002546338	0	0	0	0	0	0	0	0	0	0	0	0	0	0	0
S(4,4)Contrast	666.17996	0	0	0	0	0	0	0	0	0	0	0	0	0	0	0
S(4,4)Correlat	0.00241233	0	0	0	0	0	0	0	0	0	0	0	0	0	0	0
S(4,4)SumOfSqs	333.89544	0	0	0	0	0	0	0	0	0	0	0	0	0	0	0
S(4,4)InvDfMom	0.047346312	0	0	0	0	0	0	0	0	0	0	0	0	0	0	0
S(4,4)SumAverg	66.227639	0	0	0	0	0	0	0	0	0	0	0	0	0	0	0
S(4,4)SumVarnc	669.40182	0	0	0	0	0	0	0	0	0	0	0	0	0	0	0
S(4,4)SumEntrp	2.0189335	0	0	0	0	0	0	0	0	0	0	0	0	0	0	0
S(4,4)Entropy	3.602974	0	0	0	0	0	0	0	0	0	0	0	0	0	0	0
S(4,4)DifVarnc	222.98941	0	0	0	0	0	0	0	0	0	0	0	0	0	0	0
S(4,4)DifEntrp	1.7220758	0	0	0	0	0	0	0	0	0	0	0	0	0	0	0
_Area_S(4,-4)	127008	0	0	0	0	0	0	0	0	0	0	0	0	0	0	0
S(4,-4)AngScMom	0.00025486243	0	0	0	0	0	0	0	0	0	0	0	0	0	0	0
S(4,-4)Contrast	668.35069	0	0	0	0	0	0	0	0	0	0	0	0	0	0	0
S(4,-4)Correlat	-0.00086435552	0	0	0	0	0	0	0	0	0	0	0	0	0	0	0
S(4,-4)SumOfSqs	333.88675	0	0	0	0	0	0	0	0	0	0	0	0	0	0	0
S(4,-4)InvDfMom	0.047223377	0	0	0	0	0	0	0	0	0	0	0	0	0	0	0
S(4,-4)SumAverg	66.227828	0	0	0	0	0	0	0	0	0	0	0	0	0	0	0
S(4,-4)SumVarnc	667.1963	0	0	0	0	0	0	0	0	0	0	0	0	0	0	0
S(4,-4)SumEntrp	2.0184593	0	0	0	0	0	0	0	0	0	0	0	0	0	0	0
S(4,-4)Entropy	3.6027443	0	0	0	0	0	0	0	0	0	0	0	0	0	0	0
S(4,-4)DifVarnc	221.88012	0	0	0	0	0	0	0	0	0	0	0	0	0	0	0
S(4,-4)DifEntrp	1.7226053	0	0	0	0	0	0	0	0	0	0	0	0	0	0	0
_Area_S(5,0)	128512	0	0	0	0	0	0	0	0	0	0	0	0	0	0	0
S(5,0)AngScMom	0.00025463826	0	0	0	0	0	0	0	0	0	0	0	0	0	0	0
S(5,0)Contrast	670.64503	0	0	0	0	0	0	0	0	0	0	0	0	0	0	0
S(5,0)Correlat	-0.003489482	0	0	0	0	0	0	0	0	0	0	0	0	0	0	0
S(5,0)SumOfSqs	334.15648	0	0	0	0	0	0	0	0	0	0	0	0	0	0	0
S(5,0)InvDfMom	0.04710665	0	0	0	0	0	0	0	0	0	0	0	0	0	0	0
S(5,0)SumAverg	66.221287	0	0	0	0	0	0	0	0	0	0	0	0	0	0	0
S(5,0)SumVarnc	665.9809	0	0	0	0	0	0	0	0	0	0	0	0	0	0	0
S(5,0)SumEntrp	2.018085	0	0	0	0	0	0	0	0	0	0	0	0	0	0	0
S(5,0)Entropy	3.6029091	0	0	0	0	0	0	0	0	0	0	0	0	0	0	0
S(5,0)DifVarnc	224.50893	0	0	0	0	0	0	0	0	0	0	0	0	0	0	0
S(5,0)DifEntrp	1.723126	0	0	0	0	0	0	0	0	0	0	0	0	0	0	0
_Area_S(0,5)	128512	0	0	0	0	0	0	0	0	0	0	0	0	0	0	0
S(0,5)AngScMom	0.00025456221	0	0	0	0	0	0	0	0	0	0	0	0	0	0	0
S(0,5)Contrast	667.98254	0	0	0	0	0	0	0	0	0	0	0	0	0	0	0
S(0,5)Correlat	-8.6862363e-05	0	0	0	0	0	0	0	0	0	0	0	0	0	0	0
S(0,5)SumOfSqs	333.96226	0	0	0	0	0	0	0	0	0	0	0	0	0	0	0
S(0,5)InvDfMom	0.046738819	0	0	0	0	0	0	0	0	0	0	0	0	0	0	0
S(0,5)SumAverg	66.208447	0	0	0	0	0	0	0	0	0	0	0	0	0	0	0
S(0,5)SumVarnc	667.8665	0	0	0	0	0	0	0	0	0	0	0	0	0	0	0
S(0,5)SumEntrp	2.0185679	0	0	0	0	0	0	0	0	0	0	0	0	0	0	0
S(0,5)Entropy	3.6029991	0	0	0	0	0	0	0	0	0	0	0	0	0	0	0
S(0,5)DifVarnc	222.49903	0	0	0	0	0	0	0	0	0	0	0	0	0	0	0
S(0,5)DifEntrp	1.7225919	0	0	0	0	0	0	0	0	0	0	0	0	0	0	0
_Area_S(5,5)	126002	0	0	0	0	0	0	0	0	0	0	0	0	0	0	0
S(5,5)AngScMom	0.00025485308	0	0	0	0	0	0	0	0	0	0	0	0	0	0	0
S(5,5)Contrast	666.65451	0	0	0	0	0	0	0	0	0	0	0	0	0	0	0
S(5,5)Correlat	0.0016645518	0	0	0	0	0	0	0	0	0	0	0	0	0	0	0
S(5,5)SumOfSqs	333.88302	0	0	0	0	0	0	0	0	0	0	0	0	0	0	0
S(5,5)InvDfMom	0.047248892	0	0	0	0	0	0	0	0	0	0	0	0	0	0	0
S(5,5)SumAverg	66.234107	0	0	0	0	0	0	0	0	0	0	0	0	0	0	0
S(5,5)SumVarnc	668.87758	0	0	0	0	0	0	0	0	0	0	0	0	0	0	0
S(5,5)SumEntrp	2.0185942	0	0	0	0	0	0	0	0	0	0	0	0	0	0	0
S(5,5)Entropy	3.6027184	0	0	0	0	0	0	0	0	0	0	0	0	0	0	0
S(5,5)DifVarnc	223.6643	0	0	0	0	0	0	0	0	0	0	0	0	0	0	0
S(5,5)DifEntrp	1.7222967	0	0	0	0	0	0	0	0	0	0	0	0	0	0	0
_Area_S(5,-5)	126002	0	0	0	0	0	0	0	0	0	0	0	0	0	0	0
S(5,-5)AngScMom	0.00025489894	0	0	0	0	0	0	0	0	0	0	0	0	0	0	0
S(5,-5)Contrast	670.33515	0	0	0	0	0	0	0	0	0	0	0	0	0	0	0
S(5,-5)Correlat	-0.0038823627	0	0	0	0	0	0	0	0	0	0	0	0	0	0	0
S(5,-5)SumOfSqs	333.87137	0	0	0	0	0	0	0	0	0	0	0	0	0	0	0
S(5,-5)InvDfMom	0.046415831	0	0	0	0	0	0	0	0	0	0	0	0	0	0	0
S(5,-5)SumAverg	66.234012	0	0	0	0	0	0	0	0	0	0	0	0	0	0	0
S(5,-5)SumVarnc	665.15031	0	0	0	0	0	0	0	0	0	0	0	0	0	0	0
S(5,-5)SumEntrp	2.0176693	0	0	0	0	0	0	0	0	0	0	0	0	0	0	0
S(5,-5)Entropy	3.6026757	0	0	0	0	0	0	0	0	0	0	0	0	0	0	0
S(5,-5)DifVarnc	221.1187	0	0	0	0	0	0	0	0	0	0	0	0	0	0	0
S(5,-5)DifEntrp	1.7228205	0	0	0	0	0	0	0	0	0	0	0	0	0	0	0
Horzl_RLNonUni	62325.921	0	0	0	0	0	0	0	0	0	0	0	0	0	0	0
Horzl_GLevNonU	1012.5513	0	0	0	0	0	0	0	0	0	0	0	0	0	0	0
Horzl_LngREmph	1.0520043	0	0	0	0	0	0	0	0	0	0	0	0	0	0	0
Horzl_ShrtREmp	0.98745642	0	0	0	0	0	0	0	0	0	0	0	0	0	0	0
Horzl_Fraction	0.98323059	0	0	0	0	0	0	0	0	0	0	0	0	0	0	0
Vertl_RLNonUni	62620.895	0	0	0	0	0	0	0	0	0	0	0	0	0	0	0
Vertl_GLevNonU	1014.0234	0	0	0	0	0	0	0	0	0	0	0	0	0	0	0
Vertl_LngREmph	1.0467912	0	0	0	0	0	0	0	0	0	0	0	0	0	0	0
Vertl_ShrtREmp	0.98862928	0	0	0	0	0	0	0	0	0	0	0	0	0	0	0
Vertl_Fraction	0.98483276	0	0	0	0	0	0	0	0	0	0	0	0	0	0	0
45dgr_RLNonUni	62498.666	0	0	0	0	0	0	0	0	0	0	0	0	0	0	0
45dgr_GLevNonU	1013.4136	0	0	0	0	0	0	0	0	0	0	0	0	0	0	0
45dgr_LngREmph	1.0485094	0	0	0	0	0	0	0	0	0	0	0	0	0	0	0
45dgr_ShrtREmp	0.98813104	0	0	0	0	0	0	0	0	0	0	0	0	0	0	0
45dgr_Fraction	0.98423767	0	0	0	0	0	0	0	0	0	0	0	0	0	0	0
135dr_RLNonUni	62480.769	0	0	0	0	0	0	0	0	0	0	0	0	0	0	0
135dr_GLevNonU	1013.2907	0	0	0	0	0	0	0	0	0	0	0	0	0	0	0
135dr_LngREmph	1.0491991	0	0	0	0	0	0	0	0	0	0	0	0	0	0	0
135dr_ShrtREmp	0.98807116	0	0	0	0	0	0	0	0	0	0	0	0	0	0	0
135dr_Fraction	0.98408508	0	0	0	0	0	0	0	0	0	0	0	0	0	0	0
_AreaGr	64516	0	0	0	0	0	0	0	0	0	0	0	0	0	0	0
GrMean	8.2254138	0	0	0	0	0	0	0	0	0	0	0	0	0	0	0
GrVariance	15.436266	0	0	0	0	0	0	0	0	0	0	0	0	0	0	0
GrSkewness	0.17998418	0	0	0	0	0	0	0	0	0	0	0	0	0	0	0
GrKurtosis	-0.65674485	0	0	0	0	0	0	0	0	0	0	0	0	0	0	0
GrNonZeros	0.99555149	0	0	0	0	0	0	0	0	0	0	0	0	0	0	0
_AreaARM	64770	0	0	0	0	0	0	0	0	0	0	0	0	0	0	0
Teta1	0.012884589	0	0	0	0	0	0	0	0	0	0	0	0	0	0	0
Teta2	-0.004099893	0	0	0	0	0	0	0	0	0	0	0	0	0	0	0
Teta3	-0.0066334036	0	0	0	0	0	0	0	0	0	0	0	0	0	0	0
Teta4	-0.0091571265	0	0	0	0	0	0	0	0	0	0	0	0	0	0	0
Sigma	0.99911481	0	0	0	0	0	0	0	0	0	0	0	0	0	0	0
WavEnLL_s-1	18230.2	0	0	0	0	0	0	0	0	0	0	0	0	0	0	0
WavEnLH_s-1	1378.8909	0	0	0	0	0	0	0	0	0	0	0	0	0	0	0
WavEnHL_s-1	1304.1881	0	0	0	0	0	0	0	0	0	0	0	0	0	0	0
WavEnHH_s-1	1315.3563	0	0	0	0	0	0	0	0	0	0	0	0	0	0	0
WavEnLL_s-2	17220.211	0	0	0	0	0	0	0	0	0	0	0	0	0	0	0
WavEnLH_s-2	343.85163	0	0	0	0	0	0	0	0	0	0	0	0	0	0	0
WavEnHL_s-2	329.20082	0	0	0	0	0	0	0	0	0	0	0	0	0	0	0
WavEnHH_s-2	336.9367	0	0	0	0	0	0	0	0	0	0	0	0	0	0	0
WavEnLL_s-3	16957.971	0	0	0	0	0	0	0	0	0	0	0	0	0	0	0
WavEnLH_s-3	86.241837	0	0	0	0	0	0	0	0	0	0	0	0	0	0	0
WavEnHL_s-3	84.374579	0	0	0	0	0	0	0	0	0	0	0	0	0	0	0
WavEnHH_s-3	91.622825	0	0	0	0	0	0	0	0	0	0	0	0	0	0	0
WavEnLL_s-4	16899.15	0	0	0	0	0	0	0	0	0	0	0	0	0	0	0
WavEnLH_s-4	21.299821	0	0	0	0	0	0	0	0	0	0	0	0	0	0	0
WavEnHL_s-4	17.61642	0	0	0	0	0	0	0	0	0	0	0	0	0	0	0
WavEnHH_s-4	19.904759	0	0	0	0	0	0	0	0	0	0	0	0	0	0	0
