Image File: seat2-a-p015.png 
ROI File: allred.roi 
Image size: 256 x 256
Min. lum.: 1
Max. lum.: 256
Bits/pixel: 8

Normalisation =  No
Histogram analysis = Yes
CO matrix analysis = Yes, Dimensions = 6 x 6, Distances = 1 2 3 4 5
RL matrix analysis = Yes, Dimension = 6
Gradient analysis = Yes, Max pixel value = 16
AR model analysis = Yes
Wavelet analysis = Yes

--------------- CLASS NAMES ----------------

----------------- FEATURES -----------------
_Area	65536	0	0	0	0	0	0	0	0	0	0	0	0	0	0	0
Mean	129.99992	0	0	0	0	0	0	0	0	0	0	0	0	0	0	0
Variance	5336.7257	0	0	0	0	0	0	0	0	0	0	0	0	0	0	0
Skewness	-0.0088733245	0	0	0	0	0	0	0	0	0	0	0	0	0	0	0
Kurtosis	-1.1830919	0	0	0	0	0	0	0	0	0	0	0	0	0	0	0
Perc.01%	4	0	0	0	0	0	0	0	0	0	0	0	0	0	0	0
Perc.10%	29	0	0	0	0	0	0	0	0	0	0	0	0	0	0	0
Perc.50%	130	0	0	0	0	0	0	0	0	0	0	0	0	0	0	0
Perc.90%	231	0	0	0	0	0	0	0	0	0	0	0	0	0	0	0
Perc.99%	254	0	0	0	0	0	0	0	0	0	0	0	0	0	0	0
_Area_S(1,0)	130560	0	0	0	0	0	0	0	0	0	0	0	0	0	0	0
S(1,0)AngScMom	0.00025448574	0	0	0	0	0	0	0	0	0	0	0	0	0	0	0
S(1,0)Contrast	660.10124	0	0	0	0	0	0	0	0	0	0	0	0	0	0	0
S(1,0)Correlat	0.010432211	0	0	0	0	0	0	0	0	0	0	0	0	0	0	0
S(1,0)SumOfSqs	333.53008	0	0	0	0	0	0	0	0	0	0	0	0	0	0	0
S(1,0)InvDfMom	0.046978024	0	0	0	0	0	0	0	0	0	0	0	0	0	0	0
S(1,0)SumAverg	65.735922	0	0	0	0	0	0	0	0	0	0	0	0	0	0	0
S(1,0)SumVarnc	674.01906	0	0	0	0	0	0	0	0	0	0	0	0	0	0	0
S(1,0)SumEntrp	2.0206895	0	0	0	0	0	0	0	0	0	0	0	0	0	0	0
S(1,0)Entropy	3.6031331	0	0	0	0	0	0	0	0	0	0	0	0	0	0	0
S(1,0)DifVarnc	219.74889	0	0	0	0	0	0	0	0	0	0	0	0	0	0	0
S(1,0)DifEntrp	1.7206593	0	0	0	0	0	0	0	0	0	0	0	0	0	0	0
_Area_S(0,1)	130560	0	0	0	0	0	0	0	0	0	0	0	0	0	0	0
S(0,1)AngScMom	0.00025327865	0	0	0	0	0	0	0	0	0	0	0	0	0	0	0
S(0,1)Contrast	662.90628	0	0	0	0	0	0	0	0	0	0	0	0	0	0	0
S(0,1)Correlat	0.0054106968	0	0	0	0	0	0	0	0	0	0	0	0	0	0	0
S(0,1)SumOfSqs	333.25629	0	0	0	0	0	0	0	0	0	0	0	0	0	0	0
S(0,1)InvDfMom	0.047989063	0	0	0	0	0	0	0	0	0	0	0	0	0	0	0
S(0,1)SumAverg	65.761612	0	0	0	0	0	0	0	0	0	0	0	0	0	0	0
S(0,1)SumVarnc	670.11888	0	0	0	0	0	0	0	0	0	0	0	0	0	0	0
S(0,1)SumEntrp	2.0193104	0	0	0	0	0	0	0	0	0	0	0	0	0	0	0
S(0,1)Entropy	3.6041807	0	0	0	0	0	0	0	0	0	0	0	0	0	0	0
S(0,1)DifVarnc	221.98863	0	0	0	0	0	0	0	0	0	0	0	0	0	0	0
S(0,1)DifEntrp	1.7213106	0	0	0	0	0	0	0	0	0	0	0	0	0	0	0
_Area_S(1,1)	130050	0	0	0	0	0	0	0	0	0	0	0	0	0	0	0
S(1,1)AngScMom	0.00025322364	0	0	0	0	0	0	0	0	0	0	0	0	0	0	0
S(1,1)Contrast	669.12826	0	0	0	0	0	0	0	0	0	0	0	0	0	0	0
S(1,1)Correlat	-0.0035866575	0	0	0	0	0	0	0	0	0	0	0	0	0	0	0
S(1,1)SumOfSqs	333.36845	0	0	0	0	0	0	0	0	0	0	0	0	0	0	0
S(1,1)InvDfMom	0.04657993	0	0	0	0	0	0	0	0	0	0	0	0	0	0	0
S(1,1)SumAverg	65.752849	0	0	0	0	0	0	0	0	0	0	0	0	0	0	0
S(1,1)SumVarnc	664.34554	0	0	0	0	0	0	0	0	0	0	0	0	0	0	0
S(1,1)SumEntrp	2.0174198	0	0	0	0	0	0	0	0	0	0	0	0	0	0	0
S(1,1)Entropy	3.604212	0	0	0	0	0	0	0	0	0	0	0	0	0	0	0
S(1,1)DifVarnc	222.44418	0	0	0	0	0	0	0	0	0	0	0	0	0	0	0
S(1,1)DifEntrp	1.7230352	0	0	0	0	0	0	0	0	0	0	0	0	0	0	0
_Area_S(1,-1)	130050	0	0	0	0	0	0	0	0	0	0	0	0	0	0	0
S(1,-1)AngScMom	0.000253984	0	0	0	0	0	0	0	0	0	0	0	0	0	0	0
S(1,-1)Contrast	673.88938	0	0	0	0	0	0	0	0	0	0	0	0	0	0	0
S(1,-1)Correlat	-0.01074351	0	0	0	0	0	0	0	0	0	0	0	0	0	0	0
S(1,-1)SumOfSqs	333.3632	0	0	0	0	0	0	0	0	0	0	0	0	0	0	0
S(1,-1)InvDfMom	0.047249202	0	0	0	0	0	0	0	0	0	0	0	0	0	0	0
S(1,-1)SumAverg	65.752172	0	0	0	0	0	0	0	0	0	0	0	0	0	0	0
S(1,-1)SumVarnc	659.56342	0	0	0	0	0	0	0	0	0	0	0	0	0	0	0
S(1,-1)SumEntrp	2.016522	0	0	0	0	0	0	0	0	0	0	0	0	0	0	0
S(1,-1)Entropy	3.6035892	0	0	0	0	0	0	0	0	0	0	0	0	0	0	0
S(1,-1)DifVarnc	224.17874	0	0	0	0	0	0	0	0	0	0	0	0	0	0	0
S(1,-1)DifEntrp	1.7243029	0	0	0	0	0	0	0	0	0	0	0	0	0	0	0
_Area_S(2,0)	130048	0	0	0	0	0	0	0	0	0	0	0	0	0	0	0
S(2,0)AngScMom	0.00025398389	0	0	0	0	0	0	0	0	0	0	0	0	0	0	0
S(2,0)Contrast	658.83764	0	0	0	0	0	0	0	0	0	0	0	0	0	0	0
S(2,0)Correlat	0.012016498	0	0	0	0	0	0	0	0	0	0	0	0	0	0	0
S(2,0)SumOfSqs	333.42543	0	0	0	0	0	0	0	0	0	0	0	0	0	0	0
S(2,0)InvDfMom	0.047951905	0	0	0	0	0	0	0	0	0	0	0	0	0	0	0
S(2,0)SumAverg	65.735713	0	0	0	0	0	0	0	0	0	0	0	0	0	0	0
S(2,0)SumVarnc	674.86407	0	0	0	0	0	0	0	0	0	0	0	0	0	0	0
S(2,0)SumEntrp	2.0210018	0	0	0	0	0	0	0	0	0	0	0	0	0	0	0
S(2,0)Entropy	3.6035417	0	0	0	0	0	0	0	0	0	0	0	0	0	0	0
S(2,0)DifVarnc	220.77488	0	0	0	0	0	0	0	0	0	0	0	0	0	0	0
S(2,0)DifEntrp	1.7199279	0	0	0	0	0	0	0	0	0	0	0	0	0	0	0
_Area_S(0,2)	130048	0	0	0	0	0	0	0	0	0	0	0	0	0	0	0
S(0,2)AngScMom	0.00025360133	0	0	0	0	0	0	0	0	0	0	0	0	0	0	0
S(0,2)Contrast	662.48874	0	0	0	0	0	0	0	0	0	0	0	0	0	0	0
S(0,2)Correlat	0.005760436	0	0	0	0	0	0	0	0	0	0	0	0	0	0	0
S(0,2)SumOfSqs	333.16354	0	0	0	0	0	0	0	0	0	0	0	0	0	0	0
S(0,2)InvDfMom	0.046765908	0	0	0	0	0	0	0	0	0	0	0	0	0	0	0
S(0,2)SumAverg	65.759012	0	0	0	0	0	0	0	0	0	0	0	0	0	0	0
S(0,2)SumVarnc	670.16541	0	0	0	0	0	0	0	0	0	0	0	0	0	0	0
S(0,2)SumEntrp	2.0194364	0	0	0	0	0	0	0	0	0	0	0	0	0	0	0
S(0,2)Entropy	3.6039299	0	0	0	0	0	0	0	0	0	0	0	0	0	0	0
S(0,2)DifVarnc	221.67346	0	0	0	0	0	0	0	0	0	0	0	0	0	0	0
S(0,2)DifEntrp	1.7207124	0	0	0	0	0	0	0	0	0	0	0	0	0	0	0
_Area_S(2,2)	129032	0	0	0	0	0	0	0	0	0	0	0	0	0	0	0
S(2,2)AngScMom	0.00025362093	0	0	0	0	0	0	0	0	0	0	0	0	0	0	0
S(2,2)Contrast	668.18625	0	0	0	0	0	0	0	0	0	0	0	0	0	0	0
S(2,2)Correlat	-0.0027521941	0	0	0	0	0	0	0	0	0	0	0	0	0	0	0
S(2,2)SumOfSqs	333.17616	0	0	0	0	0	0	0	0	0	0	0	0	0	0	0
S(2,2)InvDfMom	0.047007542	0	0	0	0	0	0	0	0	0	0	0	0	0	0	0
S(2,2)SumAverg	65.750636	0	0	0	0	0	0	0	0	0	0	0	0	0	0	0
S(2,2)SumVarnc	664.51839	0	0	0	0	0	0	0	0	0	0	0	0	0	0	0
S(2,2)SumEntrp	2.0177397	0	0	0	0	0	0	0	0	0	0	0	0	0	0	0
S(2,2)Entropy	3.6038523	0	0	0	0	0	0	0	0	0	0	0	0	0	0	0
S(2,2)DifVarnc	222.63055	0	0	0	0	0	0	0	0	0	0	0	0	0	0	0
S(2,2)DifEntrp	1.7228931	0	0	0	0	0	0	0	0	0	0	0	0	0	0	0
_Area_S(2,-2)	129032	0	0	0	0	0	0	0	0	0	0	0	0	0	0	0
S(2,-2)AngScMom	0.00025361288	0	0	0	0	0	0	0	0	0	0	0	0	0	0	0
S(2,-2)Contrast	663.40793	0	0	0	0	0	0	0	0	0	0	0	0	0	0	0
S(2,-2)Correlat	0.0043650508	0	0	0	0	0	0	0	0	0	0	0	0	0	0	0
S(2,-2)SumOfSqs	333.15822	0	0	0	0	0	0	0	0	0	0	0	0	0	0	0
S(2,-2)InvDfMom	0.046065677	0	0	0	0	0	0	0	0	0	0	0	0	0	0	0
S(2,-2)SumAverg	65.749457	0	0	0	0	0	0	0	0	0	0	0	0	0	0	0
S(2,-2)SumVarnc	669.22494	0	0	0	0	0	0	0	0	0	0	0	0	0	0	0
S(2,-2)SumEntrp	2.019141	0	0	0	0	0	0	0	0	0	0	0	0	0	0	0
S(2,-2)Entropy	3.6038479	0	0	0	0	0	0	0	0	0	0	0	0	0	0	0
S(2,-2)DifVarnc	221.09845	0	0	0	0	0	0	0	0	0	0	0	0	0	0	0
S(2,-2)DifEntrp	1.7211277	0	0	0	0	0	0	0	0	0	0	0	0	0	0	0
_Area_S(3,0)	129536	0	0	0	0	0	0	0	0	0	0	0	0	0	0	0
S(3,0)AngScMom	0.00025388914	0	0	0	0	0	0	0	0	0	0	0	0	0	0	0
S(3,0)Contrast	665.10576	0	0	0	0	0	0	0	0	0	0	0	0	0	0	0
S(3,0)Correlat	0.0025109216	0	0	0	0	0	0	0	0	0	0	0	0	0	0	0
S(3,0)SumOfSqs	333.39	0	0	0	0	0	0	0	0	0	0	0	0	0	0	0
S(3,0)InvDfMom	0.048279032	0	0	0	0	0	0	0	0	0	0	0	0	0	0	0
S(3,0)SumAverg	65.742496	0	0	0	0	0	0	0	0	0	0	0	0	0	0	0
S(3,0)SumVarnc	668.45423	0	0	0	0	0	0	0	0	0	0	0	0	0	0	0
S(3,0)SumEntrp	2.0187606	0	0	0	0	0	0	0	0	0	0	0	0	0	0	0
S(3,0)Entropy	3.6036254	0	0	0	0	0	0	0	0	0	0	0	0	0	0	0
S(3,0)DifVarnc	223.61279	0	0	0	0	0	0	0	0	0	0	0	0	0	0	0
S(3,0)DifEntrp	1.721959	0	0	0	0	0	0	0	0	0	0	0	0	0	0	0
_Area_S(0,3)	129536	0	0	0	0	0	0	0	0	0	0	0	0	0	0	0
S(0,3)AngScMom	0.00025309914	0	0	0	0	0	0	0	0	0	0	0	0	0	0	0
S(0,3)Contrast	664.26559	0	0	0	0	0	0	0	0	0	0	0	0	0	0	0
S(0,3)Correlat	0.0032165907	0	0	0	0	0	0	0	0	0	0	0	0	0	0	0
S(0,3)SumOfSqs	333.20458	0	0	0	0	0	0	0	0	0	0	0	0	0	0	0
S(0,3)InvDfMom	0.046746043	0	0	0	0	0	0	0	0	0	0	0	0	0	0	0
S(0,3)SumAverg	65.763093	0	0	0	0	0	0	0	0	0	0	0	0	0	0	0
S(0,3)SumVarnc	668.55273	0	0	0	0	0	0	0	0	0	0	0	0	0	0	0
S(0,3)SumEntrp	2.0186045	0	0	0	0	0	0	0	0	0	0	0	0	0	0	0
S(0,3)Entropy	3.6043774	0	0	0	0	0	0	0	0	0	0	0	0	0	0	0
S(0,3)DifVarnc	222.21185	0	0	0	0	0	0	0	0	0	0	0	0	0	0	0
S(0,3)DifEntrp	1.7216417	0	0	0	0	0	0	0	0	0	0	0	0	0	0	0
_Area_S(3,3)	128018	0	0	0	0	0	0	0	0	0	0	0	0	0	0	0
S(3,3)AngScMom	0.000253525	0	0	0	0	0	0	0	0	0	0	0	0	0	0	0
S(3,3)Contrast	666.82699	0	0	0	0	0	0	0	0	0	0	0	0	0	0	0
S(3,3)Correlat	-0.00069352079	0	0	0	0	0	0	0	0	0	0	0	0	0	0	0
S(3,3)SumOfSqs	333.18243	0	0	0	0	0	0	0	0	0	0	0	0	0	0	0
S(3,3)InvDfMom	0.046255015	0	0	0	0	0	0	0	0	0	0	0	0	0	0	0
S(3,3)SumAverg	65.762518	0	0	0	0	0	0	0	0	0	0	0	0	0	0	0
S(3,3)SumVarnc	665.90272	0	0	0	0	0	0	0	0	0	0	0	0	0	0	0
S(3,3)SumEntrp	2.0180526	0	0	0	0	0	0	0	0	0	0	0	0	0	0	0
S(3,3)Entropy	3.6038813	0	0	0	0	0	0	0	0	0	0	0	0	0	0	0
S(3,3)DifVarnc	222.30429	0	0	0	0	0	0	0	0	0	0	0	0	0	0	0
S(3,3)DifEntrp	1.7220964	0	0	0	0	0	0	0	0	0	0	0	0	0	0	0
_Area_S(3,-3)	128018	0	0	0	0	0	0	0	0	0	0	0	0	0	0	0
S(3,-3)AngScMom	0.00025412506	0	0	0	0	0	0	0	0	0	0	0	0	0	0	0
S(3,-3)Contrast	665.56162	0	0	0	0	0	0	0	0	0	0	0	0	0	0	0
S(3,-3)Correlat	0.0011028339	0	0	0	0	0	0	0	0	0	0	0	0	0	0	0
S(3,-3)SumOfSqs	333.14822	0	0	0	0	0	0	0	0	0	0	0	0	0	0	0
S(3,-3)InvDfMom	0.047833669	0	0	0	0	0	0	0	0	0	0	0	0	0	0	0
S(3,-3)SumAverg	65.760534	0	0	0	0	0	0	0	0	0	0	0	0	0	0	0
S(3,-3)SumVarnc	667.03125	0	0	0	0	0	0	0	0	0	0	0	0	0	0	0
S(3,-3)SumEntrp	2.0183747	0	0	0	0	0	0	0	0	0	0	0	0	0	0	0
S(3,-3)Entropy	3.6034639	0	0	0	0	0	0	0	0	0	0	0	0	0	0	0
S(3,-3)DifVarnc	222.62975	0	0	0	0	0	0	0	0	0	0	0	0	0	0	0
S(3,-3)DifEntrp	1.7222732	0	0	0	0	0	0	0	0	0	0	0	0	0	0	0
_Area_S(4,0)	129024	0	0	0	0	0	0	0	0	0	0	0	0	0	0	0
S(4,0)AngScMom	0.00025399274	0	0	0	0	0	0	0	0	0	0	0	0	0	0	0
S(4,0)Contrast	662.40202	0	0	0	0	0	0	0	0	0	0	0	0	0	0	0
S(4,0)Correlat	0.0065538061	0	0	0	0	0	0	0	0	0	0	0	0	0	0	0
S(4,0)SumOfSqs	333.38596	0	0	0	0	0	0	0	0	0	0	0	0	0	0	0
S(4,0)InvDfMom	0.047516556	0	0	0	0	0	0	0	0	0	0	0	0	0	0	0
S(4,0)SumAverg	65.735104	0	0	0	0	0	0	0	0	0	0	0	0	0	0	0
S(4,0)SumVarnc	671.14181	0	0	0	0	0	0	0	0	0	0	0	0	0	0	0
S(4,0)SumEntrp	2.0193844	0	0	0	0	0	0	0	0	0	0	0	0	0	0	0
S(4,0)Entropy	3.6035607	0	0	0	0	0	0	0	0	0	0	0	0	0	0	0
S(4,0)DifVarnc	221.0328	0	0	0	0	0	0	0	0	0	0	0	0	0	0	0
S(4,0)DifEntrp	1.7211936	0	0	0	0	0	0	0	0	0	0	0	0	0	0	0
_Area_S(0,4)	129024	0	0	0	0	0	0	0	0	0	0	0	0	0	0	0
S(0,4)AngScMom	0.00025382814	0	0	0	0	0	0	0	0	0	0	0	0	0	0	0
S(0,4)Contrast	665.13101	0	0	0	0	0	0	0	0	0	0	0	0	0	0	0
S(0,4)Correlat	0.0018969424	0	0	0	0	0	0	0	0	0	0	0	0	0	0	0
S(0,4)SumOfSqs	333.19756	0	0	0	0	0	0	0	0	0	0	0	0	0	0	0
S(0,4)InvDfMom	0.046727174	0	0	0	0	0	0	0	0	0	0	0	0	0	0	0
S(0,4)SumAverg	65.76578	0	0	0	0	0	0	0	0	0	0	0	0	0	0	0
S(0,4)SumVarnc	667.65924	0	0	0	0	0	0	0	0	0	0	0	0	0	0	0
S(0,4)SumEntrp	2.018553	0	0	0	0	0	0	0	0	0	0	0	0	0	0	0
S(0,4)Entropy	3.6037336	0	0	0	0	0	0	0	0	0	0	0	0	0	0	0
S(0,4)DifVarnc	222.5867	0	0	0	0	0	0	0	0	0	0	0	0	0	0	0
S(0,4)DifEntrp	1.7216994	0	0	0	0	0	0	0	0	0	0	0	0	0	0	0
_Area_S(4,4)	127008	0	0	0	0	0	0	0	0	0	0	0	0	0	0	0
S(4,4)AngScMom	0.00025417977	0	0	0	0	0	0	0	0	0	0	0	0	0	0	0
S(4,4)Contrast	666.66531	0	0	0	0	0	0	0	0	0	0	0	0	0	0	0
S(4,4)Correlat	-0.00047562045	0	0	0	0	0	0	0	0	0	0	0	0	0	0	0
S(4,4)SumOfSqs	333.17419	0	0	0	0	0	0	0	0	0	0	0	0	0	0	0
S(4,4)InvDfMom	0.046713727	0	0	0	0	0	0	0	0	0	0	0	0	0	0	0
S(4,4)SumAverg	65.757433	0	0	0	0	0	0	0	0	0	0	0	0	0	0	0
S(4,4)SumVarnc	666.03145	0	0	0	0	0	0	0	0	0	0	0	0	0	0	0
S(4,4)SumEntrp	2.0180284	0	0	0	0	0	0	0	0	0	0	0	0	0	0	0
S(4,4)Entropy	3.6033614	0	0	0	0	0	0	0	0	0	0	0	0	0	0	0
S(4,4)DifVarnc	221.55658	0	0	0	0	0	0	0	0	0	0	0	0	0	0	0
S(4,4)DifEntrp	1.7224344	0	0	0	0	0	0	0	0	0	0	0	0	0	0	0
_Area_S(4,-4)	127008	0	0	0	0	0	0	0	0	0	0	0	0	0	0	0
S(4,-4)AngScMom	0.000254014	0	0	0	0	0	0	0	0	0	0	0	0	0	0	0
S(4,-4)Contrast	668.9674	0	0	0	0	0	0	0	0	0	0	0	0	0	0	0
S(4,-4)Correlat	-0.0040653592	0	0	0	0	0	0	0	0	0	0	0	0	0	0	0
S(4,-4)SumOfSqs	333.12941	0	0	0	0	0	0	0	0	0	0	0	0	0	0	0
S(4,-4)InvDfMom	0.047317429	0	0	0	0	0	0	0	0	0	0	0	0	0	0	0
S(4,-4)SumAverg	65.754882	0	0	0	0	0	0	0	0	0	0	0	0	0	0	0
S(4,-4)SumVarnc	663.55024	0	0	0	0	0	0	0	0	0	0	0	0	0	0	0
S(4,-4)SumEntrp	2.0176977	0	0	0	0	0	0	0	0	0	0	0	0	0	0	0
S(4,-4)Entropy	3.6034829	0	0	0	0	0	0	0	0	0	0	0	0	0	0	0
S(4,-4)DifVarnc	221.92968	0	0	0	0	0	0	0	0	0	0	0	0	0	0	0
S(4,-4)DifEntrp	1.7229701	0	0	0	0	0	0	0	0	0	0	0	0	0	0	0
_Area_S(5,0)	128512	0	0	0	0	0	0	0	0	0	0	0	0	0	0	0
S(5,0)AngScMom	0.00025403422	0	0	0	0	0	0	0	0	0	0	0	0	0	0	0
S(5,0)Contrast	666.37456	0	0	0	0	0	0	0	0	0	0	0	0	0	0	0
S(5,0)Correlat	0.00047095731	0	0	0	0	0	0	0	0	0	0	0	0	0	0	0
S(5,0)SumOfSqs	333.34427	0	0	0	0	0	0	0	0	0	0	0	0	0	0	0
S(5,0)InvDfMom	0.047357099	0	0	0	0	0	0	0	0	0	0	0	0	0	0	0
S(5,0)SumAverg	65.743682	0	0	0	0	0	0	0	0	0	0	0	0	0	0	0
S(5,0)SumVarnc	667.00253	0	0	0	0	0	0	0	0	0	0	0	0	0	0	0
S(5,0)SumEntrp	2.018526	0	0	0	0	0	0	0	0	0	0	0	0	0	0	0
S(5,0)Entropy	3.6034604	0	0	0	0	0	0	0	0	0	0	0	0	0	0	0
S(5,0)DifVarnc	221.48605	0	0	0	0	0	0	0	0	0	0	0	0	0	0	0
S(5,0)DifEntrp	1.7220863	0	0	0	0	0	0	0	0	0	0	0	0	0	0	0
_Area_S(0,5)	128512	0	0	0	0	0	0	0	0	0	0	0	0	0	0	0
S(0,5)AngScMom	0.00025344555	0	0	0	0	0	0	0	0	0	0	0	0	0	0	0
S(0,5)Contrast	669.58334	0	0	0	0	0	0	0	0	0	0	0	0	0	0	0
S(0,5)Correlat	-0.0047817487	0	0	0	0	0	0	0	0	0	0	0	0	0	0	0
S(0,5)SumOfSqs	333.1984	0	0	0	0	0	0	0	0	0	0	0	0	0	0	0
S(0,5)InvDfMom	0.047075492	0	0	0	0	0	0	0	0	0	0	0	0	0	0	0
S(0,5)SumAverg	65.76645	0	0	0	0	0	0	0	0	0	0	0	0	0	0	0
S(0,5)SumVarnc	663.21025	0	0	0	0	0	0	0	0	0	0	0	0	0	0	0
S(0,5)SumEntrp	2.0174473	0	0	0	0	0	0	0	0	0	0	0	0	0	0	0
S(0,5)Entropy	3.6040471	0	0	0	0	0	0	0	0	0	0	0	0	0	0	0
S(0,5)DifVarnc	223.63393	0	0	0	0	0	0	0	0	0	0	0	0	0	0	0
S(0,5)DifEntrp	1.7232044	0	0	0	0	0	0	0	0	0	0	0	0	0	0	0
_Area_S(5,5)	126002	0	0	0	0	0	0	0	0	0	0	0	0	0	0	0
S(5,5)AngScMom	0.00025387718	0	0	0	0	0	0	0	0	0	0	0	0	0	0	0
S(5,5)Contrast	665.8944	0	0	0	0	0	0	0	0	0	0	0	0	0	0	0
S(5,5)Correlat	0.00056492794	0	0	0	0	0	0	0	0	0	0	0	0	0	0	0
S(5,5)SumOfSqs	333.1354	0	0	0	0	0	0	0	0	0	0	0	0	0	0	0
S(5,5)InvDfMom	0.047331948	0	0	0	0	0	0	0	0	0	0	0	0	0	0	0
S(5,5)SumAverg	65.766686	0	0	0	0	0	0	0	0	0	0	0	0	0	0	0
S(5,5)SumVarnc	666.64719	0	0	0	0	0	0	0	0	0	0	0	0	0	0	0
S(5,5)SumEntrp	2.0183455	0	0	0	0	0	0	0	0	0	0	0	0	0	0	0
S(5,5)Entropy	3.603677	0	0	0	0	0	0	0	0	0	0	0	0	0	0	0
S(5,5)DifVarnc	221.60835	0	0	0	0	0	0	0	0	0	0	0	0	0	0	0
S(5,5)DifEntrp	1.7223027	0	0	0	0	0	0	0	0	0	0	0	0	0	0	0
_Area_S(5,-5)	126002	0	0	0	0	0	0	0	0	0	0	0	0	0	0	0
S(5,-5)AngScMom	0.0002536828	0	0	0	0	0	0	0	0	0	0	0	0	0	0	0
S(5,-5)Contrast	667.44002	0	0	0	0	0	0	0	0	0	0	0	0	0	0	0
S(5,-5)Correlat	-0.0019320757	0	0	0	0	0	0	0	0	0	0	0	0	0	0	0
S(5,-5)SumOfSqs	333.07648	0	0	0	0	0	0	0	0	0	0	0	0	0	0	0
S(5,-5)InvDfMom	0.046230239	0	0	0	0	0	0	0	0	0	0	0	0	0	0	0
S(5,-5)SumAverg	65.763766	0	0	0	0	0	0	0	0	0	0	0	0	0	0	0
S(5,-5)SumVarnc	664.86591	0	0	0	0	0	0	0	0	0	0	0	0	0	0	0
S(5,-5)SumEntrp	2.0180025	0	0	0	0	0	0	0	0	0	0	0	0	0	0	0
S(5,-5)Entropy	3.6038484	0	0	0	0	0	0	0	0	0	0	0	0	0	0	0
S(5,-5)DifVarnc	222.23009	0	0	0	0	0	0	0	0	0	0	0	0	0	0	0
S(5,-5)DifEntrp	1.7222302	0	0	0	0	0	0	0	0	0	0	0	0	0	0	0
Horzl_RLNonUni	62447.13	0	0	0	0	0	0	0	0	0	0	0	0	0	0	0
Horzl_GLevNonU	1011.2746	0	0	0	0	0	0	0	0	0	0	0	0	0	0	0
Horzl_LngREmph	1.0501729	0	0	0	0	0	0	0	0	0	0	0	0	0	0	0
Horzl_ShrtREmp	0.98794844	0	0	0	0	0	0	0	0	0	0	0	0	0	0	0
Horzl_Fraction	0.98384094	0	0	0	0	0	0	0	0	0	0	0	0	0	0	0
Vertl_RLNonUni	62432.166	0	0	0	0	0	0	0	0	0	0	0	0	0	0	0
Vertl_GLevNonU	1011.2266	0	0	0	0	0	0	0	0	0	0	0	0	0	0	0
Vertl_LngREmph	1.0495185	0	0	0	0	0	0	0	0	0	0	0	0	0	0	0
Vertl_ShrtREmp	0.98786163	0	0	0	0	0	0	0	0	0	0	0	0	0	0	0
Vertl_Fraction	0.98390198	0	0	0	0	0	0	0	0	0	0	0	0	0	0	0
45dgr_RLNonUni	62500.603	0	0	0	0	0	0	0	0	0	0	0	0	0	0	0
45dgr_GLevNonU	1011.5605	0	0	0	0	0	0	0	0	0	0	0	0	0	0	0
45dgr_LngREmph	1.0485714	0	0	0	0	0	0	0	0	0	0	0	0	0	0	0
45dgr_ShrtREmp	0.98814192	0	0	0	0	0	0	0	0	0	0	0	0	0	0	0
45dgr_Fraction	0.98423767	0	0	0	0	0	0	0	0	0	0	0	0	0	0	0
135dr_RLNonUni	62478.679	0	0	0	0	0	0	0	0	0	0	0	0	0	0	0
135dr_GLevNonU	1011.4397	0	0	0	0	0	0	0	0	0	0	0	0	0	0	0
135dr_LngREmph	1.0493247	0	0	0	0	0	0	0	0	0	0	0	0	0	0	0
135dr_ShrtREmp	0.98806509	0	0	0	0	0	0	0	0	0	0	0	0	0	0	0
135dr_Fraction	0.98405457	0	0	0	0	0	0	0	0	0	0	0	0	0	0	0
_AreaGr	64516	0	0	0	0	0	0	0	0	0	0	0	0	0	0	0
GrMean	8.1947658	0	0	0	0	0	0	0	0	0	0	0	0	0	0	0
GrVariance	15.269197	0	0	0	0	0	0	0	0	0	0	0	0	0	0	0
GrSkewness	0.18616241	0	0	0	0	0	0	0	0	0	0	0	0	0	0	0
GrKurtosis	-0.65453208	0	0	0	0	0	0	0	0	0	0	0	0	0	0	0
GrNonZeros	0.99579949	0	0	0	0	0	0	0	0	0	0	0	0	0	0	0
_AreaARM	64770	0	0	0	0	0	0	0	0	0	0	0	0	0	0	0
Teta1	0.0092092061	0	0	0	0	0	0	0	0	0	0	0	0	0	0	0
Teta2	-0.010750627	0	0	0	0	0	0	0	0	0	0	0	0	0	0	0
Teta3	0.0060040391	0	0	0	0	0	0	0	0	0	0	0	0	0	0	0
Teta4	-0.0039283564	0	0	0	0	0	0	0	0	0	0	0	0	0	0	0
Sigma	0.99972456	0	0	0	0	0	0	0	0	0	0	0	0	0	0	0
WavEnLL_s-1	17994.84	0	0	0	0	0	0	0	0	0	0	0	0	0	0	0
WavEnLH_s-1	1354.1732	0	0	0	0	0	0	0	0	0	0	0	0	0	0	0
WavEnHL_s-1	1337.0068	0	0	0	0	0	0	0	0	0	0	0	0	0	0	0
WavEnHH_s-1	1291.6857	0	0	0	0	0	0	0	0	0	0	0	0	0	0	0
WavEnLL_s-2	16982.408	0	0	0	0	0	0	0	0	0	0	0	0	0	0	0
WavEnLH_s-2	352.73698	0	0	0	0	0	0	0	0	0	0	0	0	0	0	0
WavEnHL_s-2	338.91986	0	0	0	0	0	0	0	0	0	0	0	0	0	0	0
WavEnHH_s-2	320.77585	0	0	0	0	0	0	0	0	0	0	0	0	0	0	0
WavEnLL_s-3	16723.169	0	0	0	0	0	0	0	0	0	0	0	0	0	0	0
WavEnLH_s-3	87.24315	0	0	0	0	0	0	0	0	0	0	0	0	0	0	0
WavEnHL_s-3	88.182321	0	0	0	0	0	0	0	0	0	0	0	0	0	0	0
WavEnHH_s-3	83.812904	0	0	0	0	0	0	0	0	0	0	0	0	0	0	0
WavEnLL_s-4	16662.158	0	0	0	0	0	0	0	0	0	0	0	0	0	0	0
WavEnLH_s-4	17.275418	0	0	0	0	0	0	0	0	0	0	0	0	0	0	0
WavEnHL_s-4	22.70986	0	0	0	0	0	0	0	0	0	0	0	0	0	0	0
WavEnHH_s-4	21.026317	0	0	0	0	0	0	0	0	0	0	0	0	0	0	0
