Image File: seat2-a-p001.png 
ROI File: allred.roi 
Image size: 256 x 256
Min. lum.: 1
Max. lum.: 256
Bits/pixel: 8

Normalisation =  No
Histogram analysis = Yes
CO matrix analysis = Yes, Dimensions = 6 x 6, Distances = 1 2 3 4 5
RL matrix analysis = Yes, Dimension = 6
Gradient analysis = Yes, Max pixel value = 16
AR model analysis = Yes
Wavelet analysis = Yes

--------------- CLASS NAMES ----------------

----------------- FEATURES -----------------
_Area	65536	0	0	0	0	0	0	0	0	0	0	0	0	0	0	0
Mean	131.55424	0	0	0	0	0	0	0	0	0	0	0	0	0	0	0
Variance	5260.8791	0	0	0	0	0	0	0	0	0	0	0	0	0	0	0
Skewness	-0.030518353	0	0	0	0	0	0	0	0	0	0	0	0	0	0	0
Kurtosis	-1.1740752	0	0	0	0	0	0	0	0	0	0	0	0	0	0	0
Perc.01%	4	0	0	0	0	0	0	0	0	0	0	0	0	0	0	0
Perc.10%	31	0	0	0	0	0	0	0	0	0	0	0	0	0	0	0
Perc.50%	133	0	0	0	0	0	0	0	0	0	0	0	0	0	0	0
Perc.90%	232	0	0	0	0	0	0	0	0	0	0	0	0	0	0	0
Perc.99%	254	0	0	0	0	0	0	0	0	0	0	0	0	0	0	0
_Area_S(1,0)	130560	0	0	0	0	0	0	0	0	0	0	0	0	0	0	0
S(1,0)AngScMom	0.00025737969	0	0	0	0	0	0	0	0	0	0	0	0	0	0	0
S(1,0)Contrast	645.46492	0	0	0	0	0	0	0	0	0	0	0	0	0	0	0
S(1,0)Correlat	0.018340844	0	0	0	0	0	0	0	0	0	0	0	0	0	0	0
S(1,0)SumOfSqs	328.76224	0	0	0	0	0	0	0	0	0	0	0	0	0	0	0
S(1,0)InvDfMom	0.04776543	0	0	0	0	0	0	0	0	0	0	0	0	0	0	0
S(1,0)SumAverg	66.51777	0	0	0	0	0	0	0	0	0	0	0	0	0	0	0
S(1,0)SumVarnc	669.58403	0	0	0	0	0	0	0	0	0	0	0	0	0	0	0
S(1,0)SumEntrp	2.0192686	0	0	0	0	0	0	0	0	0	0	0	0	0	0	0
S(1,0)Entropy	3.6005168	0	0	0	0	0	0	0	0	0	0	0	0	0	0	0
S(1,0)DifVarnc	215.33842	0	0	0	0	0	0	0	0	0	0	0	0	0	0	0
S(1,0)DifEntrp	1.7160722	0	0	0	0	0	0	0	0	0	0	0	0	0	0	0
_Area_S(0,1)	130560	0	0	0	0	0	0	0	0	0	0	0	0	0	0	0
S(0,1)AngScMom	0.00025577027	0	0	0	0	0	0	0	0	0	0	0	0	0	0	0
S(0,1)Contrast	654.26613	0	0	0	0	0	0	0	0	0	0	0	0	0	0	0
S(0,1)Correlat	0.0045087129	0	0	0	0	0	0	0	0	0	0	0	0	0	0	0
S(0,1)SumOfSqs	328.61469	0	0	0	0	0	0	0	0	0	0	0	0	0	0	0
S(0,1)InvDfMom	0.047893917	0	0	0	0	0	0	0	0	0	0	0	0	0	0	0
S(0,1)SumAverg	66.525352	0	0	0	0	0	0	0	0	0	0	0	0	0	0	0
S(0,1)SumVarnc	660.19265	0	0	0	0	0	0	0	0	0	0	0	0	0	0	0
S(0,1)SumEntrp	2.0165682	0	0	0	0	0	0	0	0	0	0	0	0	0	0	0
S(0,1)Entropy	3.6019042	0	0	0	0	0	0	0	0	0	0	0	0	0	0	0
S(0,1)DifVarnc	219.83678	0	0	0	0	0	0	0	0	0	0	0	0	0	0	0
S(0,1)DifEntrp	1.71871	0	0	0	0	0	0	0	0	0	0	0	0	0	0	0
_Area_S(1,1)	130050	0	0	0	0	0	0	0	0	0	0	0	0	0	0	0
S(1,1)AngScMom	0.00025631274	0	0	0	0	0	0	0	0	0	0	0	0	0	0	0
S(1,1)Contrast	659.96778	0	0	0	0	0	0	0	0	0	0	0	0	0	0	0
S(1,1)Correlat	-0.0041246545	0	0	0	0	0	0	0	0	0	0	0	0	0	0	0
S(1,1)SumOfSqs	328.62841	0	0	0	0	0	0	0	0	0	0	0	0	0	0	0
S(1,1)InvDfMom	0.046999483	0	0	0	0	0	0	0	0	0	0	0	0	0	0	0
S(1,1)SumAverg	66.533564	0	0	0	0	0	0	0	0	0	0	0	0	0	0	0
S(1,1)SumVarnc	654.54587	0	0	0	0	0	0	0	0	0	0	0	0	0	0	0
S(1,1)SumEntrp	2.0148377	0	0	0	0	0	0	0	0	0	0	0	0	0	0	0
S(1,1)Entropy	3.6014207	0	0	0	0	0	0	0	0	0	0	0	0	0	0	0
S(1,1)DifVarnc	219.13312	0	0	0	0	0	0	0	0	0	0	0	0	0	0	0
S(1,1)DifEntrp	1.7200731	0	0	0	0	0	0	0	0	0	0	0	0	0	0	0
_Area_S(1,-1)	130050	0	0	0	0	0	0	0	0	0	0	0	0	0	0	0
S(1,-1)AngScMom	0.00025636654	0	0	0	0	0	0	0	0	0	0	0	0	0	0	0
S(1,-1)Contrast	655.99345	0	0	0	0	0	0	0	0	0	0	0	0	0	0	0
S(1,-1)Correlat	0.0019090618	0	0	0	0	0	0	0	0	0	0	0	0	0	0	0
S(1,-1)SumOfSqs	328.62409	0	0	0	0	0	0	0	0	0	0	0	0	0	0	0
S(1,-1)InvDfMom	0.048289048	0	0	0	0	0	0	0	0	0	0	0	0	0	0	0
S(1,-1)SumAverg	66.532564	0	0	0	0	0	0	0	0	0	0	0	0	0	0	0
S(1,-1)SumVarnc	658.5029	0	0	0	0	0	0	0	0	0	0	0	0	0	0	0
S(1,-1)SumEntrp	2.0159754	0	0	0	0	0	0	0	0	0	0	0	0	0	0	0
S(1,-1)Entropy	3.6014072	0	0	0	0	0	0	0	0	0	0	0	0	0	0	0
S(1,-1)DifVarnc	219.7814	0	0	0	0	0	0	0	0	0	0	0	0	0	0	0
S(1,-1)DifEntrp	1.7194881	0	0	0	0	0	0	0	0	0	0	0	0	0	0	0
_Area_S(2,0)	130048	0	0	0	0	0	0	0	0	0	0	0	0	0	0	0
S(2,0)AngScMom	0.0002568536	0	0	0	0	0	0	0	0	0	0	0	0	0	0	0
S(2,0)Contrast	657.05607	0	0	0	0	0	0	0	0	0	0	0	0	0	0	0
S(2,0)Correlat	0.00086390275	0	0	0	0	0	0	0	0	0	0	0	0	0	0	0
S(2,0)SumOfSqs	328.8121	0	0	0	0	0	0	0	0	0	0	0	0	0	0	0
S(2,0)InvDfMom	0.047423294	0	0	0	0	0	0	0	0	0	0	0	0	0	0	0
S(2,0)SumAverg	66.523099	0	0	0	0	0	0	0	0	0	0	0	0	0	0	0
S(2,0)SumVarnc	658.19232	0	0	0	0	0	0	0	0	0	0	0	0	0	0	0
S(2,0)SumEntrp	2.0159488	0	0	0	0	0	0	0	0	0	0	0	0	0	0	0
S(2,0)Entropy	3.6009485	0	0	0	0	0	0	0	0	0	0	0	0	0	0	0
S(2,0)DifVarnc	218.87549	0	0	0	0	0	0	0	0	0	0	0	0	0	0	0
S(2,0)DifEntrp	1.7194901	0	0	0	0	0	0	0	0	0	0	0	0	0	0	0
_Area_S(0,2)	130048	0	0	0	0	0	0	0	0	0	0	0	0	0	0	0
S(0,2)AngScMom	0.00025627947	0	0	0	0	0	0	0	0	0	0	0	0	0	0	0
S(0,2)Contrast	657.12657	0	0	0	0	0	0	0	0	0	0	0	0	0	0	0
S(0,2)Correlat	-0.00013976461	0	0	0	0	0	0	0	0	0	0	0	0	0	0	0
S(0,2)SumOfSqs	328.51737	0	0	0	0	0	0	0	0	0	0	0	0	0	0	0
S(0,2)InvDfMom	0.046547486	0	0	0	0	0	0	0	0	0	0	0	0	0	0	0
S(0,2)SumAverg	66.522299	0	0	0	0	0	0	0	0	0	0	0	0	0	0	0
S(0,2)SumVarnc	656.94291	0	0	0	0	0	0	0	0	0	0	0	0	0	0	0
S(0,2)SumEntrp	2.0154293	0	0	0	0	0	0	0	0	0	0	0	0	0	0	0
S(0,2)Entropy	3.6014431	0	0	0	0	0	0	0	0	0	0	0	0	0	0	0
S(0,2)DifVarnc	218.97561	0	0	0	0	0	0	0	0	0	0	0	0	0	0	0
S(0,2)DifEntrp	1.7193044	0	0	0	0	0	0	0	0	0	0	0	0	0	0	0
_Area_S(2,2)	129032	0	0	0	0	0	0	0	0	0	0	0	0	0	0	0
S(2,2)AngScMom	0.00025597419	0	0	0	0	0	0	0	0	0	0	0	0	0	0	0
S(2,2)Contrast	656.70099	0	0	0	0	0	0	0	0	0	0	0	0	0	0	0
S(2,2)Correlat	0.0006866306	0	0	0	0	0	0	0	0	0	0	0	0	0	0	0
S(2,2)SumOfSqs	328.5761	0	0	0	0	0	0	0	0	0	0	0	0	0	0	0
S(2,2)InvDfMom	0.047554662	0	0	0	0	0	0	0	0	0	0	0	0	0	0	0
S(2,2)SumAverg	66.5361	0	0	0	0	0	0	0	0	0	0	0	0	0	0	0
S(2,2)SumVarnc	657.60343	0	0	0	0	0	0	0	0	0	0	0	0	0	0	0
S(2,2)SumEntrp	2.015633	0	0	0	0	0	0	0	0	0	0	0	0	0	0	0
S(2,2)Entropy	3.6017142	0	0	0	0	0	0	0	0	0	0	0	0	0	0	0
S(2,2)DifVarnc	218.71581	0	0	0	0	0	0	0	0	0	0	0	0	0	0	0
S(2,2)DifEntrp	1.7197455	0	0	0	0	0	0	0	0	0	0	0	0	0	0	0
_Area_S(2,-2)	129032	0	0	0	0	0	0	0	0	0	0	0	0	0	0	0
S(2,-2)AngScMom	0.0002560101	0	0	0	0	0	0	0	0	0	0	0	0	0	0	0
S(2,-2)Contrast	656.53489	0	0	0	0	0	0	0	0	0	0	0	0	0	0	0
S(2,-2)Correlat	0.00094010969	0	0	0	0	0	0	0	0	0	0	0	0	0	0	0
S(2,-2)SumOfSqs	328.57634	0	0	0	0	0	0	0	0	0	0	0	0	0	0	0
S(2,-2)InvDfMom	0.047267911	0	0	0	0	0	0	0	0	0	0	0	0	0	0	0
S(2,-2)SumAverg	66.534457	0	0	0	0	0	0	0	0	0	0	0	0	0	0	0
S(2,-2)SumVarnc	657.77048	0	0	0	0	0	0	0	0	0	0	0	0	0	0	0
S(2,-2)SumEntrp	2.0156008	0	0	0	0	0	0	0	0	0	0	0	0	0	0	0
S(2,-2)Entropy	3.6016753	0	0	0	0	0	0	0	0	0	0	0	0	0	0	0
S(2,-2)DifVarnc	219.18528	0	0	0	0	0	0	0	0	0	0	0	0	0	0	0
S(2,-2)DifEntrp	1.7196043	0	0	0	0	0	0	0	0	0	0	0	0	0	0	0
_Area_S(3,0)	129536	0	0	0	0	0	0	0	0	0	0	0	0	0	0	0
S(3,0)AngScMom	0.00025622115	0	0	0	0	0	0	0	0	0	0	0	0	0	0	0
S(3,0)Contrast	652.48559	0	0	0	0	0	0	0	0	0	0	0	0	0	0	0
S(3,0)Correlat	0.0076298817	0	0	0	0	0	0	0	0	0	0	0	0	0	0	0
S(3,0)SumOfSqs	328.75113	0	0	0	0	0	0	0	0	0	0	0	0	0	0	0
S(3,0)InvDfMom	0.048304755	0	0	0	0	0	0	0	0	0	0	0	0	0	0	0
S(3,0)SumAverg	66.512645	0	0	0	0	0	0	0	0	0	0	0	0	0	0	0
S(3,0)SumVarnc	662.51892	0	0	0	0	0	0	0	0	0	0	0	0	0	0	0
S(3,0)SumEntrp	2.0170781	0	0	0	0	0	0	0	0	0	0	0	0	0	0	0
S(3,0)Entropy	3.6014817	0	0	0	0	0	0	0	0	0	0	0	0	0	0	0
S(3,0)DifVarnc	219.4122	0	0	0	0	0	0	0	0	0	0	0	0	0	0	0
S(3,0)DifEntrp	1.7182645	0	0	0	0	0	0	0	0	0	0	0	0	0	0	0
_Area_S(0,3)	129536	0	0	0	0	0	0	0	0	0	0	0	0	0	0	0
S(0,3)AngScMom	0.00025605463	0	0	0	0	0	0	0	0	0	0	0	0	0	0	0
S(0,3)Contrast	658.5163	0	0	0	0	0	0	0	0	0	0	0	0	0	0	0
S(0,3)Correlat	-0.0024410547	0	0	0	0	0	0	0	0	0	0	0	0	0	0	0
S(0,3)SumOfSqs	328.45637	0	0	0	0	0	0	0	0	0	0	0	0	0	0	0
S(0,3)InvDfMom	0.04735175	0	0	0	0	0	0	0	0	0	0	0	0	0	0	0
S(0,3)SumAverg	66.52316	0	0	0	0	0	0	0	0	0	0	0	0	0	0	0
S(0,3)SumVarnc	655.30918	0	0	0	0	0	0	0	0	0	0	0	0	0	0	0
S(0,3)SumEntrp	2.014934	0	0	0	0	0	0	0	0	0	0	0	0	0	0	0
S(0,3)Entropy	3.6016325	0	0	0	0	0	0	0	0	0	0	0	0	0	0	0
S(0,3)DifVarnc	218.74753	0	0	0	0	0	0	0	0	0	0	0	0	0	0	0
S(0,3)DifEntrp	1.7200603	0	0	0	0	0	0	0	0	0	0	0	0	0	0	0
_Area_S(3,3)	128018	0	0	0	0	0	0	0	0	0	0	0	0	0	0	0
S(3,3)AngScMom	0.00025614573	0	0	0	0	0	0	0	0	0	0	0	0	0	0	0
S(3,3)Contrast	659.74607	0	0	0	0	0	0	0	0	0	0	0	0	0	0	0
S(3,3)Correlat	-0.0043534003	0	0	0	0	0	0	0	0	0	0	0	0	0	0	0
S(3,3)SumOfSqs	328.44319	0	0	0	0	0	0	0	0	0	0	0	0	0	0	0
S(3,3)InvDfMom	0.046340488	0	0	0	0	0	0	0	0	0	0	0	0	0	0	0
S(3,3)SumAverg	66.526207	0	0	0	0	0	0	0	0	0	0	0	0	0	0	0
S(3,3)SumVarnc	654.02669	0	0	0	0	0	0	0	0	0	0	0	0	0	0	0
S(3,3)SumEntrp	2.0145079	0	0	0	0	0	0	0	0	0	0	0	0	0	0	0
S(3,3)Entropy	3.6015132	0	0	0	0	0	0	0	0	0	0	0	0	0	0	0
S(3,3)DifVarnc	218.93961	0	0	0	0	0	0	0	0	0	0	0	0	0	0	0
S(3,3)DifEntrp	1.7199283	0	0	0	0	0	0	0	0	0	0	0	0	0	0	0
_Area_S(3,-3)	128018	0	0	0	0	0	0	0	0	0	0	0	0	0	0	0
S(3,-3)AngScMom	0.0002563134	0	0	0	0	0	0	0	0	0	0	0	0	0	0	0
S(3,-3)Contrast	658.04474	0	0	0	0	0	0	0	0	0	0	0	0	0	0	0
S(3,-3)Correlat	-0.0017384424	0	0	0	0	0	0	0	0	0	0	0	0	0	0	0
S(3,-3)SumOfSqs	328.45138	0	0	0	0	0	0	0	0	0	0	0	0	0	0	0
S(3,-3)InvDfMom	0.046887489	0	0	0	0	0	0	0	0	0	0	0	0	0	0	0
S(3,-3)SumAverg	66.524114	0	0	0	0	0	0	0	0	0	0	0	0	0	0	0
S(3,-3)SumVarnc	655.76077	0	0	0	0	0	0	0	0	0	0	0	0	0	0	0
S(3,-3)SumEntrp	2.0150859	0	0	0	0	0	0	0	0	0	0	0	0	0	0	0
S(3,-3)Entropy	3.6014466	0	0	0	0	0	0	0	0	0	0	0	0	0	0	0
S(3,-3)DifVarnc	218.94358	0	0	0	0	0	0	0	0	0	0	0	0	0	0	0
S(3,-3)DifEntrp	1.7194889	0	0	0	0	0	0	0	0	0	0	0	0	0	0	0
_Area_S(4,0)	129024	0	0	0	0	0	0	0	0	0	0	0	0	0	0	0
S(4,0)AngScMom	0.00025619948	0	0	0	0	0	0	0	0	0	0	0	0	0	0	0
S(4,0)Contrast	652.39989	0	0	0	0	0	0	0	0	0	0	0	0	0	0	0
S(4,0)Correlat	0.0076324428	0	0	0	0	0	0	0	0	0	0	0	0	0	0	0
S(4,0)SumOfSqs	328.7088	0	0	0	0	0	0	0	0	0	0	0	0	0	0	0
S(4,0)InvDfMom	0.047847791	0	0	0	0	0	0	0	0	0	0	0	0	0	0	0
S(4,0)SumAverg	66.519283	0	0	0	0	0	0	0	0	0	0	0	0	0	0	0
S(4,0)SumVarnc	662.4353	0	0	0	0	0	0	0	0	0	0	0	0	0	0	0
S(4,0)SumEntrp	2.016942	0	0	0	0	0	0	0	0	0	0	0	0	0	0	0
S(4,0)Entropy	3.6015578	0	0	0	0	0	0	0	0	0	0	0	0	0	0	0
S(4,0)DifVarnc	218.86801	0	0	0	0	0	0	0	0	0	0	0	0	0	0	0
S(4,0)DifEntrp	1.7181899	0	0	0	0	0	0	0	0	0	0	0	0	0	0	0
_Area_S(0,4)	129024	0	0	0	0	0	0	0	0	0	0	0	0	0	0	0
S(0,4)AngScMom	0.00025633872	0	0	0	0	0	0	0	0	0	0	0	0	0	0	0
S(0,4)Contrast	656.0774	0	0	0	0	0	0	0	0	0	0	0	0	0	0	0
S(0,4)Correlat	0.0010942521	0	0	0	0	0	0	0	0	0	0	0	0	0	0	0
S(0,4)SumOfSqs	328.39805	0	0	0	0	0	0	0	0	0	0	0	0	0	0	0
S(0,4)InvDfMom	0.047310373	0	0	0	0	0	0	0	0	0	0	0	0	0	0	0
S(0,4)SumAverg	66.524073	0	0	0	0	0	0	0	0	0	0	0	0	0	0	0
S(0,4)SumVarnc	657.5148	0	0	0	0	0	0	0	0	0	0	0	0	0	0	0
S(0,4)SumEntrp	2.0156837	0	0	0	0	0	0	0	0	0	0	0	0	0	0	0
S(0,4)Entropy	3.6014105	0	0	0	0	0	0	0	0	0	0	0	0	0	0	0
S(0,4)DifVarnc	218.31687	0	0	0	0	0	0	0	0	0	0	0	0	0	0	0
S(0,4)DifEntrp	1.7193869	0	0	0	0	0	0	0	0	0	0	0	0	0	0	0
_Area_S(4,4)	127008	0	0	0	0	0	0	0	0	0	0	0	0	0	0	0
S(4,4)AngScMom	0.00025618088	0	0	0	0	0	0	0	0	0	0	0	0	0	0	0
S(4,4)Contrast	658.09368	0	0	0	0	0	0	0	0	0	0	0	0	0	0	0
S(4,4)Correlat	-0.0021632333	0	0	0	0	0	0	0	0	0	0	0	0	0	0	0
S(4,4)SumOfSqs	328.33657	0	0	0	0	0	0	0	0	0	0	0	0	0	0	0
S(4,4)InvDfMom	0.047357411	0	0	0	0	0	0	0	0	0	0	0	0	0	0	0
S(4,4)SumAverg	66.533809	0	0	0	0	0	0	0	0	0	0	0	0	0	0	0
S(4,4)SumVarnc	655.2526	0	0	0	0	0	0	0	0	0	0	0	0	0	0	0
S(4,4)SumEntrp	2.0148885	0	0	0	0	0	0	0	0	0	0	0	0	0	0	0
S(4,4)Entropy	3.6015377	0	0	0	0	0	0	0	0	0	0	0	0	0	0	0
S(4,4)DifVarnc	220.41742	0	0	0	0	0	0	0	0	0	0	0	0	0	0	0
S(4,4)DifEntrp	1.7197136	0	0	0	0	0	0	0	0	0	0	0	0	0	0	0
_Area_S(4,-4)	127008	0	0	0	0	0	0	0	0	0	0	0	0	0	0	0
S(4,-4)AngScMom	0.0002566147	0	0	0	0	0	0	0	0	0	0	0	0	0	0	0
S(4,-4)Contrast	657.93704	0	0	0	0	0	0	0	0	0	0	0	0	0	0	0
S(4,-4)Correlat	-0.0018885897	0	0	0	0	0	0	0	0	0	0	0	0	0	0	0
S(4,-4)SumOfSqs	328.34841	0	0	0	0	0	0	0	0	0	0	0	0	0	0	0
S(4,-4)InvDfMom	0.047395528	0	0	0	0	0	0	0	0	0	0	0	0	0	0	0
S(4,-4)SumAverg	66.531557	0	0	0	0	0	0	0	0	0	0	0	0	0	0	0
S(4,-4)SumVarnc	655.45658	0	0	0	0	0	0	0	0	0	0	0	0	0	0	0
S(4,-4)SumEntrp	2.0150296	0	0	0	0	0	0	0	0	0	0	0	0	0	0	0
S(4,-4)Entropy	3.6011677	0	0	0	0	0	0	0	0	0	0	0	0	0	0	0
S(4,-4)DifVarnc	219.32534	0	0	0	0	0	0	0	0	0	0	0	0	0	0	0
S(4,-4)DifEntrp	1.7194784	0	0	0	0	0	0	0	0	0	0	0	0	0	0	0
_Area_S(5,0)	128512	0	0	0	0	0	0	0	0	0	0	0	0	0	0	0
S(5,0)AngScMom	0.00025584829	0	0	0	0	0	0	0	0	0	0	0	0	0	0	0
S(5,0)Contrast	650.56676	0	0	0	0	0	0	0	0	0	0	0	0	0	0	0
S(5,0)Correlat	0.01037009	0	0	0	0	0	0	0	0	0	0	0	0	0	0	0
S(5,0)SumOfSqs	328.69195	0	0	0	0	0	0	0	0	0	0	0	0	0	0	0
S(5,0)InvDfMom	0.047625749	0	0	0	0	0	0	0	0	0	0	0	0	0	0	0
S(5,0)SumAverg	66.521943	0	0	0	0	0	0	0	0	0	0	0	0	0	0	0
S(5,0)SumVarnc	664.20102	0	0	0	0	0	0	0	0	0	0	0	0	0	0	0
S(5,0)SumEntrp	2.0176604	0	0	0	0	0	0	0	0	0	0	0	0	0	0	0
S(5,0)Entropy	3.6018745	0	0	0	0	0	0	0	0	0	0	0	0	0	0	0
S(5,0)DifVarnc	217.57243	0	0	0	0	0	0	0	0	0	0	0	0	0	0	0
S(5,0)DifEntrp	1.7177389	0	0	0	0	0	0	0	0	0	0	0	0	0	0	0
_Area_S(0,5)	128512	0	0	0	0	0	0	0	0	0	0	0	0	0	0	0
S(0,5)AngScMom	0.00025681152	0	0	0	0	0	0	0	0	0	0	0	0	0	0	0
S(0,5)Contrast	655.83458	0	0	0	0	0	0	0	0	0	0	0	0	0	0	0
S(0,5)Correlat	0.00142356	0	0	0	0	0	0	0	0	0	0	0	0	0	0	0
S(0,5)SumOfSqs	328.38477	0	0	0	0	0	0	0	0	0	0	0	0	0	0	0
S(0,5)InvDfMom	0.046543429	0	0	0	0	0	0	0	0	0	0	0	0	0	0	0
S(0,5)SumAverg	66.518753	0	0	0	0	0	0	0	0	0	0	0	0	0	0	0
S(0,5)SumVarnc	657.70449	0	0	0	0	0	0	0	0	0	0	0	0	0	0	0
S(0,5)SumEntrp	2.0156416	0	0	0	0	0	0	0	0	0	0	0	0	0	0	0
S(0,5)Entropy	3.6010085	0	0	0	0	0	0	0	0	0	0	0	0	0	0	0
S(0,5)DifVarnc	217.56972	0	0	0	0	0	0	0	0	0	0	0	0	0	0	0
S(0,5)DifEntrp	1.7189665	0	0	0	0	0	0	0	0	0	0	0	0	0	0	0
_Area_S(5,5)	126002	0	0	0	0	0	0	0	0	0	0	0	0	0	0	0
S(5,5)AngScMom	0.0002562927	0	0	0	0	0	0	0	0	0	0	0	0	0	0	0
S(5,5)Contrast	655.24479	0	0	0	0	0	0	0	0	0	0	0	0	0	0	0
S(5,5)Correlat	0.0021288096	0	0	0	0	0	0	0	0	0	0	0	0	0	0	0
S(5,5)SumOfSqs	328.32133	0	0	0	0	0	0	0	0	0	0	0	0	0	0	0
S(5,5)InvDfMom	0.047442733	0	0	0	0	0	0	0	0	0	0	0	0	0	0	0
S(5,5)SumAverg	66.532166	0	0	0	0	0	0	0	0	0	0	0	0	0	0	0
S(5,5)SumVarnc	658.04052	0	0	0	0	0	0	0	0	0	0	0	0	0	0	0
S(5,5)SumEntrp	2.0156893	0	0	0	0	0	0	0	0	0	0	0	0	0	0	0
S(5,5)Entropy	3.6014652	0	0	0	0	0	0	0	0	0	0	0	0	0	0	0
S(5,5)DifVarnc	218.34979	0	0	0	0	0	0	0	0	0	0	0	0	0	0	0
S(5,5)DifEntrp	1.7187887	0	0	0	0	0	0	0	0	0	0	0	0	0	0	0
_Area_S(5,-5)	126002	0	0	0	0	0	0	0	0	0	0	0	0	0	0	0
S(5,-5)AngScMom	0.00025637433	0	0	0	0	0	0	0	0	0	0	0	0	0	0	0
S(5,-5)Contrast	652.08336	0	0	0	0	0	0	0	0	0	0	0	0	0	0	0
S(5,-5)Correlat	0.0069136947	0	0	0	0	0	0	0	0	0	0	0	0	0	0	0
S(5,-5)SumOfSqs	328.31153	0	0	0	0	0	0	0	0	0	0	0	0	0	0	0
S(5,-5)InvDfMom	0.047758012	0	0	0	0	0	0	0	0	0	0	0	0	0	0	0
S(5,-5)SumAverg	66.529293	0	0	0	0	0	0	0	0	0	0	0	0	0	0	0
S(5,-5)SumVarnc	661.16275	0	0	0	0	0	0	0	0	0	0	0	0	0	0	0
S(5,-5)SumEntrp	2.016548	0	0	0	0	0	0	0	0	0	0	0	0	0	0	0
S(5,-5)Entropy	3.6014146	0	0	0	0	0	0	0	0	0	0	0	0	0	0	0
S(5,-5)DifVarnc	219.24578	0	0	0	0	0	0	0	0	0	0	0	0	0	0	0
S(5,-5)DifEntrp	1.7179852	0	0	0	0	0	0	0	0	0	0	0	0	0	0	0
Horzl_RLNonUni	62485.338	0	0	0	0	0	0	0	0	0	0	0	0	0	0	0
Horzl_GLevNonU	1016.7007	0	0	0	0	0	0	0	0	0	0	0	0	0	0	0
Horzl_LngREmph	1.0495891	0	0	0	0	0	0	0	0	0	0	0	0	0	0	0
Horzl_ShrtREmp	0.98810345	0	0	0	0	0	0	0	0	0	0	0	0	0	0	0
Horzl_Fraction	0.98403931	0	0	0	0	0	0	0	0	0	0	0	0	0	0	0
Vertl_RLNonUni	62453.59	0	0	0	0	0	0	0	0	0	0	0	0	0	0	0
Vertl_GLevNonU	1016.4394	0	0	0	0	0	0	0	0	0	0	0	0	0	0	0
Vertl_LngREmph	1.0492968	0	0	0	0	0	0	0	0	0	0	0	0	0	0	0
Vertl_ShrtREmp	0.98795149	0	0	0	0	0	0	0	0	0	0	0	0	0	0	0
Vertl_Fraction	0.98399353	0	0	0	0	0	0	0	0	0	0	0	0	0	0	0
45dgr_RLNonUni	62585.652	0	0	0	0	0	0	0	0	0	0	0	0	0	0	0
45dgr_GLevNonU	1017.1439	0	0	0	0	0	0	0	0	0	0	0	0	0	0	0
45dgr_LngREmph	1.0473888	0	0	0	0	0	0	0	0	0	0	0	0	0	0	0
45dgr_ShrtREmp	0.9884891	0	0	0	0	0	0	0	0	0	0	0	0	0	0	0
45dgr_Fraction	0.98464966	0	0	0	0	0	0	0	0	0	0	0	0	0	0	0
135dr_RLNonUni	62440.257	0	0	0	0	0	0	0	0	0	0	0	0	0	0	0
135dr_GLevNonU	1016.4331	0	0	0	0	0	0	0	0	0	0	0	0	0	0	0
135dr_LngREmph	1.0490797	0	0	0	0	0	0	0	0	0	0	0	0	0	0	0
135dr_ShrtREmp	0.98788516	0	0	0	0	0	0	0	0	0	0	0	0	0	0	0
135dr_Fraction	0.98399353	0	0	0	0	0	0	0	0	0	0	0	0	0	0	0
_AreaGr	64516	0	0	0	0	0	0	0	0	0	0	0	0	0	0	0
GrMean	8.1740054	0	0	0	0	0	0	0	0	0	0	0	0	0	0	0
GrVariance	15.154838	0	0	0	0	0	0	0	0	0	0	0	0	0	0	0
GrSkewness	0.20251477	0	0	0	0	0	0	0	0	0	0	0	0	0	0	0
GrKurtosis	-0.63259512	0	0	0	0	0	0	0	0	0	0	0	0	0	0	0
GrNonZeros	0.99624899	0	0	0	0	0	0	0	0	0	0	0	0	0	0	0
_AreaARM	64770	0	0	0	0	0	0	0	0	0	0	0	0	0	0	0
Teta1	0.017302307	0	0	0	0	0	0	0	0	0	0	0	0	0	0	0
Teta2	0.0016224223	0	0	0	0	0	0	0	0	0	0	0	0	0	0	0
Teta3	0.0048019093	0	0	0	0	0	0	0	0	0	0	0	0	0	0	0
Teta4	-0.0044471317	0	0	0	0	0	0	0	0	0	0	0	0	0	0	0
Sigma	0.99942106	0	0	0	0	0	0	0	0	0	0	0	0	0	0	0
WavEnLL_s-1	18389.699	0	0	0	0	0	0	0	0	0	0	0	0	0	0	0
WavEnLH_s-1	1327.26	0	0	0	0	0	0	0	0	0	0	0	0	0	0	0
WavEnHL_s-1	1296.3153	0	0	0	0	0	0	0	0	0	0	0	0	0	0	0
WavEnHH_s-1	1292.0157	0	0	0	0	0	0	0	0	0	0	0	0	0	0	0
WavEnLL_s-2	17373.859	0	0	0	0	0	0	0	0	0	0	0	0	0	0	0
WavEnLH_s-2	341.02277	0	0	0	0	0	0	0	0	0	0	0	0	0	0	0
WavEnHL_s-2	331.24434	0	0	0	0	0	0	0	0	0	0	0	0	0	0	0
WavEnHH_s-2	343.573	0	0	0	0	0	0	0	0	0	0	0	0	0	0	0
WavEnLL_s-3	17123.492	0	0	0	0	0	0	0	0	0	0	0	0	0	0	0
WavEnLH_s-3	89.04936	0	0	0	0	0	0	0	0	0	0	0	0	0	0	0
WavEnHL_s-3	82.373604	0	0	0	0	0	0	0	0	0	0	0	0	0	0	0
WavEnHH_s-3	78.944371	0	0	0	0	0	0	0	0	0	0	0	0	0	0	0
WavEnLL_s-4	17064.533	0	0	0	0	0	0	0	0	0	0	0	0	0	0	0
WavEnLH_s-4	20.247965	0	0	0	0	0	0	0	0	0	0	0	0	0	0	0
WavEnHL_s-4	18.954733	0	0	0	0	0	0	0	0	0	0	0	0	0	0	0
WavEnHH_s-4	19.75544	0	0	0	0	0	0	0	0	0	0	0	0	0	0	0
