Image File: seat2-a-p040.png 
ROI File: allred.roi 
Image size: 256 x 256
Min. lum.: 1
Max. lum.: 256
Bits/pixel: 8

Normalisation =  No
Histogram analysis = Yes
CO matrix analysis = Yes, Dimensions = 6 x 6, Distances = 1 2 3 4 5
RL matrix analysis = Yes, Dimension = 6
Gradient analysis = Yes, Max pixel value = 16
AR model analysis = Yes
Wavelet analysis = Yes

--------------- CLASS NAMES ----------------

----------------- FEATURES -----------------
_Area	65536	0	0	0	0	0	0	0	0	0	0	0	0	0	0	0
Mean	130.68204	0	0	0	0	0	0	0	0	0	0	0	0	0	0	0
Variance	5326.2456	0	0	0	0	0	0	0	0	0	0	0	0	0	0	0
Skewness	-0.021484809	0	0	0	0	0	0	0	0	0	0	0	0	0	0	0
Kurtosis	-1.1806225	0	0	0	0	0	0	0	0	0	0	0	0	0	0	0
Perc.01%	4	0	0	0	0	0	0	0	0	0	0	0	0	0	0	0
Perc.10%	29	0	0	0	0	0	0	0	0	0	0	0	0	0	0	0
Perc.50%	131	0	0	0	0	0	0	0	0	0	0	0	0	0	0	0
Perc.90%	231	0	0	0	0	0	0	0	0	0	0	0	0	0	0	0
Perc.99%	254	0	0	0	0	0	0	0	0	0	0	0	0	0	0	0
_Area_S(1,0)	130560	0	0	0	0	0	0	0	0	0	0	0	0	0	0	0
S(1,0)AngScMom	0.00025536021	0	0	0	0	0	0	0	0	0	0	0	0	0	0	0
S(1,0)Contrast	654.15855	0	0	0	0	0	0	0	0	0	0	0	0	0	0	0
S(1,0)Correlat	0.017266878	0	0	0	0	0	0	0	0	0	0	0	0	0	0	0
S(1,0)SumOfSqs	332.82614	0	0	0	0	0	0	0	0	0	0	0	0	0	0	0
S(1,0)InvDfMom	0.049509029	0	0	0	0	0	0	0	0	0	0	0	0	0	0	0
S(1,0)SumAverg	66.08076	0	0	0	0	0	0	0	0	0	0	0	0	0	0	0
S(1,0)SumVarnc	677.14602	0	0	0	0	0	0	0	0	0	0	0	0	0	0	0
S(1,0)SumEntrp	2.0215726	0	0	0	0	0	0	0	0	0	0	0	0	0	0	0
S(1,0)Entropy	3.6024013	0	0	0	0	0	0	0	0	0	0	0	0	0	0	0
S(1,0)DifVarnc	219.99289	0	0	0	0	0	0	0	0	0	0	0	0	0	0	0
S(1,0)DifEntrp	1.7190227	0	0	0	0	0	0	0	0	0	0	0	0	0	0	0
_Area_S(0,1)	130560	0	0	0	0	0	0	0	0	0	0	0	0	0	0	0
S(0,1)AngScMom	0.00025418761	0	0	0	0	0	0	0	0	0	0	0	0	0	0	0
S(0,1)Contrast	670.40656	0	0	0	0	0	0	0	0	0	0	0	0	0	0	0
S(0,1)Correlat	-0.0077295755	0	0	0	0	0	0	0	0	0	0	0	0	0	0	0
S(0,1)SumOfSqs	332.63217	0	0	0	0	0	0	0	0	0	0	0	0	0	0	0
S(0,1)InvDfMom	0.046328029	0	0	0	0	0	0	0	0	0	0	0	0	0	0	0
S(0,1)SumAverg	66.091544	0	0	0	0	0	0	0	0	0	0	0	0	0	0	0
S(0,1)SumVarnc	660.12213	0	0	0	0	0	0	0	0	0	0	0	0	0	0	0
S(0,1)SumEntrp	2.0163762	0	0	0	0	0	0	0	0	0	0	0	0	0	0	0
S(0,1)Entropy	3.6032587	0	0	0	0	0	0	0	0	0	0	0	0	0	0	0
S(0,1)DifVarnc	221.97273	0	0	0	0	0	0	0	0	0	0	0	0	0	0	0
S(0,1)DifEntrp	1.7231706	0	0	0	0	0	0	0	0	0	0	0	0	0	0	0
_Area_S(1,1)	130050	0	0	0	0	0	0	0	0	0	0	0	0	0	0	0
S(1,1)AngScMom	0.0002547725	0	0	0	0	0	0	0	0	0	0	0	0	0	0	0
S(1,1)Contrast	665.1278	0	0	0	0	0	0	0	0	0	0	0	0	0	0	0
S(1,1)Correlat	0.00032323787	0	0	0	0	0	0	0	0	0	0	0	0	0	0	0
S(1,1)SumOfSqs	332.67143	0	0	0	0	0	0	0	0	0	0	0	0	0	0	0
S(1,1)InvDfMom	0.047845568	0	0	0	0	0	0	0	0	0	0	0	0	0	0	0
S(1,1)SumAverg	66.09238	0	0	0	0	0	0	0	0	0	0	0	0	0	0	0
S(1,1)SumVarnc	665.55793	0	0	0	0	0	0	0	0	0	0	0	0	0	0	0
S(1,1)SumEntrp	2.0177604	0	0	0	0	0	0	0	0	0	0	0	0	0	0	0
S(1,1)Entropy	3.6027204	0	0	0	0	0	0	0	0	0	0	0	0	0	0	0
S(1,1)DifVarnc	223.30065	0	0	0	0	0	0	0	0	0	0	0	0	0	0	0
S(1,1)DifEntrp	1.7219474	0	0	0	0	0	0	0	0	0	0	0	0	0	0	0
_Area_S(1,-1)	130050	0	0	0	0	0	0	0	0	0	0	0	0	0	0	0
S(1,-1)AngScMom	0.00025440214	0	0	0	0	0	0	0	0	0	0	0	0	0	0	0
S(1,-1)Contrast	664.80993	0	0	0	0	0	0	0	0	0	0	0	0	0	0	0
S(1,-1)Correlat	0.00079296719	0	0	0	0	0	0	0	0	0	0	0	0	0	0	0
S(1,-1)SumOfSqs	332.66876	0	0	0	0	0	0	0	0	0	0	0	0	0	0	0
S(1,-1)InvDfMom	0.047911575	0	0	0	0	0	0	0	0	0	0	0	0	0	0	0
S(1,-1)SumAverg	66.092703	0	0	0	0	0	0	0	0	0	0	0	0	0	0	0
S(1,-1)SumVarnc	665.86512	0	0	0	0	0	0	0	0	0	0	0	0	0	0	0
S(1,-1)SumEntrp	2.018262	0	0	0	0	0	0	0	0	0	0	0	0	0	0	0
S(1,-1)Entropy	3.603145	0	0	0	0	0	0	0	0	0	0	0	0	0	0	0
S(1,-1)DifVarnc	222.63166	0	0	0	0	0	0	0	0	0	0	0	0	0	0	0
S(1,-1)DifEntrp	1.7217426	0	0	0	0	0	0	0	0	0	0	0	0	0	0	0
_Area_S(2,0)	130048	0	0	0	0	0	0	0	0	0	0	0	0	0	0	0
S(2,0)AngScMom	0.00025479429	0	0	0	0	0	0	0	0	0	0	0	0	0	0	0
S(2,0)Contrast	655.17589	0	0	0	0	0	0	0	0	0	0	0	0	0	0	0
S(2,0)Correlat	0.015627543	0	0	0	0	0	0	0	0	0	0	0	0	0	0	0
S(2,0)SumOfSqs	332.78861	0	0	0	0	0	0	0	0	0	0	0	0	0	0	0
S(2,0)InvDfMom	0.048142211	0	0	0	0	0	0	0	0	0	0	0	0	0	0	0
S(2,0)SumAverg	66.087952	0	0	0	0	0	0	0	0	0	0	0	0	0	0	0
S(2,0)SumVarnc	675.97856	0	0	0	0	0	0	0	0	0	0	0	0	0	0	0
S(2,0)SumEntrp	2.0209706	0	0	0	0	0	0	0	0	0	0	0	0	0	0	0
S(2,0)Entropy	3.6027551	0	0	0	0	0	0	0	0	0	0	0	0	0	0	0
S(2,0)DifVarnc	219.27349	0	0	0	0	0	0	0	0	0	0	0	0	0	0	0
S(2,0)DifEntrp	1.7195015	0	0	0	0	0	0	0	0	0	0	0	0	0	0	0
_Area_S(0,2)	130048	0	0	0	0	0	0	0	0	0	0	0	0	0	0	0
S(0,2)AngScMom	0.00025475811	0	0	0	0	0	0	0	0	0	0	0	0	0	0	0
S(0,2)Contrast	665.89947	0	0	0	0	0	0	0	0	0	0	0	0	0	0	0
S(0,2)Correlat	-0.0010207106	0	0	0	0	0	0	0	0	0	0	0	0	0	0	0
S(0,2)SumOfSqs	332.61024	0	0	0	0	0	0	0	0	0	0	0	0	0	0	0
S(0,2)InvDfMom	0.047060526	0	0	0	0	0	0	0	0	0	0	0	0	0	0	0
S(0,2)SumAverg	66.083215	0	0	0	0	0	0	0	0	0	0	0	0	0	0	0
S(0,2)SumVarnc	664.54147	0	0	0	0	0	0	0	0	0	0	0	0	0	0	0
S(0,2)SumEntrp	2.0178242	0	0	0	0	0	0	0	0	0	0	0	0	0	0	0
S(0,2)Entropy	3.6027889	0	0	0	0	0	0	0	0	0	0	0	0	0	0	0
S(0,2)DifVarnc	222.60932	0	0	0	0	0	0	0	0	0	0	0	0	0	0	0
S(0,2)DifEntrp	1.72201	0	0	0	0	0	0	0	0	0	0	0	0	0	0	0
_Area_S(2,2)	129032	0	0	0	0	0	0	0	0	0	0	0	0	0	0	0
S(2,2)AngScMom	0.00025460704	0	0	0	0	0	0	0	0	0	0	0	0	0	0	0
S(2,2)Contrast	661.8769	0	0	0	0	0	0	0	0	0	0	0	0	0	0	0
S(2,2)Correlat	0.0050207215	0	0	0	0	0	0	0	0	0	0	0	0	0	0	0
S(2,2)SumOfSqs	332.60838	0	0	0	0	0	0	0	0	0	0	0	0	0	0	0
S(2,2)InvDfMom	0.047305477	0	0	0	0	0	0	0	0	0	0	0	0	0	0	0
S(2,2)SumAverg	66.089962	0	0	0	0	0	0	0	0	0	0	0	0	0	0	0
S(2,2)SumVarnc	668.55663	0	0	0	0	0	0	0	0	0	0	0	0	0	0	0
S(2,2)SumEntrp	2.0187181	0	0	0	0	0	0	0	0	0	0	0	0	0	0	0
S(2,2)Entropy	3.6029201	0	0	0	0	0	0	0	0	0	0	0	0	0	0	0
S(2,2)DifVarnc	220.77013	0	0	0	0	0	0	0	0	0	0	0	0	0	0	0
S(2,2)DifEntrp	1.7213606	0	0	0	0	0	0	0	0	0	0	0	0	0	0	0
_Area_S(2,-2)	129032	0	0	0	0	0	0	0	0	0	0	0	0	0	0	0
S(2,-2)AngScMom	0.00025442925	0	0	0	0	0	0	0	0	0	0	0	0	0	0	0
S(2,-2)Contrast	662.95889	0	0	0	0	0	0	0	0	0	0	0	0	0	0	0
S(2,-2)Correlat	0.00339756	0	0	0	0	0	0	0	0	0	0	0	0	0	0	0
S(2,-2)SumOfSqs	332.60951	0	0	0	0	0	0	0	0	0	0	0	0	0	0	0
S(2,-2)InvDfMom	0.048218158	0	0	0	0	0	0	0	0	0	0	0	0	0	0	0
S(2,-2)SumAverg	66.092163	0	0	0	0	0	0	0	0	0	0	0	0	0	0	0
S(2,-2)SumVarnc	667.47914	0	0	0	0	0	0	0	0	0	0	0	0	0	0	0
S(2,-2)SumEntrp	2.0188445	0	0	0	0	0	0	0	0	0	0	0	0	0	0	0
S(2,-2)Entropy	3.6031282	0	0	0	0	0	0	0	0	0	0	0	0	0	0	0
S(2,-2)DifVarnc	222.11642	0	0	0	0	0	0	0	0	0	0	0	0	0	0	0
S(2,-2)DifEntrp	1.7212433	0	0	0	0	0	0	0	0	0	0	0	0	0	0	0
_Area_S(3,0)	129536	0	0	0	0	0	0	0	0	0	0	0	0	0	0	0
S(3,0)AngScMom	0.00025498643	0	0	0	0	0	0	0	0	0	0	0	0	0	0	0
S(3,0)Contrast	666.09605	0	0	0	0	0	0	0	0	0	0	0	0	0	0	0
S(3,0)Correlat	-0.00058254992	0	0	0	0	0	0	0	0	0	0	0	0	0	0	0
S(3,0)SumOfSqs	332.85412	0	0	0	0	0	0	0	0	0	0	0	0	0	0	0
S(3,0)InvDfMom	0.04726067	0	0	0	0	0	0	0	0	0	0	0	0	0	0	0
S(3,0)SumAverg	66.086725	0	0	0	0	0	0	0	0	0	0	0	0	0	0	0
S(3,0)SumVarnc	665.32043	0	0	0	0	0	0	0	0	0	0	0	0	0	0	0
S(3,0)SumEntrp	2.0181425	0	0	0	0	0	0	0	0	0	0	0	0	0	0	0
S(3,0)Entropy	3.602635	0	0	0	0	0	0	0	0	0	0	0	0	0	0	0
S(3,0)DifVarnc	222.94896	0	0	0	0	0	0	0	0	0	0	0	0	0	0	0
S(3,0)DifEntrp	1.7219911	0	0	0	0	0	0	0	0	0	0	0	0	0	0	0
_Area_S(0,3)	129536	0	0	0	0	0	0	0	0	0	0	0	0	0	0	0
S(0,3)AngScMom	0.0002546043	0	0	0	0	0	0	0	0	0	0	0	0	0	0	0
S(0,3)Contrast	662.97008	0	0	0	0	0	0	0	0	0	0	0	0	0	0	0
S(0,3)Correlat	0.003313099	0	0	0	0	0	0	0	0	0	0	0	0	0	0	0
S(0,3)SumOfSqs	332.58693	0	0	0	0	0	0	0	0	0	0	0	0	0	0	0
S(0,3)InvDfMom	0.047724841	0	0	0	0	0	0	0	0	0	0	0	0	0	0	0
S(0,3)SumAverg	66.084116	0	0	0	0	0	0	0	0	0	0	0	0	0	0	0
S(0,3)SumVarnc	667.37765	0	0	0	0	0	0	0	0	0	0	0	0	0	0	0
S(0,3)SumEntrp	2.0185257	0	0	0	0	0	0	0	0	0	0	0	0	0	0	0
S(0,3)Entropy	3.6029424	0	0	0	0	0	0	0	0	0	0	0	0	0	0	0
S(0,3)DifVarnc	221.33824	0	0	0	0	0	0	0	0	0	0	0	0	0	0	0
S(0,3)DifEntrp	1.7210477	0	0	0	0	0	0	0	0	0	0	0	0	0	0	0
_Area_S(3,3)	128018	0	0	0	0	0	0	0	0	0	0	0	0	0	0	0
S(3,3)AngScMom	0.00025400229	0	0	0	0	0	0	0	0	0	0	0	0	0	0	0
S(3,3)Contrast	665.42105	0	0	0	0	0	0	0	0	0	0	0	0	0	0	0
S(3,3)Correlat	-0.00017770273	0	0	0	0	0	0	0	0	0	0	0	0	0	0	0
S(3,3)SumOfSqs	332.65141	0	0	0	0	0	0	0	0	0	0	0	0	0	0	0
S(3,3)InvDfMom	0.047090164	0	0	0	0	0	0	0	0	0	0	0	0	0	0	0
S(3,3)SumAverg	66.0883	0	0	0	0	0	0	0	0	0	0	0	0	0	0	0
S(3,3)SumVarnc	665.1846	0	0	0	0	0	0	0	0	0	0	0	0	0	0	0
S(3,3)SumEntrp	2.0177198	0	0	0	0	0	0	0	0	0	0	0	0	0	0	0
S(3,3)Entropy	3.6034905	0	0	0	0	0	0	0	0	0	0	0	0	0	0	0
S(3,3)DifVarnc	221.91031	0	0	0	0	0	0	0	0	0	0	0	0	0	0	0
S(3,3)DifEntrp	1.721819	0	0	0	0	0	0	0	0	0	0	0	0	0	0	0
_Area_S(3,-3)	128018	0	0	0	0	0	0	0	0	0	0	0	0	0	0	0
S(3,-3)AngScMom	0.00025444918	0	0	0	0	0	0	0	0	0	0	0	0	0	0	0
S(3,-3)Contrast	664.40369	0	0	0	0	0	0	0	0	0	0	0	0	0	0	0
S(3,-3)Correlat	0.0013541053	0	0	0	0	0	0	0	0	0	0	0	0	0	0	0
S(3,-3)SumOfSqs	332.65229	0	0	0	0	0	0	0	0	0	0	0	0	0	0	0
S(3,-3)InvDfMom	0.047080113	0	0	0	0	0	0	0	0	0	0	0	0	0	0	0
S(3,-3)SumAverg	66.090612	0	0	0	0	0	0	0	0	0	0	0	0	0	0	0
S(3,-3)SumVarnc	666.20548	0	0	0	0	0	0	0	0	0	0	0	0	0	0	0
S(3,-3)SumEntrp	2.0184893	0	0	0	0	0	0	0	0	0	0	0	0	0	0	0
S(3,-3)Entropy	3.6030668	0	0	0	0	0	0	0	0	0	0	0	0	0	0	0
S(3,-3)DifVarnc	222.42088	0	0	0	0	0	0	0	0	0	0	0	0	0	0	0
S(3,-3)DifEntrp	1.7219262	0	0	0	0	0	0	0	0	0	0	0	0	0	0	0
_Area_S(4,0)	129024	0	0	0	0	0	0	0	0	0	0	0	0	0	0	0
S(4,0)AngScMom	0.00025469135	0	0	0	0	0	0	0	0	0	0	0	0	0	0	0
S(4,0)Contrast	662.24947	0	0	0	0	0	0	0	0	0	0	0	0	0	0	0
S(4,0)Correlat	0.0049267049	0	0	0	0	0	0	0	0	0	0	0	0	0	0	0
S(4,0)SumOfSqs	332.76417	0	0	0	0	0	0	0	0	0	0	0	0	0	0	0
S(4,0)InvDfMom	0.047251534	0	0	0	0	0	0	0	0	0	0	0	0	0	0	0
S(4,0)SumAverg	66.077567	0	0	0	0	0	0	0	0	0	0	0	0	0	0	0
S(4,0)SumVarnc	668.8072	0	0	0	0	0	0	0	0	0	0	0	0	0	0	0
S(4,0)SumEntrp	2.018988	0	0	0	0	0	0	0	0	0	0	0	0	0	0	0
S(4,0)Entropy	3.6028403	0	0	0	0	0	0	0	0	0	0	0	0	0	0	0
S(4,0)DifVarnc	220.71155	0	0	0	0	0	0	0	0	0	0	0	0	0	0	0
S(4,0)DifEntrp	1.7209199	0	0	0	0	0	0	0	0	0	0	0	0	0	0	0
_Area_S(0,4)	129024	0	0	0	0	0	0	0	0	0	0	0	0	0	0	0
S(0,4)AngScMom	0.00025499843	0	0	0	0	0	0	0	0	0	0	0	0	0	0	0
S(0,4)Contrast	667.83547	0	0	0	0	0	0	0	0	0	0	0	0	0	0	0
S(0,4)Correlat	-0.0040673114	0	0	0	0	0	0	0	0	0	0	0	0	0	0	0
S(0,4)SumOfSqs	332.56509	0	0	0	0	0	0	0	0	0	0	0	0	0	0	0
S(0,4)InvDfMom	0.04704034	0	0	0	0	0	0	0	0	0	0	0	0	0	0	0
S(0,4)SumAverg	66.086217	0	0	0	0	0	0	0	0	0	0	0	0	0	0	0
S(0,4)SumVarnc	662.42489	0	0	0	0	0	0	0	0	0	0	0	0	0	0	0
S(0,4)SumEntrp	2.017217	0	0	0	0	0	0	0	0	0	0	0	0	0	0	0
S(0,4)Entropy	3.602682	0	0	0	0	0	0	0	0	0	0	0	0	0	0	0
S(0,4)DifVarnc	222.24023	0	0	0	0	0	0	0	0	0	0	0	0	0	0	0
S(0,4)DifEntrp	1.7227277	0	0	0	0	0	0	0	0	0	0	0	0	0	0	0
_Area_S(4,4)	127008	0	0	0	0	0	0	0	0	0	0	0	0	0	0	0
S(4,4)AngScMom	0.00025442427	0	0	0	0	0	0	0	0	0	0	0	0	0	0	0
S(4,4)Contrast	666.93034	0	0	0	0	0	0	0	0	0	0	0	0	0	0	0
S(4,4)Correlat	-0.002791443	0	0	0	0	0	0	0	0	0	0	0	0	0	0	0
S(4,4)SumOfSqs	332.53691	0	0	0	0	0	0	0	0	0	0	0	0	0	0	0
S(4,4)InvDfMom	0.046977752	0	0	0	0	0	0	0	0	0	0	0	0	0	0	0
S(4,4)SumAverg	66.083648	0	0	0	0	0	0	0	0	0	0	0	0	0	0	0
S(4,4)SumVarnc	663.2173	0	0	0	0	0	0	0	0	0	0	0	0	0	0	0
S(4,4)SumEntrp	2.0170661	0	0	0	0	0	0	0	0	0	0	0	0	0	0	0
S(4,4)Entropy	3.6031266	0	0	0	0	0	0	0	0	0	0	0	0	0	0	0
S(4,4)DifVarnc	221.47469	0	0	0	0	0	0	0	0	0	0	0	0	0	0	0
S(4,4)DifEntrp	1.7222518	0	0	0	0	0	0	0	0	0	0	0	0	0	0	0
_Area_S(4,-4)	127008	0	0	0	0	0	0	0	0	0	0	0	0	0	0	0
S(4,-4)AngScMom	0.00025448006	0	0	0	0	0	0	0	0	0	0	0	0	0	0	0
S(4,-4)Contrast	670.67623	0	0	0	0	0	0	0	0	0	0	0	0	0	0	0
S(4,-4)Correlat	-0.0084604725	0	0	0	0	0	0	0	0	0	0	0	0	0	0	0
S(4,-4)SumOfSqs	332.5248	0	0	0	0	0	0	0	0	0	0	0	0	0	0	0
S(4,-4)InvDfMom	0.047003648	0	0	0	0	0	0	0	0	0	0	0	0	0	0	0
S(4,-4)SumAverg	66.08357	0	0	0	0	0	0	0	0	0	0	0	0	0	0	0
S(4,-4)SumVarnc	659.42296	0	0	0	0	0	0	0	0	0	0	0	0	0	0	0
S(4,-4)SumEntrp	2.0166275	0	0	0	0	0	0	0	0	0	0	0	0	0	0	0
S(4,-4)Entropy	3.6031012	0	0	0	0	0	0	0	0	0	0	0	0	0	0	0
S(4,-4)DifVarnc	223.23555	0	0	0	0	0	0	0	0	0	0	0	0	0	0	0
S(4,-4)DifEntrp	1.7233135	0	0	0	0	0	0	0	0	0	0	0	0	0	0	0
_Area_S(5,0)	128512	0	0	0	0	0	0	0	0	0	0	0	0	0	0	0
S(5,0)AngScMom	0.00025447139	0	0	0	0	0	0	0	0	0	0	0	0	0	0	0
S(5,0)Contrast	662.56784	0	0	0	0	0	0	0	0	0	0	0	0	0	0	0
S(5,0)Correlat	0.004633754	0	0	0	0	0	0	0	0	0	0	0	0	0	0	0
S(5,0)SumOfSqs	332.82615	0	0	0	0	0	0	0	0	0	0	0	0	0	0	0
S(5,0)InvDfMom	0.047035947	0	0	0	0	0	0	0	0	0	0	0	0	0	0	0
S(5,0)SumAverg	66.075339	0	0	0	0	0	0	0	0	0	0	0	0	0	0	0
S(5,0)SumVarnc	668.73678	0	0	0	0	0	0	0	0	0	0	0	0	0	0	0
S(5,0)SumEntrp	2.0188988	0	0	0	0	0	0	0	0	0	0	0	0	0	0	0
S(5,0)Entropy	3.6031472	0	0	0	0	0	0	0	0	0	0	0	0	0	0	0
S(5,0)DifVarnc	222.11476	0	0	0	0	0	0	0	0	0	0	0	0	0	0	0
S(5,0)DifEntrp	1.721433	0	0	0	0	0	0	0	0	0	0	0	0	0	0	0
_Area_S(0,5)	128512	0	0	0	0	0	0	0	0	0	0	0	0	0	0	0
S(0,5)AngScMom	0.00025456572	0	0	0	0	0	0	0	0	0	0	0	0	0	0	0
S(0,5)Contrast	663.49908	0	0	0	0	0	0	0	0	0	0	0	0	0	0	0
S(0,5)Correlat	0.0020640283	0	0	0	0	0	0	0	0	0	0	0	0	0	0	0
S(0,5)SumOfSqs	332.4357	0	0	0	0	0	0	0	0	0	0	0	0	0	0	0
S(0,5)InvDfMom	0.045889921	0	0	0	0	0	0	0	0	0	0	0	0	0	0	0
S(0,5)SumAverg	66.096411	0	0	0	0	0	0	0	0	0	0	0	0	0	0	0
S(0,5)SumVarnc	666.24371	0	0	0	0	0	0	0	0	0	0	0	0	0	0	0
S(0,5)SumEntrp	2.0183518	0	0	0	0	0	0	0	0	0	0	0	0	0	0	0
S(0,5)Entropy	3.6030541	0	0	0	0	0	0	0	0	0	0	0	0	0	0	0
S(0,5)DifVarnc	219.11003	0	0	0	0	0	0	0	0	0	0	0	0	0	0	0
S(0,5)DifEntrp	1.7212737	0	0	0	0	0	0	0	0	0	0	0	0	0	0	0
_Area_S(5,5)	126002	0	0	0	0	0	0	0	0	0	0	0	0	0	0	0
S(5,5)AngScMom	0.00025420949	0	0	0	0	0	0	0	0	0	0	0	0	0	0	0
S(5,5)Contrast	664.64489	0	0	0	0	0	0	0	0	0	0	0	0	0	0	0
S(5,5)Correlat	0.00048311706	0	0	0	0	0	0	0	0	0	0	0	0	0	0	0
S(5,5)SumOfSqs	332.48308	0	0	0	0	0	0	0	0	0	0	0	0	0	0	0
S(5,5)InvDfMom	0.047432188	0	0	0	0	0	0	0	0	0	0	0	0	0	0	0
S(5,5)SumAverg	66.091983	0	0	0	0	0	0	0	0	0	0	0	0	0	0	0
S(5,5)SumVarnc	665.28741	0	0	0	0	0	0	0	0	0	0	0	0	0	0	0
S(5,5)SumEntrp	2.0178847	0	0	0	0	0	0	0	0	0	0	0	0	0	0	0
S(5,5)Entropy	3.6033441	0	0	0	0	0	0	0	0	0	0	0	0	0	0	0
S(5,5)DifVarnc	221.54376	0	0	0	0	0	0	0	0	0	0	0	0	0	0	0
S(5,5)DifEntrp	1.7219213	0	0	0	0	0	0	0	0	0	0	0	0	0	0	0
_Area_S(5,-5)	126002	0	0	0	0	0	0	0	0	0	0	0	0	0	0	0
S(5,-5)AngScMom	0.00025468365	0	0	0	0	0	0	0	0	0	0	0	0	0	0	0
S(5,-5)Contrast	665.23058	0	0	0	0	0	0	0	0	0	0	0	0	0	0	0
S(5,-5)Correlat	-0.00041323295	0	0	0	0	0	0	0	0	0	0	0	0	0	0	0
S(5,-5)SumOfSqs	332.4779	0	0	0	0	0	0	0	0	0	0	0	0	0	0	0
S(5,-5)InvDfMom	0.04784432	0	0	0	0	0	0	0	0	0	0	0	0	0	0	0
S(5,-5)SumAverg	66.088284	0	0	0	0	0	0	0	0	0	0	0	0	0	0	0
S(5,-5)SumVarnc	664.68102	0	0	0	0	0	0	0	0	0	0	0	0	0	0	0
S(5,-5)SumEntrp	2.0179031	0	0	0	0	0	0	0	0	0	0	0	0	0	0	0
S(5,-5)Entropy	3.6029136	0	0	0	0	0	0	0	0	0	0	0	0	0	0	0
S(5,-5)DifVarnc	223.29744	0	0	0	0	0	0	0	0	0	0	0	0	0	0	0
S(5,-5)DifEntrp	1.7220338	0	0	0	0	0	0	0	0	0	0	0	0	0	0	0
Horzl_RLNonUni	62150.883	0	0	0	0	0	0	0	0	0	0	0	0	0	0	0
Horzl_GLevNonU	1011.3966	0	0	0	0	0	0	0	0	0	0	0	0	0	0	0
Horzl_LngREmph	1.0549584	0	0	0	0	0	0	0	0	0	0	0	0	0	0	0
Horzl_ShrtREmp	0.98675285	0	0	0	0	0	0	0	0	0	0	0	0	0	0	0
Horzl_Fraction	0.9822998	0	0	0	0	0	0	0	0	0	0	0	0	0	0	0
Vertl_RLNonUni	62613.252	0	0	0	0	0	0	0	0	0	0	0	0	0	0	0
Vertl_GLevNonU	1013.9639	0	0	0	0	0	0	0	0	0	0	0	0	0	0	0
Vertl_LngREmph	1.0466673	0	0	0	0	0	0	0	0	0	0	0	0	0	0	0
Vertl_ShrtREmp	0.98859141	0	0	0	0	0	0	0	0	0	0	0	0	0	0	0
Vertl_Fraction	0.98483276	0	0	0	0	0	0	0	0	0	0	0	0	0	0	0
45dgr_RLNonUni	62484.859	0	0	0	0	0	0	0	0	0	0	0	0	0	0	0
45dgr_GLevNonU	1013.2246	0	0	0	0	0	0	0	0	0	0	0	0	0	0	0
45dgr_LngREmph	1.048855	0	0	0	0	0	0	0	0	0	0	0	0	0	0	0
45dgr_ShrtREmp	0.98807912	0	0	0	0	0	0	0	0	0	0	0	0	0	0	0
45dgr_Fraction	0.98414612	0	0	0	0	0	0	0	0	0	0	0	0	0	0	0
135dr_RLNonUni	62486.765	0	0	0	0	0	0	0	0	0	0	0	0	0	0	0
135dr_GLevNonU	1013.2674	0	0	0	0	0	0	0	0	0	0	0	0	0	0	0
135dr_LngREmph	1.048886	0	0	0	0	0	0	0	0	0	0	0	0	0	0	0
135dr_ShrtREmp	0.98808859	0	0	0	0	0	0	0	0	0	0	0	0	0	0	0
135dr_Fraction	0.98414612	0	0	0	0	0	0	0	0	0	0	0	0	0	0	0
_AreaGr	64516	0	0	0	0	0	0	0	0	0	0	0	0	0	0	0
GrMean	8.2010356	0	0	0	0	0	0	0	0	0	0	0	0	0	0	0
GrVariance	15.235793	0	0	0	0	0	0	0	0	0	0	0	0	0	0	0
GrSkewness	0.19323413	0	0	0	0	0	0	0	0	0	0	0	0	0	0	0
GrKurtosis	-0.63787288	0	0	0	0	0	0	0	0	0	0	0	0	0	0	0
GrNonZeros	0.99572199	0	0	0	0	0	0	0	0	0	0	0	0	0	0	0
_AreaARM	64770	0	0	0	0	0	0	0	0	0	0	0	0	0	0	0
Teta1	0.015721377	0	0	0	0	0	0	0	0	0	0	0	0	0	0	0
Teta2	0.0016567653	0	0	0	0	0	0	0	0	0	0	0	0	0	0	0
Teta3	-0.0075547551	0	0	0	0	0	0	0	0	0	0	0	0	0	0	0
Teta4	3.3840491e-05	0	0	0	0	0	0	0	0	0	0	0	0	0	0	0
Sigma	0.99930892	0	0	0	0	0	0	0	0	0	0	0	0	0	0	0
WavEnLL_s-1	18160.176	0	0	0	0	0	0	0	0	0	0	0	0	0	0	0
WavEnLH_s-1	1370.2355	0	0	0	0	0	0	0	0	0	0	0	0	0	0	0
WavEnHL_s-1	1298.8695	0	0	0	0	0	0	0	0	0	0	0	0	0	0	0
WavEnHH_s-1	1314.3952	0	0	0	0	0	0	0	0	0	0	0	0	0	0	0
WavEnLL_s-2	17166.185	0	0	0	0	0	0	0	0	0	0	0	0	0	0	0
WavEnLH_s-2	343.94001	0	0	0	0	0	0	0	0	0	0	0	0	0	0	0
WavEnHL_s-2	314.66561	0	0	0	0	0	0	0	0	0	0	0	0	0	0	0
WavEnHH_s-2	335.38549	0	0	0	0	0	0	0	0	0	0	0	0	0	0	0
WavEnLL_s-3	16908.691	0	0	0	0	0	0	0	0	0	0	0	0	0	0	0
WavEnLH_s-3	86.059629	0	0	0	0	0	0	0	0	0	0	0	0	0	0	0
WavEnHL_s-3	82.993865	0	0	0	0	0	0	0	0	0	0	0	0	0	0	0
WavEnHH_s-3	88.440379	0	0	0	0	0	0	0	0	0	0	0	0	0	0	0
WavEnLL_s-4	16842.7	0	0	0	0	0	0	0	0	0	0	0	0	0	0	0
WavEnLH_s-4	21.358438	0	0	0	0	0	0	0	0	0	0	0	0	0	0	0
WavEnHL_s-4	23.066129	0	0	0	0	0	0	0	0	0	0	0	0	0	0	0
WavEnHH_s-4	21.566787	0	0	0	0	0	0	0	0	0	0	0	0	0	0	0
