Image File: seat2-a-p012.png 
ROI File: allred.roi 
Image size: 256 x 256
Min. lum.: 1
Max. lum.: 256
Bits/pixel: 8

Normalisation =  No
Histogram analysis = Yes
CO matrix analysis = Yes, Dimensions = 6 x 6, Distances = 1 2 3 4 5
RL matrix analysis = Yes, Dimension = 6
Gradient analysis = Yes, Max pixel value = 16
AR model analysis = Yes
Wavelet analysis = Yes

--------------- CLASS NAMES ----------------

----------------- FEATURES -----------------
_Area	65536	0	0	0	0	0	0	0	0	0	0	0	0	0	0	0
Mean	130.22874	0	0	0	0	0	0	0	0	0	0	0	0	0	0	0
Variance	5362.1346	0	0	0	0	0	0	0	0	0	0	0	0	0	0	0
Skewness	-0.012280129	0	0	0	0	0	0	0	0	0	0	0	0	0	0	0
Kurtosis	-1.1883354	0	0	0	0	0	0	0	0	0	0	0	0	0	0	0
Perc.01%	4	0	0	0	0	0	0	0	0	0	0	0	0	0	0	0
Perc.10%	29	0	0	0	0	0	0	0	0	0	0	0	0	0	0	0
Perc.50%	131	0	0	0	0	0	0	0	0	0	0	0	0	0	0	0
Perc.90%	232	0	0	0	0	0	0	0	0	0	0	0	0	0	0	0
Perc.99%	254	0	0	0	0	0	0	0	0	0	0	0	0	0	0	0
_Area_S(1,0)	130560	0	0	0	0	0	0	0	0	0	0	0	0	0	0	0
S(1,0)AngScMom	0.00025369001	0	0	0	0	0	0	0	0	0	0	0	0	0	0	0
S(1,0)Contrast	668.07805	0	0	0	0	0	0	0	0	0	0	0	0	0	0	0
S(1,0)Correlat	0.003022953	0	0	0	0	0	0	0	0	0	0	0	0	0	0	0
S(1,0)SumOfSqs	335.05187	0	0	0	0	0	0	0	0	0	0	0	0	0	0	0
S(1,0)InvDfMom	0.048167149	0	0	0	0	0	0	0	0	0	0	0	0	0	0	0
S(1,0)SumAverg	65.865916	0	0	0	0	0	0	0	0	0	0	0	0	0	0	0
S(1,0)SumVarnc	672.12943	0	0	0	0	0	0	0	0	0	0	0	0	0	0	0
S(1,0)SumEntrp	2.0201914	0	0	0	0	0	0	0	0	0	0	0	0	0	0	0
S(1,0)Entropy	3.6038329	0	0	0	0	0	0	0	0	0	0	0	0	0	0	0
S(1,0)DifVarnc	222.63336	0	0	0	0	0	0	0	0	0	0	0	0	0	0	0
S(1,0)DifEntrp	1.7232272	0	0	0	0	0	0	0	0	0	0	0	0	0	0	0
_Area_S(0,1)	130560	0	0	0	0	0	0	0	0	0	0	0	0	0	0	0
S(0,1)AngScMom	0.0002534902	0	0	0	0	0	0	0	0	0	0	0	0	0	0	0
S(0,1)Contrast	671.28686	0	0	0	0	0	0	0	0	0	0	0	0	0	0	0
S(0,1)Correlat	-0.0024779368	0	0	0	0	0	0	0	0	0	0	0	0	0	0	0
S(0,1)SumOfSqs	334.81378	0	0	0	0	0	0	0	0	0	0	0	0	0	0	0
S(0,1)InvDfMom	0.046941355	0	0	0	0	0	0	0	0	0	0	0	0	0	0	0
S(0,1)SumAverg	65.852849	0	0	0	0	0	0	0	0	0	0	0	0	0	0	0
S(0,1)SumVarnc	667.96827	0	0	0	0	0	0	0	0	0	0	0	0	0	0	0
S(0,1)SumEntrp	2.0185565	0	0	0	0	0	0	0	0	0	0	0	0	0	0	0
S(0,1)Entropy	3.6039701	0	0	0	0	0	0	0	0	0	0	0	0	0	0	0
S(0,1)DifVarnc	223.96824	0	0	0	0	0	0	0	0	0	0	0	0	0	0	0
S(0,1)DifEntrp	1.7234788	0	0	0	0	0	0	0	0	0	0	0	0	0	0	0
_Area_S(1,1)	130050	0	0	0	0	0	0	0	0	0	0	0	0	0	0	0
S(1,1)AngScMom	0.00025360926	0	0	0	0	0	0	0	0	0	0	0	0	0	0	0
S(1,1)Contrast	669.5904	0	0	0	0	0	0	0	0	0	0	0	0	0	0	0
S(1,1)Correlat	6.7528312e-06	0	0	0	0	0	0	0	0	0	0	0	0	0	0	0
S(1,1)SumOfSqs	334.79746	0	0	0	0	0	0	0	0	0	0	0	0	0	0	0
S(1,1)InvDfMom	0.046411296	0	0	0	0	0	0	0	0	0	0	0	0	0	0	0
S(1,1)SumAverg	65.863253	0	0	0	0	0	0	0	0	0	0	0	0	0	0	0
S(1,1)SumVarnc	669.59945	0	0	0	0	0	0	0	0	0	0	0	0	0	0	0
S(1,1)SumEntrp	2.0191758	0	0	0	0	0	0	0	0	0	0	0	0	0	0	0
S(1,1)Entropy	3.6039126	0	0	0	0	0	0	0	0	0	0	0	0	0	0	0
S(1,1)DifVarnc	223.63474	0	0	0	0	0	0	0	0	0	0	0	0	0	0	0
S(1,1)DifEntrp	1.7231569	0	0	0	0	0	0	0	0	0	0	0	0	0	0	0
_Area_S(1,-1)	130050	0	0	0	0	0	0	0	0	0	0	0	0	0	0	0
S(1,-1)AngScMom	0.00025269694	0	0	0	0	0	0	0	0	0	0	0	0	0	0	0
S(1,-1)Contrast	670.04611	0	0	0	0	0	0	0	0	0	0	0	0	0	0	0
S(1,-1)Correlat	-0.00069740983	0	0	0	0	0	0	0	0	0	0	0	0	0	0	0
S(1,-1)SumOfSqs	334.78957	0	0	0	0	0	0	0	0	0	0	0	0	0	0	0
S(1,-1)InvDfMom	0.047780539	0	0	0	0	0	0	0	0	0	0	0	0	0	0	0
S(1,-1)SumAverg	65.863837	0	0	0	0	0	0	0	0	0	0	0	0	0	0	0
S(1,-1)SumVarnc	669.11216	0	0	0	0	0	0	0	0	0	0	0	0	0	0	0
S(1,-1)SumEntrp	2.0190062	0	0	0	0	0	0	0	0	0	0	0	0	0	0	0
S(1,-1)Entropy	3.6046652	0	0	0	0	0	0	0	0	0	0	0	0	0	0	0
S(1,-1)DifVarnc	223.94233	0	0	0	0	0	0	0	0	0	0	0	0	0	0	0
S(1,-1)DifEntrp	1.7235047	0	0	0	0	0	0	0	0	0	0	0	0	0	0	0
_Area_S(2,0)	130048	0	0	0	0	0	0	0	0	0	0	0	0	0	0	0
S(2,0)AngScMom	0.00025416683	0	0	0	0	0	0	0	0	0	0	0	0	0	0	0
S(2,0)Contrast	664.40485	0	0	0	0	0	0	0	0	0	0	0	0	0	0	0
S(2,0)Correlat	0.0083699657	0	0	0	0	0	0	0	0	0	0	0	0	0	0	0
S(2,0)SumOfSqs	335.00642	0	0	0	0	0	0	0	0	0	0	0	0	0	0	0
S(2,0)InvDfMom	0.047226395	0	0	0	0	0	0	0	0	0	0	0	0	0	0	0
S(2,0)SumAverg	65.864558	0	0	0	0	0	0	0	0	0	0	0	0	0	0	0
S(2,0)SumVarnc	675.62082	0	0	0	0	0	0	0	0	0	0	0	0	0	0	0
S(2,0)SumEntrp	2.0211986	0	0	0	0	0	0	0	0	0	0	0	0	0	0	0
S(2,0)Entropy	3.6034127	0	0	0	0	0	0	0	0	0	0	0	0	0	0	0
S(2,0)DifVarnc	221.77499	0	0	0	0	0	0	0	0	0	0	0	0	0	0	0
S(2,0)DifEntrp	1.721515	0	0	0	0	0	0	0	0	0	0	0	0	0	0	0
_Area_S(0,2)	130048	0	0	0	0	0	0	0	0	0	0	0	0	0	0	0
S(0,2)AngScMom	0.00025364367	0	0	0	0	0	0	0	0	0	0	0	0	0	0	0
S(0,2)Contrast	674.58717	0	0	0	0	0	0	0	0	0	0	0	0	0	0	0
S(0,2)Correlat	-0.0072169249	0	0	0	0	0	0	0	0	0	0	0	0	0	0	0
S(0,2)SumOfSqs	334.8768	0	0	0	0	0	0	0	0	0	0	0	0	0	0	0
S(0,2)InvDfMom	0.047222104	0	0	0	0	0	0	0	0	0	0	0	0	0	0	0
S(0,2)SumAverg	65.836276	0	0	0	0	0	0	0	0	0	0	0	0	0	0	0
S(0,2)SumVarnc	664.92004	0	0	0	0	0	0	0	0	0	0	0	0	0	0	0
S(0,2)SumEntrp	2.0176773	0	0	0	0	0	0	0	0	0	0	0	0	0	0	0
S(0,2)Entropy	3.6038278	0	0	0	0	0	0	0	0	0	0	0	0	0	0	0
S(0,2)DifVarnc	225.89204	0	0	0	0	0	0	0	0	0	0	0	0	0	0	0
S(0,2)DifEntrp	1.7244501	0	0	0	0	0	0	0	0	0	0	0	0	0	0	0
_Area_S(2,2)	129032	0	0	0	0	0	0	0	0	0	0	0	0	0	0	0
S(2,2)AngScMom	0.00025351894	0	0	0	0	0	0	0	0	0	0	0	0	0	0	0
S(2,2)Contrast	674.93076	0	0	0	0	0	0	0	0	0	0	0	0	0	0	0
S(2,2)Correlat	-0.0078934012	0	0	0	0	0	0	0	0	0	0	0	0	0	0	0
S(2,2)SumOfSqs	334.82249	0	0	0	0	0	0	0	0	0	0	0	0	0	0	0
S(2,2)InvDfMom	0.046758787	0	0	0	0	0	0	0	0	0	0	0	0	0	0	0
S(2,2)SumAverg	65.844984	0	0	0	0	0	0	0	0	0	0	0	0	0	0	0
S(2,2)SumVarnc	664.35921	0	0	0	0	0	0	0	0	0	0	0	0	0	0	0
S(2,2)SumEntrp	2.0178059	0	0	0	0	0	0	0	0	0	0	0	0	0	0	0
S(2,2)Entropy	3.6039428	0	0	0	0	0	0	0	0	0	0	0	0	0	0	0
S(2,2)DifVarnc	224.57823	0	0	0	0	0	0	0	0	0	0	0	0	0	0	0
S(2,2)DifEntrp	1.7244874	0	0	0	0	0	0	0	0	0	0	0	0	0	0	0
_Area_S(2,-2)	129032	0	0	0	0	0	0	0	0	0	0	0	0	0	0	0
S(2,-2)AngScMom	0.00025324674	0	0	0	0	0	0	0	0	0	0	0	0	0	0	0
S(2,-2)Contrast	668.59063	0	0	0	0	0	0	0	0	0	0	0	0	0	0	0
S(2,-2)Correlat	0.0015246122	0	0	0	0	0	0	0	0	0	0	0	0	0	0	0
S(2,-2)SumOfSqs	334.80576	0	0	0	0	0	0	0	0	0	0	0	0	0	0	0
S(2,-2)InvDfMom	0.047915067	0	0	0	0	0	0	0	0	0	0	0	0	0	0	0
S(2,-2)SumAverg	65.845325	0	0	0	0	0	0	0	0	0	0	0	0	0	0	0
S(2,-2)SumVarnc	670.63242	0	0	0	0	0	0	0	0	0	0	0	0	0	0	0
S(2,-2)SumEntrp	2.0195199	0	0	0	0	0	0	0	0	0	0	0	0	0	0	0
S(2,-2)Entropy	3.6042196	0	0	0	0	0	0	0	0	0	0	0	0	0	0	0
S(2,-2)DifVarnc	222.29586	0	0	0	0	0	0	0	0	0	0	0	0	0	0	0
S(2,-2)DifEntrp	1.7226521	0	0	0	0	0	0	0	0	0	0	0	0	0	0	0
_Area_S(3,0)	129536	0	0	0	0	0	0	0	0	0	0	0	0	0	0	0
S(3,0)AngScMom	0.00025302071	0	0	0	0	0	0	0	0	0	0	0	0	0	0	0
S(3,0)Contrast	666.78434	0	0	0	0	0	0	0	0	0	0	0	0	0	0	0
S(3,0)Correlat	0.0048037323	0	0	0	0	0	0	0	0	0	0	0	0	0	0	0
S(3,0)SumOfSqs	335.00143	0	0	0	0	0	0	0	0	0	0	0	0	0	0	0
S(3,0)InvDfMom	0.047523026	0	0	0	0	0	0	0	0	0	0	0	0	0	0	0
S(3,0)SumAverg	65.872159	0	0	0	0	0	0	0	0	0	0	0	0	0	0	0
S(3,0)SumVarnc	673.22137	0	0	0	0	0	0	0	0	0	0	0	0	0	0	0
S(3,0)SumEntrp	2.0204177	0	0	0	0	0	0	0	0	0	0	0	0	0	0	0
S(3,0)Entropy	3.6044338	0	0	0	0	0	0	0	0	0	0	0	0	0	0	0
S(3,0)DifVarnc	222.64667	0	0	0	0	0	0	0	0	0	0	0	0	0	0	0
S(3,0)DifEntrp	1.7224778	0	0	0	0	0	0	0	0	0	0	0	0	0	0	0
_Area_S(0,3)	129536	0	0	0	0	0	0	0	0	0	0	0	0	0	0	0
S(0,3)AngScMom	0.00025355433	0	0	0	0	0	0	0	0	0	0	0	0	0	0	0
S(0,3)Contrast	668.39728	0	0	0	0	0	0	0	0	0	0	0	0	0	0	0
S(0,3)Correlat	0.0017371643	0	0	0	0	0	0	0	0	0	0	0	0	0	0	0
S(0,3)SumOfSqs	334.78021	0	0	0	0	0	0	0	0	0	0	0	0	0	0	0
S(0,3)InvDfMom	0.047409866	0	0	0	0	0	0	0	0	0	0	0	0	0	0	0
S(0,3)SumAverg	65.845803	0	0	0	0	0	0	0	0	0	0	0	0	0	0	0
S(0,3)SumVarnc	670.72355	0	0	0	0	0	0	0	0	0	0	0	0	0	0	0
S(0,3)SumEntrp	2.0195856	0	0	0	0	0	0	0	0	0	0	0	0	0	0	0
S(0,3)Entropy	3.6039817	0	0	0	0	0	0	0	0	0	0	0	0	0	0	0
S(0,3)DifVarnc	222.69965	0	0	0	0	0	0	0	0	0	0	0	0	0	0	0
S(0,3)DifEntrp	1.7229141	0	0	0	0	0	0	0	0	0	0	0	0	0	0	0
_Area_S(3,3)	128018	0	0	0	0	0	0	0	0	0	0	0	0	0	0	0
S(3,3)AngScMom	0.00025385194	0	0	0	0	0	0	0	0	0	0	0	0	0	0	0
S(3,3)Contrast	666.92318	0	0	0	0	0	0	0	0	0	0	0	0	0	0	0
S(3,3)Correlat	0.0037525895	0	0	0	0	0	0	0	0	0	0	0	0	0	0	0
S(3,3)SumOfSqs	334.71765	0	0	0	0	0	0	0	0	0	0	0	0	0	0	0
S(3,3)InvDfMom	0.046976602	0	0	0	0	0	0	0	0	0	0	0	0	0	0	0
S(3,3)SumAverg	65.863082	0	0	0	0	0	0	0	0	0	0	0	0	0	0	0
S(3,3)SumVarnc	671.94741	0	0	0	0	0	0	0	0	0	0	0	0	0	0	0
S(3,3)SumEntrp	2.0196779	0	0	0	0	0	0	0	0	0	0	0	0	0	0	0
S(3,3)Entropy	3.603664	0	0	0	0	0	0	0	0	0	0	0	0	0	0	0
S(3,3)DifVarnc	222.64617	0	0	0	0	0	0	0	0	0	0	0	0	0	0	0
S(3,3)DifEntrp	1.7221099	0	0	0	0	0	0	0	0	0	0	0	0	0	0	0
_Area_S(3,-3)	128018	0	0	0	0	0	0	0	0	0	0	0	0	0	0	0
S(3,-3)AngScMom	0.0002533029	0	0	0	0	0	0	0	0	0	0	0	0	0	0	0
S(3,-3)Contrast	667.09263	0	0	0	0	0	0	0	0	0	0	0	0	0	0	0
S(3,-3)Correlat	0.003447532	0	0	0	0	0	0	0	0	0	0	0	0	0	0	0
S(3,-3)SumOfSqs	334.7002	0	0	0	0	0	0	0	0	0	0	0	0	0	0	0
S(3,-3)InvDfMom	0.046609814	0	0	0	0	0	0	0	0	0	0	0	0	0	0	0
S(3,-3)SumAverg	65.861113	0	0	0	0	0	0	0	0	0	0	0	0	0	0	0
S(3,-3)SumVarnc	671.70819	0	0	0	0	0	0	0	0	0	0	0	0	0	0	0
S(3,-3)SumEntrp	2.0200115	0	0	0	0	0	0	0	0	0	0	0	0	0	0	0
S(3,-3)Entropy	3.6041276	0	0	0	0	0	0	0	0	0	0	0	0	0	0	0
S(3,-3)DifVarnc	222.72868	0	0	0	0	0	0	0	0	0	0	0	0	0	0	0
S(3,-3)DifEntrp	1.7220311	0	0	0	0	0	0	0	0	0	0	0	0	0	0	0
_Area_S(4,0)	129024	0	0	0	0	0	0	0	0	0	0	0	0	0	0	0
S(4,0)AngScMom	0.00025322252	0	0	0	0	0	0	0	0	0	0	0	0	0	0	0
S(4,0)Contrast	665.77421	0	0	0	0	0	0	0	0	0	0	0	0	0	0	0
S(4,0)Correlat	0.0063501674	0	0	0	0	0	0	0	0	0	0	0	0	0	0	0
S(4,0)SumOfSqs	335.0145	0	0	0	0	0	0	0	0	0	0	0	0	0	0	0
S(4,0)InvDfMom	0.047694663	0	0	0	0	0	0	0	0	0	0	0	0	0	0	0
S(4,0)SumAverg	65.87345	0	0	0	0	0	0	0	0	0	0	0	0	0	0	0
S(4,0)SumVarnc	674.28381	0	0	0	0	0	0	0	0	0	0	0	0	0	0	0
S(4,0)SumEntrp	2.0208699	0	0	0	0	0	0	0	0	0	0	0	0	0	0	0
S(4,0)Entropy	3.6041816	0	0	0	0	0	0	0	0	0	0	0	0	0	0	0
S(4,0)DifVarnc	222.88156	0	0	0	0	0	0	0	0	0	0	0	0	0	0	0
S(4,0)DifEntrp	1.7219591	0	0	0	0	0	0	0	0	0	0	0	0	0	0	0
_Area_S(0,4)	129024	0	0	0	0	0	0	0	0	0	0	0	0	0	0	0
S(0,4)AngScMom	0.00025347613	0	0	0	0	0	0	0	0	0	0	0	0	0	0	0
S(0,4)Contrast	675.3269	0	0	0	0	0	0	0	0	0	0	0	0	0	0	0
S(0,4)Correlat	-0.0084982172	0	0	0	0	0	0	0	0	0	0	0	0	0	0	0
S(0,4)SumOfSqs	334.81809	0	0	0	0	0	0	0	0	0	0	0	0	0	0	0
S(0,4)InvDfMom	0.046484817	0	0	0	0	0	0	0	0	0	0	0	0	0	0	0
S(0,4)SumAverg	65.846773	0	0	0	0	0	0	0	0	0	0	0	0	0	0	0
S(0,4)SumVarnc	663.94547	0	0	0	0	0	0	0	0	0	0	0	0	0	0	0
S(0,4)SumEntrp	2.0173245	0	0	0	0	0	0	0	0	0	0	0	0	0	0	0
S(0,4)Entropy	3.6039755	0	0	0	0	0	0	0	0	0	0	0	0	0	0	0
S(0,4)DifVarnc	224.87247	0	0	0	0	0	0	0	0	0	0	0	0	0	0	0
S(0,4)DifEntrp	1.7247125	0	0	0	0	0	0	0	0	0	0	0	0	0	0	0
_Area_S(4,4)	127008	0	0	0	0	0	0	0	0	0	0	0	0	0	0	0
S(4,4)AngScMom	0.00025330357	0	0	0	0	0	0	0	0	0	0	0	0	0	0	0
S(4,4)Contrast	662.55546	0	0	0	0	0	0	0	0	0	0	0	0	0	0	0
S(4,4)Correlat	0.01045506	0	0	0	0	0	0	0	0	0	0	0	0	0	0	0
S(4,4)SumOfSqs	334.77785	0	0	0	0	0	0	0	0	0	0	0	0	0	0	0
S(4,4)InvDfMom	0.046679332	0	0	0	0	0	0	0	0	0	0	0	0	0	0	0
S(4,4)SumAverg	65.866906	0	0	0	0	0	0	0	0	0	0	0	0	0	0	0
S(4,4)SumVarnc	676.55595	0	0	0	0	0	0	0	0	0	0	0	0	0	0	0
S(4,4)SumEntrp	2.0207051	0	0	0	0	0	0	0	0	0	0	0	0	0	0	0
S(4,4)Entropy	3.6041248	0	0	0	0	0	0	0	0	0	0	0	0	0	0	0
S(4,4)DifVarnc	220.40657	0	0	0	0	0	0	0	0	0	0	0	0	0	0	0
S(4,4)DifEntrp	1.7208038	0	0	0	0	0	0	0	0	0	0	0	0	0	0	0
_Area_S(4,-4)	127008	0	0	0	0	0	0	0	0	0	0	0	0	0	0	0
S(4,-4)AngScMom	0.00025370255	0	0	0	0	0	0	0	0	0	0	0	0	0	0	0
S(4,-4)Contrast	668.35719	0	0	0	0	0	0	0	0	0	0	0	0	0	0	0
S(4,-4)Correlat	0.0016960373	0	0	0	0	0	0	0	0	0	0	0	0	0	0	0
S(4,-4)SumOfSqs	334.74634	0	0	0	0	0	0	0	0	0	0	0	0	0	0	0
S(4,-4)InvDfMom	0.046671544	0	0	0	0	0	0	0	0	0	0	0	0	0	0	0
S(4,-4)SumAverg	65.864591	0	0	0	0	0	0	0	0	0	0	0	0	0	0	0
S(4,-4)SumVarnc	670.62816	0	0	0	0	0	0	0	0	0	0	0	0	0	0	0
S(4,-4)SumEntrp	2.0192944	0	0	0	0	0	0	0	0	0	0	0	0	0	0	0
S(4,-4)Entropy	3.6037906	0	0	0	0	0	0	0	0	0	0	0	0	0	0	0
S(4,-4)DifVarnc	222.6456	0	0	0	0	0	0	0	0	0	0	0	0	0	0	0
S(4,-4)DifEntrp	1.7226696	0	0	0	0	0	0	0	0	0	0	0	0	0	0	0
_Area_S(5,0)	128512	0	0	0	0	0	0	0	0	0	0	0	0	0	0	0
S(5,0)AngScMom	0.00025394896	0	0	0	0	0	0	0	0	0	0	0	0	0	0	0
S(5,0)Contrast	668.77865	0	0	0	0	0	0	0	0	0	0	0	0	0	0	0
S(5,0)Correlat	0.0018325621	0	0	0	0	0	0	0	0	0	0	0	0	0	0	0
S(5,0)SumOfSqs	335.00324	0	0	0	0	0	0	0	0	0	0	0	0	0	0	0
S(5,0)InvDfMom	0.04840643	0	0	0	0	0	0	0	0	0	0	0	0	0	0	0
S(5,0)SumAverg	65.875918	0	0	0	0	0	0	0	0	0	0	0	0	0	0	0
S(5,0)SumVarnc	671.23431	0	0	0	0	0	0	0	0	0	0	0	0	0	0	0
S(5,0)SumEntrp	2.0198451	0	0	0	0	0	0	0	0	0	0	0	0	0	0	0
S(5,0)Entropy	3.6035909	0	0	0	0	0	0	0	0	0	0	0	0	0	0	0
S(5,0)DifVarnc	223.20645	0	0	0	0	0	0	0	0	0	0	0	0	0	0	0
S(5,0)DifEntrp	1.7229355	0	0	0	0	0	0	0	0	0	0	0	0	0	0	0
_Area_S(0,5)	128512	0	0	0	0	0	0	0	0	0	0	0	0	0	0	0
S(0,5)AngScMom	0.00025375412	0	0	0	0	0	0	0	0	0	0	0	0	0	0	0
S(0,5)Contrast	672.43917	0	0	0	0	0	0	0	0	0	0	0	0	0	0	0
S(0,5)Correlat	-0.0037847768	0	0	0	0	0	0	0	0	0	0	0	0	0	0	0
S(0,5)SumOfSqs	334.95186	0	0	0	0	0	0	0	0	0	0	0	0	0	0	0
S(0,5)InvDfMom	0.045861134	0	0	0	0	0	0	0	0	0	0	0	0	0	0	0
S(0,5)SumAverg	65.850613	0	0	0	0	0	0	0	0	0	0	0	0	0	0	0
S(0,5)SumVarnc	667.36829	0	0	0	0	0	0	0	0	0	0	0	0	0	0	0
S(0,5)SumEntrp	2.0183864	0	0	0	0	0	0	0	0	0	0	0	0	0	0	0
S(0,5)Entropy	3.6036943	0	0	0	0	0	0	0	0	0	0	0	0	0	0	0
S(0,5)DifVarnc	224.06104	0	0	0	0	0	0	0	0	0	0	0	0	0	0	0
S(0,5)DifEntrp	1.7237187	0	0	0	0	0	0	0	0	0	0	0	0	0	0	0
_Area_S(5,5)	126002	0	0	0	0	0	0	0	0	0	0	0	0	0	0	0
S(5,5)AngScMom	0.00025321066	0	0	0	0	0	0	0	0	0	0	0	0	0	0	0
S(5,5)Contrast	672.25861	0	0	0	0	0	0	0	0	0	0	0	0	0	0	0
S(5,5)Correlat	-0.0036392595	0	0	0	0	0	0	0	0	0	0	0	0	0	0	0
S(5,5)SumOfSqs	334.91048	0	0	0	0	0	0	0	0	0	0	0	0	0	0	0
S(5,5)InvDfMom	0.046012917	0	0	0	0	0	0	0	0	0	0	0	0	0	0	0
S(5,5)SumAverg	65.873192	0	0	0	0	0	0	0	0	0	0	0	0	0	0	0
S(5,5)SumVarnc	667.38331	0	0	0	0	0	0	0	0	0	0	0	0	0	0	0
S(5,5)SumEntrp	2.01872	0	0	0	0	0	0	0	0	0	0	0	0	0	0	0
S(5,5)Entropy	3.6041897	0	0	0	0	0	0	0	0	0	0	0	0	0	0	0
S(5,5)DifVarnc	223.11617	0	0	0	0	0	0	0	0	0	0	0	0	0	0	0
S(5,5)DifEntrp	1.7234435	0	0	0	0	0	0	0	0	0	0	0	0	0	0	0
_Area_S(5,-5)	126002	0	0	0	0	0	0	0	0	0	0	0	0	0	0	0
S(5,-5)AngScMom	0.0002536537	0	0	0	0	0	0	0	0	0	0	0	0	0	0	0
S(5,-5)Contrast	667.15697	0	0	0	0	0	0	0	0	0	0	0	0	0	0	0
S(5,-5)Correlat	0.003858987	0	0	0	0	0	0	0	0	0	0	0	0	0	0	0
S(5,-5)SumOfSqs	334.87074	0	0	0	0	0	0	0	0	0	0	0	0	0	0	0
S(5,-5)InvDfMom	0.047829387	0	0	0	0	0	0	0	0	0	0	0	0	0	0	0
S(5,-5)SumAverg	65.869748	0	0	0	0	0	0	0	0	0	0	0	0	0	0	0
S(5,-5)SumVarnc	672.32601	0	0	0	0	0	0	0	0	0	0	0	0	0	0	0
S(5,-5)SumEntrp	2.020033	0	0	0	0	0	0	0	0	0	0	0	0	0	0	0
S(5,-5)Entropy	3.6038502	0	0	0	0	0	0	0	0	0	0	0	0	0	0	0
S(5,-5)DifVarnc	222.59452	0	0	0	0	0	0	0	0	0	0	0	0	0	0	0
S(5,-5)DifEntrp	1.7221883	0	0	0	0	0	0	0	0	0	0	0	0	0	0	0
Horzl_RLNonUni	62278.347	0	0	0	0	0	0	0	0	0	0	0	0	0	0	0
Horzl_GLevNonU	1009.828	0	0	0	0	0	0	0	0	0	0	0	0	0	0	0
Horzl_LngREmph	1.053514	0	0	0	0	0	0	0	0	0	0	0	0	0	0	0
Horzl_ShrtREmp	0.98728615	0	0	0	0	0	0	0	0	0	0	0	0	0	0	0
Horzl_Fraction	0.98286438	0	0	0	0	0	0	0	0	0	0	0	0	0	0	0
Vertl_RLNonUni	62501.298	0	0	0	0	0	0	0	0	0	0	0	0	0	0	0
Vertl_GLevNonU	1011.049	0	0	0	0	0	0	0	0	0	0	0	0	0	0	0
Vertl_LngREmph	1.0488372	0	0	0	0	0	0	0	0	0	0	0	0	0	0	0
Vertl_ShrtREmp	0.98815245	0	0	0	0	0	0	0	0	0	0	0	0	0	0	0
Vertl_Fraction	0.98419189	0	0	0	0	0	0	0	0	0	0	0	0	0	0	0
45dgr_RLNonUni	62607.521	0	0	0	0	0	0	0	0	0	0	0	0	0	0	0
45dgr_GLevNonU	1011.8497	0	0	0	0	0	0	0	0	0	0	0	0	0	0	0
45dgr_LngREmph	1.0465743	0	0	0	0	0	0	0	0	0	0	0	0	0	0	0
45dgr_ShrtREmp	0.988563	0	0	0	0	0	0	0	0	0	0	0	0	0	0	0
45dgr_Fraction	0.98483276	0	0	0	0	0	0	0	0	0	0	0	0	0	0	0
135dr_RLNonUni	62384.42	0	0	0	0	0	0	0	0	0	0	0	0	0	0	0
135dr_GLevNonU	1010.4469	0	0	0	0	0	0	0	0	0	0	0	0	0	0	0
135dr_LngREmph	1.051214	0	0	0	0	0	0	0	0	0	0	0	0	0	0	0
135dr_ShrtREmp	0.98769641	0	0	0	0	0	0	0	0	0	0	0	0	0	0	0
135dr_Fraction	0.98350525	0	0	0	0	0	0	0	0	0	0	0	0	0	0	0
_AreaGr	64516	0	0	0	0	0	0	0	0	0	0	0	0	0	0	0
GrMean	8.2511969	0	0	0	0	0	0	0	0	0	0	0	0	0	0	0
GrVariance	15.362569	0	0	0	0	0	0	0	0	0	0	0	0	0	0	0
GrSkewness	0.17613135	0	0	0	0	0	0	0	0	0	0	0	0	0	0	0
GrKurtosis	-0.6547729	0	0	0	0	0	0	0	0	0	0	0	0	0	0	0
GrNonZeros	0.99593899	0	0	0	0	0	0	0	0	0	0	0	0	0	0	0
_AreaARM	64770	0	0	0	0	0	0	0	0	0	0	0	0	0	0	0
Teta1	0.0015703192	0	0	0	0	0	0	0	0	0	0	0	0	0	0	0
Teta2	-0.00079361246	0	0	0	0	0	0	0	0	0	0	0	0	0	0	0
Teta3	-0.0020422274	0	0	0	0	0	0	0	0	0	0	0	0	0	0	0
Teta4	0.00020896482	0	0	0	0	0	0	0	0	0	0	0	0	0	0	0
Sigma	0.99928125	0	0	0	0	0	0	0	0	0	0	0	0	0	0	0
WavEnLL_s-1	18044.155	0	0	0	0	0	0	0	0	0	0	0	0	0	0	0
WavEnLH_s-1	1351.5639	0	0	0	0	0	0	0	0	0	0	0	0	0	0	0
WavEnHL_s-1	1336.6791	0	0	0	0	0	0	0	0	0	0	0	0	0	0	0
WavEnHH_s-1	1329.8051	0	0	0	0	0	0	0	0	0	0	0	0	0	0	0
WavEnLL_s-2	17032.559	0	0	0	0	0	0	0	0	0	0	0	0	0	0	0
WavEnLH_s-2	342.47363	0	0	0	0	0	0	0	0	0	0	0	0	0	0	0
WavEnHL_s-2	331.21702	0	0	0	0	0	0	0	0	0	0	0	0	0	0	0
WavEnHH_s-2	337.90512	0	0	0	0	0	0	0	0	0	0	0	0	0	0	0
WavEnLL_s-3	16781.316	0	0	0	0	0	0	0	0	0	0	0	0	0	0	0
WavEnLH_s-3	89.415179	0	0	0	0	0	0	0	0	0	0	0	0	0	0	0
WavEnHL_s-3	76.589247	0	0	0	0	0	0	0	0	0	0	0	0	0	0	0
WavEnHH_s-3	85.238415	0	0	0	0	0	0	0	0	0	0	0	0	0	0	0
WavEnLL_s-4	16720.76	0	0	0	0	0	0	0	0	0	0	0	0	0	0	0
WavEnLH_s-4	21.557302	0	0	0	0	0	0	0	0	0	0	0	0	0	0	0
WavEnHL_s-4	17.264062	0	0	0	0	0	0	0	0	0	0	0	0	0	0	0
WavEnHH_s-4	21.735463	0	0	0	0	0	0	0	0	0	0	0	0	0	0	0
