Image File: seat2-a-p039.png 
ROI File: allred.roi 
Image size: 256 x 256
Min. lum.: 1
Max. lum.: 256
Bits/pixel: 8

Normalisation =  No
Histogram analysis = Yes
CO matrix analysis = Yes, Dimensions = 6 x 6, Distances = 1 2 3 4 5
RL matrix analysis = Yes, Dimension = 6
Gradient analysis = Yes, Max pixel value = 16
AR model analysis = Yes
Wavelet analysis = Yes

--------------- CLASS NAMES ----------------

----------------- FEATURES -----------------
_Area	65536	0	0	0	0	0	0	0	0	0	0	0	0	0	0	0
Mean	130.24725	0	0	0	0	0	0	0	0	0	0	0	0	0	0	0
Variance	5355.3344	0	0	0	0	0	0	0	0	0	0	0	0	0	0	0
Skewness	-0.01235894	0	0	0	0	0	0	0	0	0	0	0	0	0	0	0
Kurtosis	-1.1889085	0	0	0	0	0	0	0	0	0	0	0	0	0	0	0
Perc.01%	4	0	0	0	0	0	0	0	0	0	0	0	0	0	0	0
Perc.10%	29	0	0	0	0	0	0	0	0	0	0	0	0	0	0	0
Perc.50%	130	0	0	0	0	0	0	0	0	0	0	0	0	0	0	0
Perc.90%	232	0	0	0	0	0	0	0	0	0	0	0	0	0	0	0
Perc.99%	254	0	0	0	0	0	0	0	0	0	0	0	0	0	0	0
_Area_S(1,0)	130560	0	0	0	0	0	0	0	0	0	0	0	0	0	0	0
S(1,0)AngScMom	0.00025470527	0	0	0	0	0	0	0	0	0	0	0	0	0	0	0
S(1,0)Contrast	665.57684	0	0	0	0	0	0	0	0	0	0	0	0	0	0	0
S(1,0)Correlat	0.0055196389	0	0	0	0	0	0	0	0	0	0	0	0	0	0	0
S(1,0)SumOfSqs	334.63549	0	0	0	0	0	0	0	0	0	0	0	0	0	0	0
S(1,0)InvDfMom	0.047525707	0	0	0	0	0	0	0	0	0	0	0	0	0	0	0
S(1,0)SumAverg	65.854718	0	0	0	0	0	0	0	0	0	0	0	0	0	0	0
S(1,0)SumVarnc	672.96511	0	0	0	0	0	0	0	0	0	0	0	0	0	0	0
S(1,0)SumEntrp	2.020274	0	0	0	0	0	0	0	0	0	0	0	0	0	0	0
S(1,0)Entropy	3.6029687	0	0	0	0	0	0	0	0	0	0	0	0	0	0	0
S(1,0)DifVarnc	222.58397	0	0	0	0	0	0	0	0	0	0	0	0	0	0	0
S(1,0)DifEntrp	1.7220113	0	0	0	0	0	0	0	0	0	0	0	0	0	0	0
_Area_S(0,1)	130560	0	0	0	0	0	0	0	0	0	0	0	0	0	0	0
S(0,1)AngScMom	0.00025410759	0	0	0	0	0	0	0	0	0	0	0	0	0	0	0
S(0,1)Contrast	663.23146	0	0	0	0	0	0	0	0	0	0	0	0	0	0	0
S(0,1)Correlat	0.0085821726	0	0	0	0	0	0	0	0	0	0	0	0	0	0	0
S(0,1)SumOfSqs	334.48635	0	0	0	0	0	0	0	0	0	0	0	0	0	0	0
S(0,1)InvDfMom	0.047254686	0	0	0	0	0	0	0	0	0	0	0	0	0	0	0
S(0,1)SumAverg	65.872825	0	0	0	0	0	0	0	0	0	0	0	0	0	0	0
S(0,1)SumVarnc	674.71394	0	0	0	0	0	0	0	0	0	0	0	0	0	0	0
S(0,1)SumEntrp	2.0202284	0	0	0	0	0	0	0	0	0	0	0	0	0	0	0
S(0,1)Entropy	3.6034624	0	0	0	0	0	0	0	0	0	0	0	0	0	0	0
S(0,1)DifVarnc	221.50285	0	0	0	0	0	0	0	0	0	0	0	0	0	0	0
S(0,1)DifEntrp	1.7213348	0	0	0	0	0	0	0	0	0	0	0	0	0	0	0
_Area_S(1,1)	130050	0	0	0	0	0	0	0	0	0	0	0	0	0	0	0
S(1,1)AngScMom	0.00025391529	0	0	0	0	0	0	0	0	0	0	0	0	0	0	0
S(1,1)Contrast	666.52426	0	0	0	0	0	0	0	0	0	0	0	0	0	0	0
S(1,1)Correlat	0.0036111323	0	0	0	0	0	0	0	0	0	0	0	0	0	0	0
S(1,1)SumOfSqs	334.46995	0	0	0	0	0	0	0	0	0	0	0	0	0	0	0
S(1,1)InvDfMom	0.047596043	0	0	0	0	0	0	0	0	0	0	0	0	0	0	0
S(1,1)SumAverg	65.864421	0	0	0	0	0	0	0	0	0	0	0	0	0	0	0
S(1,1)SumVarnc	671.35552	0	0	0	0	0	0	0	0	0	0	0	0	0	0	0
S(1,1)SumEntrp	2.0197761	0	0	0	0	0	0	0	0	0	0	0	0	0	0	0
S(1,1)Entropy	3.6036569	0	0	0	0	0	0	0	0	0	0	0	0	0	0	0
S(1,1)DifVarnc	222.82348	0	0	0	0	0	0	0	0	0	0	0	0	0	0	0
S(1,1)DifEntrp	1.7222449	0	0	0	0	0	0	0	0	0	0	0	0	0	0	0
_Area_S(1,-1)	130050	0	0	0	0	0	0	0	0	0	0	0	0	0	0	0
S(1,-1)AngScMom	0.00025425113	0	0	0	0	0	0	0	0	0	0	0	0	0	0	0
S(1,-1)Contrast	669.12858	0	0	0	0	0	0	0	0	0	0	0	0	0	0	0
S(1,-1)Correlat	-0.00026598242	0	0	0	0	0	0	0	0	0	0	0	0	0	0	0
S(1,-1)SumOfSqs	334.47533	0	0	0	0	0	0	0	0	0	0	0	0	0	0	0
S(1,-1)InvDfMom	0.046647626	0	0	0	0	0	0	0	0	0	0	0	0	0	0	0
S(1,-1)SumAverg	65.864852	0	0	0	0	0	0	0	0	0	0	0	0	0	0	0
S(1,-1)SumVarnc	668.77272	0	0	0	0	0	0	0	0	0	0	0	0	0	0	0
S(1,-1)SumEntrp	2.0189251	0	0	0	0	0	0	0	0	0	0	0	0	0	0	0
S(1,-1)Entropy	3.6033152	0	0	0	0	0	0	0	0	0	0	0	0	0	0	0
S(1,-1)DifVarnc	222.36844	0	0	0	0	0	0	0	0	0	0	0	0	0	0	0
S(1,-1)DifEntrp	1.7228558	0	0	0	0	0	0	0	0	0	0	0	0	0	0	0
_Area_S(2,0)	130048	0	0	0	0	0	0	0	0	0	0	0	0	0	0	0
S(2,0)AngScMom	0.00025482752	0	0	0	0	0	0	0	0	0	0	0	0	0	0	0
S(2,0)Contrast	662.53402	0	0	0	0	0	0	0	0	0	0	0	0	0	0	0
S(2,0)Correlat	0.010106794	0	0	0	0	0	0	0	0	0	0	0	0	0	0	0
S(2,0)SumOfSqs	334.64924	0	0	0	0	0	0	0	0	0	0	0	0	0	0	0
S(2,0)InvDfMom	0.047438877	0	0	0	0	0	0	0	0	0	0	0	0	0	0	0
S(2,0)SumAverg	65.856699	0	0	0	0	0	0	0	0	0	0	0	0	0	0	0
S(2,0)SumVarnc	676.06294	0	0	0	0	0	0	0	0	0	0	0	0	0	0	0
S(2,0)SumEntrp	2.0212255	0	0	0	0	0	0	0	0	0	0	0	0	0	0	0
S(2,0)Entropy	3.6027565	0	0	0	0	0	0	0	0	0	0	0	0	0	0	0
S(2,0)DifVarnc	221.58181	0	0	0	0	0	0	0	0	0	0	0	0	0	0	0
S(2,0)DifEntrp	1.7209636	0	0	0	0	0	0	0	0	0	0	0	0	0	0	0
_Area_S(0,2)	130048	0	0	0	0	0	0	0	0	0	0	0	0	0	0	0
S(0,2)AngScMom	0.00025413029	0	0	0	0	0	0	0	0	0	0	0	0	0	0	0
S(0,2)Contrast	666.46452	0	0	0	0	0	0	0	0	0	0	0	0	0	0	0
S(0,2)Correlat	0.0035878719	0	0	0	0	0	0	0	0	0	0	0	0	0	0	0
S(0,2)SumOfSqs	334.43216	0	0	0	0	0	0	0	0	0	0	0	0	0	0	0
S(0,2)InvDfMom	0.046598266	0	0	0	0	0	0	0	0	0	0	0	0	0	0	0
S(0,2)SumAverg	65.870002	0	0	0	0	0	0	0	0	0	0	0	0	0	0	0
S(0,2)SumVarnc	671.26412	0	0	0	0	0	0	0	0	0	0	0	0	0	0	0
S(0,2)SumEntrp	2.0196278	0	0	0	0	0	0	0	0	0	0	0	0	0	0	0
S(0,2)Entropy	3.6033816	0	0	0	0	0	0	0	0	0	0	0	0	0	0	0
S(0,2)DifVarnc	222.09223	0	0	0	0	0	0	0	0	0	0	0	0	0	0	0
S(0,2)DifEntrp	1.7218345	0	0	0	0	0	0	0	0	0	0	0	0	0	0	0
_Area_S(2,2)	129032	0	0	0	0	0	0	0	0	0	0	0	0	0	0	0
S(2,2)AngScMom	0.00025392989	0	0	0	0	0	0	0	0	0	0	0	0	0	0	0
S(2,2)Contrast	670.92884	0	0	0	0	0	0	0	0	0	0	0	0	0	0	0
S(2,2)Correlat	-0.0030860493	0	0	0	0	0	0	0	0	0	0	0	0	0	0	0
S(2,2)SumOfSqs	334.43234	0	0	0	0	0	0	0	0	0	0	0	0	0	0	0
S(2,2)InvDfMom	0.046019471	0	0	0	0	0	0	0	0	0	0	0	0	0	0	0
S(2,2)SumAverg	65.86377	0	0	0	0	0	0	0	0	0	0	0	0	0	0	0
S(2,2)SumVarnc	666.80054	0	0	0	0	0	0	0	0	0	0	0	0	0	0	0
S(2,2)SumEntrp	2.0181561	0	0	0	0	0	0	0	0	0	0	0	0	0	0	0
S(2,2)Entropy	3.6035998	0	0	0	0	0	0	0	0	0	0	0	0	0	0	0
S(2,2)DifVarnc	222.89822	0	0	0	0	0	0	0	0	0	0	0	0	0	0	0
S(2,2)DifEntrp	1.7233033	0	0	0	0	0	0	0	0	0	0	0	0	0	0	0
_Area_S(2,-2)	129032	0	0	0	0	0	0	0	0	0	0	0	0	0	0	0
S(2,-2)AngScMom	0.00025443622	0	0	0	0	0	0	0	0	0	0	0	0	0	0	0
S(2,-2)Contrast	664.47943	0	0	0	0	0	0	0	0	0	0	0	0	0	0	0
S(2,-2)Correlat	0.0065584061	0	0	0	0	0	0	0	0	0	0	0	0	0	0	0
S(2,-2)SumOfSqs	334.43306	0	0	0	0	0	0	0	0	0	0	0	0	0	0	0
S(2,-2)InvDfMom	0.045884634	0	0	0	0	0	0	0	0	0	0	0	0	0	0	0
S(2,-2)SumAverg	65.86408	0	0	0	0	0	0	0	0	0	0	0	0	0	0	0
S(2,-2)SumVarnc	673.25282	0	0	0	0	0	0	0	0	0	0	0	0	0	0	0
S(2,-2)SumEntrp	2.0200894	0	0	0	0	0	0	0	0	0	0	0	0	0	0	0
S(2,-2)Entropy	3.6031091	0	0	0	0	0	0	0	0	0	0	0	0	0	0	0
S(2,-2)DifVarnc	221.22083	0	0	0	0	0	0	0	0	0	0	0	0	0	0	0
S(2,-2)DifEntrp	1.7213307	0	0	0	0	0	0	0	0	0	0	0	0	0	0	0
_Area_S(3,0)	129536	0	0	0	0	0	0	0	0	0	0	0	0	0	0	0
S(3,0)AngScMom	0.00025425054	0	0	0	0	0	0	0	0	0	0	0	0	0	0	0
S(3,0)Contrast	667.53922	0	0	0	0	0	0	0	0	0	0	0	0	0	0	0
S(3,0)Correlat	0.0026507189	0	0	0	0	0	0	0	0	0	0	0	0	0	0	0
S(3,0)SumOfSqs	334.65669	0	0	0	0	0	0	0	0	0	0	0	0	0	0	0
S(3,0)InvDfMom	0.049857214	0	0	0	0	0	0	0	0	0	0	0	0	0	0	0
S(3,0)SumAverg	65.857121	0	0	0	0	0	0	0	0	0	0	0	0	0	0	0
S(3,0)SumVarnc	671.08754	0	0	0	0	0	0	0	0	0	0	0	0	0	0	0
S(3,0)SumEntrp	2.0197161	0	0	0	0	0	0	0	0	0	0	0	0	0	0	0
S(3,0)Entropy	3.6033237	0	0	0	0	0	0	0	0	0	0	0	0	0	0	0
S(3,0)DifVarnc	224.52147	0	0	0	0	0	0	0	0	0	0	0	0	0	0	0
S(3,0)DifEntrp	1.722823	0	0	0	0	0	0	0	0	0	0	0	0	0	0	0
_Area_S(0,3)	129536	0	0	0	0	0	0	0	0	0	0	0	0	0	0	0
S(0,3)AngScMom	0.00025416412	0	0	0	0	0	0	0	0	0	0	0	0	0	0	0
S(0,3)Contrast	670.61222	0	0	0	0	0	0	0	0	0	0	0	0	0	0	0
S(0,3)Correlat	-0.0027447117	0	0	0	0	0	0	0	0	0	0	0	0	0	0	0
S(0,3)SumOfSqs	334.38831	0	0	0	0	0	0	0	0	0	0	0	0	0	0	0
S(0,3)InvDfMom	0.047321406	0	0	0	0	0	0	0	0	0	0	0	0	0	0	0
S(0,3)SumAverg	65.871819	0	0	0	0	0	0	0	0	0	0	0	0	0	0	0
S(0,3)SumVarnc	666.94102	0	0	0	0	0	0	0	0	0	0	0	0	0	0	0
S(0,3)SumEntrp	2.0183165	0	0	0	0	0	0	0	0	0	0	0	0	0	0	0
S(0,3)Entropy	3.6033982	0	0	0	0	0	0	0	0	0	0	0	0	0	0	0
S(0,3)DifVarnc	223.8298	0	0	0	0	0	0	0	0	0	0	0	0	0	0	0
S(0,3)DifEntrp	1.7234858	0	0	0	0	0	0	0	0	0	0	0	0	0	0	0
_Area_S(3,3)	128018	0	0	0	0	0	0	0	0	0	0	0	0	0	0	0
S(3,3)AngScMom	0.00025383668	0	0	0	0	0	0	0	0	0	0	0	0	0	0	0
S(3,3)Contrast	670.27773	0	0	0	0	0	0	0	0	0	0	0	0	0	0	0
S(3,3)Correlat	-0.0022170681	0	0	0	0	0	0	0	0	0	0	0	0	0	0	0
S(3,3)SumOfSqs	334.39748	0	0	0	0	0	0	0	0	0	0	0	0	0	0	0
S(3,3)InvDfMom	0.04698501	0	0	0	0	0	0	0	0	0	0	0	0	0	0	0
S(3,3)SumAverg	65.867222	0	0	0	0	0	0	0	0	0	0	0	0	0	0	0
S(3,3)SumVarnc	667.3122	0	0	0	0	0	0	0	0	0	0	0	0	0	0	0
S(3,3)SumEntrp	2.0184863	0	0	0	0	0	0	0	0	0	0	0	0	0	0	0
S(3,3)Entropy	3.6036503	0	0	0	0	0	0	0	0	0	0	0	0	0	0	0
S(3,3)DifVarnc	223.89138	0	0	0	0	0	0	0	0	0	0	0	0	0	0	0
S(3,3)DifEntrp	1.7231486	0	0	0	0	0	0	0	0	0	0	0	0	0	0	0
_Area_S(3,-3)	128018	0	0	0	0	0	0	0	0	0	0	0	0	0	0	0
S(3,-3)AngScMom	0.00025425795	0	0	0	0	0	0	0	0	0	0	0	0	0	0	0
S(3,-3)Contrast	665.12289	0	0	0	0	0	0	0	0	0	0	0	0	0	0	0
S(3,-3)Correlat	0.0054961918	0	0	0	0	0	0	0	0	0	0	0	0	0	0	0
S(3,-3)SumOfSqs	334.39937	0	0	0	0	0	0	0	0	0	0	0	0	0	0	0
S(3,-3)InvDfMom	0.047552898	0	0	0	0	0	0	0	0	0	0	0	0	0	0	0
S(3,-3)SumAverg	65.866691	0	0	0	0	0	0	0	0	0	0	0	0	0	0	0
S(3,-3)SumVarnc	672.47458	0	0	0	0	0	0	0	0	0	0	0	0	0	0	0
S(3,-3)SumEntrp	2.0200238	0	0	0	0	0	0	0	0	0	0	0	0	0	0	0
S(3,-3)Entropy	3.6033342	0	0	0	0	0	0	0	0	0	0	0	0	0	0	0
S(3,-3)DifVarnc	221.58517	0	0	0	0	0	0	0	0	0	0	0	0	0	0	0
S(3,-3)DifEntrp	1.7220077	0	0	0	0	0	0	0	0	0	0	0	0	0	0	0
_Area_S(4,0)	129024	0	0	0	0	0	0	0	0	0	0	0	0	0	0	0
S(4,0)AngScMom	0.00025423614	0	0	0	0	0	0	0	0	0	0	0	0	0	0	0
S(4,0)Contrast	664.90704	0	0	0	0	0	0	0	0	0	0	0	0	0	0	0
S(4,0)Correlat	0.0067359406	0	0	0	0	0	0	0	0	0	0	0	0	0	0	0
S(4,0)SumOfSqs	334.70809	0	0	0	0	0	0	0	0	0	0	0	0	0	0	0
S(4,0)InvDfMom	0.047053859	0	0	0	0	0	0	0	0	0	0	0	0	0	0	0
S(4,0)SumAverg	65.861375	0	0	0	0	0	0	0	0	0	0	0	0	0	0	0
S(4,0)SumVarnc	673.92534	0	0	0	0	0	0	0	0	0	0	0	0	0	0	0
S(4,0)SumEntrp	2.0202403	0	0	0	0	0	0	0	0	0	0	0	0	0	0	0
S(4,0)Entropy	3.603375	0	0	0	0	0	0	0	0	0	0	0	0	0	0	0
S(4,0)DifVarnc	222.21075	0	0	0	0	0	0	0	0	0	0	0	0	0	0	0
S(4,0)DifEntrp	1.7216992	0	0	0	0	0	0	0	0	0	0	0	0	0	0	0
_Area_S(0,4)	129024	0	0	0	0	0	0	0	0	0	0	0	0	0	0	0
S(0,4)AngScMom	0.00025395405	0	0	0	0	0	0	0	0	0	0	0	0	0	0	0
S(0,4)Contrast	670.30616	0	0	0	0	0	0	0	0	0	0	0	0	0	0	0
S(0,4)Correlat	-0.002460518	0	0	0	0	0	0	0	0	0	0	0	0	0	0	0
S(0,4)SumOfSqs	334.33045	0	0	0	0	0	0	0	0	0	0	0	0	0	0	0
S(0,4)InvDfMom	0.046919698	0	0	0	0	0	0	0	0	0	0	0	0	0	0	0
S(0,4)SumAverg	65.878457	0	0	0	0	0	0	0	0	0	0	0	0	0	0	0
S(0,4)SumVarnc	667.01566	0	0	0	0	0	0	0	0	0	0	0	0	0	0	0
S(0,4)SumEntrp	2.0184113	0	0	0	0	0	0	0	0	0	0	0	0	0	0	0
S(0,4)Entropy	3.6035597	0	0	0	0	0	0	0	0	0	0	0	0	0	0	0
S(0,4)DifVarnc	223.2615	0	0	0	0	0	0	0	0	0	0	0	0	0	0	0
S(0,4)DifEntrp	1.7228701	0	0	0	0	0	0	0	0	0	0	0	0	0	0	0
_Area_S(4,4)	127008	0	0	0	0	0	0	0	0	0	0	0	0	0	0	0
S(4,4)AngScMom	0.00025430437	0	0	0	0	0	0	0	0	0	0	0	0	0	0	0
S(4,4)Contrast	667.21394	0	0	0	0	0	0	0	0	0	0	0	0	0	0	0
S(4,4)Correlat	0.0023481268	0	0	0	0	0	0	0	0	0	0	0	0	0	0	0
S(4,4)SumOfSqs	334.39216	0	0	0	0	0	0	0	0	0	0	0	0	0	0	0
S(4,4)InvDfMom	0.04684815	0	0	0	0	0	0	0	0	0	0	0	0	0	0	0
S(4,4)SumAverg	65.878086	0	0	0	0	0	0	0	0	0	0	0	0	0	0	0
S(4,4)SumVarnc	670.35472	0	0	0	0	0	0	0	0	0	0	0	0	0	0	0
S(4,4)SumEntrp	2.0191491	0	0	0	0	0	0	0	0	0	0	0	0	0	0	0
S(4,4)Entropy	3.6032262	0	0	0	0	0	0	0	0	0	0	0	0	0	0	0
S(4,4)DifVarnc	222.34305	0	0	0	0	0	0	0	0	0	0	0	0	0	0	0
S(4,4)DifEntrp	1.7223369	0	0	0	0	0	0	0	0	0	0	0	0	0	0	0
_Area_S(4,-4)	127008	0	0	0	0	0	0	0	0	0	0	0	0	0	0	0
S(4,-4)AngScMom	0.00025436637	0	0	0	0	0	0	0	0	0	0	0	0	0	0	0
S(4,-4)Contrast	666.57592	0	0	0	0	0	0	0	0	0	0	0	0	0	0	0
S(4,-4)Correlat	0.0032862204	0	0	0	0	0	0	0	0	0	0	0	0	0	0	0
S(4,-4)SumOfSqs	334.38683	0	0	0	0	0	0	0	0	0	0	0	0	0	0	0
S(4,-4)InvDfMom	0.047281718	0	0	0	0	0	0	0	0	0	0	0	0	0	0	0
S(4,-4)SumAverg	65.876937	0	0	0	0	0	0	0	0	0	0	0	0	0	0	0
S(4,-4)SumVarnc	670.97139	0	0	0	0	0	0	0	0	0	0	0	0	0	0	0
S(4,-4)SumEntrp	2.0192806	0	0	0	0	0	0	0	0	0	0	0	0	0	0	0
S(4,-4)Entropy	3.6032317	0	0	0	0	0	0	0	0	0	0	0	0	0	0	0
S(4,-4)DifVarnc	223.29586	0	0	0	0	0	0	0	0	0	0	0	0	0	0	0
S(4,-4)DifEntrp	1.7219936	0	0	0	0	0	0	0	0	0	0	0	0	0	0	0
_Area_S(5,0)	128512	0	0	0	0	0	0	0	0	0	0	0	0	0	0	0
S(5,0)AngScMom	0.00025413933	0	0	0	0	0	0	0	0	0	0	0	0	0	0	0
S(5,0)Contrast	668.03116	0	0	0	0	0	0	0	0	0	0	0	0	0	0	0
S(5,0)Correlat	0.0021146928	0	0	0	0	0	0	0	0	0	0	0	0	0	0	0
S(5,0)SumOfSqs	334.72342	0	0	0	0	0	0	0	0	0	0	0	0	0	0	0
S(5,0)InvDfMom	0.047567046	0	0	0	0	0	0	0	0	0	0	0	0	0	0	0
S(5,0)SumAverg	65.861709	0	0	0	0	0	0	0	0	0	0	0	0	0	0	0
S(5,0)SumVarnc	670.86251	0	0	0	0	0	0	0	0	0	0	0	0	0	0	0
S(5,0)SumEntrp	2.0195991	0	0	0	0	0	0	0	0	0	0	0	0	0	0	0
S(5,0)Entropy	3.6034134	0	0	0	0	0	0	0	0	0	0	0	0	0	0	0
S(5,0)DifVarnc	221.93647	0	0	0	0	0	0	0	0	0	0	0	0	0	0	0
S(5,0)DifEntrp	1.7226933	0	0	0	0	0	0	0	0	0	0	0	0	0	0	0
_Area_S(0,5)	128512	0	0	0	0	0	0	0	0	0	0	0	0	0	0	0
S(0,5)AngScMom	0.0002539951	0	0	0	0	0	0	0	0	0	0	0	0	0	0	0
S(0,5)Contrast	673.0209	0	0	0	0	0	0	0	0	0	0	0	0	0	0	0
S(0,5)Correlat	-0.0064364829	0	0	0	0	0	0	0	0	0	0	0	0	0	0	0
S(0,5)SumOfSqs	334.35836	0	0	0	0	0	0	0	0	0	0	0	0	0	0	0
S(0,5)InvDfMom	0.046209943	0	0	0	0	0	0	0	0	0	0	0	0	0	0	0
S(0,5)SumAverg	65.885443	0	0	0	0	0	0	0	0	0	0	0	0	0	0	0
S(0,5)SumVarnc	664.41253	0	0	0	0	0	0	0	0	0	0	0	0	0	0	0
S(0,5)SumEntrp	2.0175205	0	0	0	0	0	0	0	0	0	0	0	0	0	0	0
S(0,5)Entropy	3.6034786	0	0	0	0	0	0	0	0	0	0	0	0	0	0	0
S(0,5)DifVarnc	224.13251	0	0	0	0	0	0	0	0	0	0	0	0	0	0	0
S(0,5)DifEntrp	1.7240625	0	0	0	0	0	0	0	0	0	0	0	0	0	0	0
_Area_S(5,5)	126002	0	0	0	0	0	0	0	0	0	0	0	0	0	0	0
S(5,5)AngScMom	0.00025447265	0	0	0	0	0	0	0	0	0	0	0	0	0	0	0
S(5,5)Contrast	669.163	0	0	0	0	0	0	0	0	0	0	0	0	0	0	0
S(5,5)Correlat	-0.00046783588	0	0	0	0	0	0	0	0	0	0	0	0	0	0	0
S(5,5)SumOfSqs	334.42504	0	0	0	0	0	0	0	0	0	0	0	0	0	0	0
S(5,5)InvDfMom	0.0463859	0	0	0	0	0	0	0	0	0	0	0	0	0	0	0
S(5,5)SumAverg	65.886224	0	0	0	0	0	0	0	0	0	0	0	0	0	0	0
S(5,5)SumVarnc	668.53717	0	0	0	0	0	0	0	0	0	0	0	0	0	0	0
S(5,5)SumEntrp	2.0186591	0	0	0	0	0	0	0	0	0	0	0	0	0	0	0
S(5,5)Entropy	3.6030616	0	0	0	0	0	0	0	0	0	0	0	0	0	0	0
S(5,5)DifVarnc	222.81161	0	0	0	0	0	0	0	0	0	0	0	0	0	0	0
S(5,5)DifEntrp	1.7228978	0	0	0	0	0	0	0	0	0	0	0	0	0	0	0
_Area_S(5,-5)	126002	0	0	0	0	0	0	0	0	0	0	0	0	0	0	0
S(5,-5)AngScMom	0.0002543376	0	0	0	0	0	0	0	0	0	0	0	0	0	0	0
S(5,-5)Contrast	665.51606	0	0	0	0	0	0	0	0	0	0	0	0	0	0	0
S(5,-5)Correlat	0.0050063894	0	0	0	0	0	0	0	0	0	0	0	0	0	0	0
S(5,-5)SumOfSqs	334.43233	0	0	0	0	0	0	0	0	0	0	0	0	0	0	0
S(5,-5)InvDfMom	0.048088629	0	0	0	0	0	0	0	0	0	0	0	0	0	0	0
S(5,-5)SumAverg	65.884113	0	0	0	0	0	0	0	0	0	0	0	0	0	0	0
S(5,-5)SumVarnc	672.21325	0	0	0	0	0	0	0	0	0	0	0	0	0	0	0
S(5,-5)SumEntrp	2.0200305	0	0	0	0	0	0	0	0	0	0	0	0	0	0	0
S(5,-5)Entropy	3.6032348	0	0	0	0	0	0	0	0	0	0	0	0	0	0	0
S(5,-5)DifVarnc	222.40557	0	0	0	0	0	0	0	0	0	0	0	0	0	0	0
S(5,-5)DifEntrp	1.7221012	0	0	0	0	0	0	0	0	0	0	0	0	0	0	0
Horzl_RLNonUni	62438.786	0	0	0	0	0	0	0	0	0	0	0	0	0	0	0
Horzl_GLevNonU	1012.2754	0	0	0	0	0	0	0	0	0	0	0	0	0	0	0
Horzl_LngREmph	1.0497519	0	0	0	0	0	0	0	0	0	0	0	0	0	0	0
Horzl_ShrtREmp	0.98789859	0	0	0	0	0	0	0	0	0	0	0	0	0	0	0
Horzl_Fraction	0.98388672	0	0	0	0	0	0	0	0	0	0	0	0	0	0	0
Vertl_RLNonUni	62534.729	0	0	0	0	0	0	0	0	0	0	0	0	0	0	0
Vertl_GLevNonU	1012.6086	0	0	0	0	0	0	0	0	0	0	0	0	0	0	0
Vertl_LngREmph	1.0483631	0	0	0	0	0	0	0	0	0	0	0	0	0	0	0
Vertl_ShrtREmp	0.9882893	0	0	0	0	0	0	0	0	0	0	0	0	0	0	0
Vertl_Fraction	0.984375	0	0	0	0	0	0	0	0	0	0	0	0	0	0	0
45dgr_RLNonUni	62530.853	0	0	0	0	0	0	0	0	0	0	0	0	0	0	0
45dgr_GLevNonU	1012.6923	0	0	0	0	0	0	0	0	0	0	0	0	0	0	0
45dgr_LngREmph	1.0482081	0	0	0	0	0	0	0	0	0	0	0	0	0	0	0
45dgr_ShrtREmp	0.98826715	0	0	0	0	0	0	0	0	0	0	0	0	0	0	0
45dgr_Fraction	0.984375	0	0	0	0	0	0	0	0	0	0	0	0	0	0	0
135dr_RLNonUni	62640.591	0	0	0	0	0	0	0	0	0	0	0	0	0	0	0
135dr_GLevNonU	1013.3162	0	0	0	0	0	0	0	0	0	0	0	0	0	0	0
135dr_LngREmph	1.0463517	0	0	0	0	0	0	0	0	0	0	0	0	0	0	0
135dr_ShrtREmp	0.98870471	0	0	0	0	0	0	0	0	0	0	0	0	0	0	0
135dr_Fraction	0.98495483	0	0	0	0	0	0	0	0	0	0	0	0	0	0	0
_AreaGr	64516	0	0	0	0	0	0	0	0	0	0	0	0	0	0	0
GrMean	8.2172978	0	0	0	0	0	0	0	0	0	0	0	0	0	0	0
GrVariance	15.373855	0	0	0	0	0	0	0	0	0	0	0	0	0	0	0
GrSkewness	0.1845244	0	0	0	0	0	0	0	0	0	0	0	0	0	0	0
GrKurtosis	-0.6461375	0	0	0	0	0	0	0	0	0	0	0	0	0	0	0
GrNonZeros	0.99584599	0	0	0	0	0	0	0	0	0	0	0	0	0	0	0
_AreaARM	64770	0	0	0	0	0	0	0	0	0	0	0	0	0	0	0
Teta1	0.0037881127	0	0	0	0	0	0	0	0	0	0	0	0	0	0	0
Teta2	-0.0002314441	0	0	0	0	0	0	0	0	0	0	0	0	0	0	0
Teta3	0.0082919093	0	0	0	0	0	0	0	0	0	0	0	0	0	0	0
Teta4	0.0039056813	0	0	0	0	0	0	0	0	0	0	0	0	0	0	0
Sigma	0.99932892	0	0	0	0	0	0	0	0	0	0	0	0	0	0	0
WavEnLL_s-1	18070.816	0	0	0	0	0	0	0	0	0	0	0	0	0	0	0
WavEnLH_s-1	1339.977	0	0	0	0	0	0	0	0	0	0	0	0	0	0	0
WavEnHL_s-1	1354.0855	0	0	0	0	0	0	0	0	0	0	0	0	0	0	0
WavEnHH_s-1	1295.3081	0	0	0	0	0	0	0	0	0	0	0	0	0	0	0
WavEnLL_s-2	17057.701	0	0	0	0	0	0	0	0	0	0	0	0	0	0	0
WavEnLH_s-2	338.51892	0	0	0	0	0	0	0	0	0	0	0	0	0	0	0
WavEnHL_s-2	333.92234	0	0	0	0	0	0	0	0	0	0	0	0	0	0	0
WavEnHH_s-2	340.67438	0	0	0	0	0	0	0	0	0	0	0	0	0	0	0
WavEnLL_s-3	16793.074	0	0	0	0	0	0	0	0	0	0	0	0	0	0	0
WavEnLH_s-3	92.798211	0	0	0	0	0	0	0	0	0	0	0	0	0	0	0
WavEnHL_s-3	86.448457	0	0	0	0	0	0	0	0	0	0	0	0	0	0	0
WavEnHH_s-3	85.380168	0	0	0	0	0	0	0	0	0	0	0	0	0	0	0
WavEnLL_s-4	16728.843	0	0	0	0	0	0	0	0	0	0	0	0	0	0	0
WavEnLH_s-4	18.309928	0	0	0	0	0	0	0	0	0	0	0	0	0	0	0
WavEnHL_s-4	23.375763	0	0	0	0	0	0	0	0	0	0	0	0	0	0	0
WavEnHH_s-4	22.544833	0	0	0	0	0	0	0	0	0	0	0	0	0	0	0
