Image File: seat2-a-p014.png 
ROI File: allred.roi 
Image size: 256 x 256
Min. lum.: 1
Max. lum.: 256
Bits/pixel: 8

Normalisation =  No
Histogram analysis = Yes
CO matrix analysis = Yes, Dimensions = 6 x 6, Distances = 1 2 3 4 5
RL matrix analysis = Yes, Dimension = 6
Gradient analysis = Yes, Max pixel value = 16
AR model analysis = Yes
Wavelet analysis = Yes

--------------- CLASS NAMES ----------------

----------------- FEATURES -----------------
_Area	65536	0	0	0	0	0	0	0	0	0	0	0	0	0	0	0
Mean	129.47597	0	0	0	0	0	0	0	0	0	0	0	0	0	0	0
Variance	5362.3843	0	0	0	0	0	0	0	0	0	0	0	0	0	0	0
Skewness	-0.0039896509	0	0	0	0	0	0	0	0	0	0	0	0	0	0	0
Kurtosis	-1.189562	0	0	0	0	0	0	0	0	0	0	0	0	0	0	0
Perc.01%	4	0	0	0	0	0	0	0	0	0	0	0	0	0	0	0
Perc.10%	28	0	0	0	0	0	0	0	0	0	0	0	0	0	0	0
Perc.50%	130	0	0	0	0	0	0	0	0	0	0	0	0	0	0	0
Perc.90%	231	0	0	0	0	0	0	0	0	0	0	0	0	0	0	0
Perc.99%	254	0	0	0	0	0	0	0	0	0	0	0	0	0	0	0
_Area_S(1,0)	130560	0	0	0	0	0	0	0	0	0	0	0	0	0	0	0
S(1,0)AngScMom	0.00025357385	0	0	0	0	0	0	0	0	0	0	0	0	0	0	0
S(1,0)Contrast	668.43536	0	0	0	0	0	0	0	0	0	0	0	0	0	0	0
S(1,0)Correlat	0.0024206553	0	0	0	0	0	0	0	0	0	0	0	0	0	0	0
S(1,0)SumOfSqs	335.02867	0	0	0	0	0	0	0	0	0	0	0	0	0	0	0
S(1,0)InvDfMom	0.047491443	0	0	0	0	0	0	0	0	0	0	0	0	0	0	0
S(1,0)SumAverg	65.486121	0	0	0	0	0	0	0	0	0	0	0	0	0	0	0
S(1,0)SumVarnc	671.67931	0	0	0	0	0	0	0	0	0	0	0	0	0	0	0
S(1,0)SumEntrp	2.0196791	0	0	0	0	0	0	0	0	0	0	0	0	0	0	0
S(1,0)Entropy	3.6039262	0	0	0	0	0	0	0	0	0	0	0	0	0	0	0
S(1,0)DifVarnc	223.77596	0	0	0	0	0	0	0	0	0	0	0	0	0	0	0
S(1,0)DifEntrp	1.7229013	0	0	0	0	0	0	0	0	0	0	0	0	0	0	0
_Area_S(0,1)	130560	0	0	0	0	0	0	0	0	0	0	0	0	0	0	0
S(0,1)AngScMom	0.00025300175	0	0	0	0	0	0	0	0	0	0	0	0	0	0	0
S(0,1)Contrast	670.81262	0	0	0	0	0	0	0	0	0	0	0	0	0	0	0
S(0,1)Correlat	-0.0015413564	0	0	0	0	0	0	0	0	0	0	0	0	0	0	0
S(0,1)SumOfSqs	334.89013	0	0	0	0	0	0	0	0	0	0	0	0	0	0	0
S(0,1)InvDfMom	0.046938154	0	0	0	0	0	0	0	0	0	0	0	0	0	0	0
S(0,1)SumAverg	65.475797	0	0	0	0	0	0	0	0	0	0	0	0	0	0	0
S(0,1)SumVarnc	668.74788	0	0	0	0	0	0	0	0	0	0	0	0	0	0	0
S(0,1)SumEntrp	2.0185803	0	0	0	0	0	0	0	0	0	0	0	0	0	0	0
S(0,1)Entropy	3.6044165	0	0	0	0	0	0	0	0	0	0	0	0	0	0	0
S(0,1)DifVarnc	223.44347	0	0	0	0	0	0	0	0	0	0	0	0	0	0	0
S(0,1)DifEntrp	1.7231299	0	0	0	0	0	0	0	0	0	0	0	0	0	0	0
_Area_S(1,1)	130050	0	0	0	0	0	0	0	0	0	0	0	0	0	0	0
S(1,1)AngScMom	0.0002532422	0	0	0	0	0	0	0	0	0	0	0	0	0	0	0
S(1,1)Contrast	672.36901	0	0	0	0	0	0	0	0	0	0	0	0	0	0	0
S(1,1)Correlat	-0.0038726228	0	0	0	0	0	0	0	0	0	0	0	0	0	0	0
S(1,1)SumOfSqs	334.88761	0	0	0	0	0	0	0	0	0	0	0	0	0	0	0
S(1,1)InvDfMom	0.047311198	0	0	0	0	0	0	0	0	0	0	0	0	0	0	0
S(1,1)SumAverg	65.479539	0	0	0	0	0	0	0	0	0	0	0	0	0	0	0
S(1,1)SumVarnc	667.18144	0	0	0	0	0	0	0	0	0	0	0	0	0	0	0
S(1,1)SumEntrp	2.0184373	0	0	0	0	0	0	0	0	0	0	0	0	0	0	0
S(1,1)Entropy	3.6041886	0	0	0	0	0	0	0	0	0	0	0	0	0	0	0
S(1,1)DifVarnc	224.60389	0	0	0	0	0	0	0	0	0	0	0	0	0	0	0
S(1,1)DifEntrp	1.7240622	0	0	0	0	0	0	0	0	0	0	0	0	0	0	0
_Area_S(1,-1)	130050	0	0	0	0	0	0	0	0	0	0	0	0	0	0	0
S(1,-1)AngScMom	0.00025272863	0	0	0	0	0	0	0	0	0	0	0	0	0	0	0
S(1,-1)Contrast	670.81942	0	0	0	0	0	0	0	0	0	0	0	0	0	0	0
S(1,-1)Correlat	-0.0015589119	0	0	0	0	0	0	0	0	0	0	0	0	0	0	0
S(1,-1)SumOfSqs	334.88765	0	0	0	0	0	0	0	0	0	0	0	0	0	0	0
S(1,-1)InvDfMom	0.046464258	0	0	0	0	0	0	0	0	0	0	0	0	0	0	0
S(1,-1)SumAverg	65.479569	0	0	0	0	0	0	0	0	0	0	0	0	0	0	0
S(1,-1)SumVarnc	668.73118	0	0	0	0	0	0	0	0	0	0	0	0	0	0	0
S(1,-1)SumEntrp	2.0189587	0	0	0	0	0	0	0	0	0	0	0	0	0	0	0
S(1,-1)Entropy	3.6046372	0	0	0	0	0	0	0	0	0	0	0	0	0	0	0
S(1,-1)DifVarnc	224.19385	0	0	0	0	0	0	0	0	0	0	0	0	0	0	0
S(1,-1)DifEntrp	1.7234244	0	0	0	0	0	0	0	0	0	0	0	0	0	0	0
_Area_S(2,0)	130048	0	0	0	0	0	0	0	0	0	0	0	0	0	0	0
S(2,0)AngScMom	0.000253401	0	0	0	0	0	0	0	0	0	0	0	0	0	0	0
S(2,0)Contrast	664.56777	0	0	0	0	0	0	0	0	0	0	0	0	0	0	0
S(2,0)Correlat	0.008258126	0	0	0	0	0	0	0	0	0	0	0	0	0	0	0
S(2,0)SumOfSqs	335.05078	0	0	0	0	0	0	0	0	0	0	0	0	0	0	0
S(2,0)InvDfMom	0.04735063	0	0	0	0	0	0	0	0	0	0	0	0	0	0	0
S(2,0)SumAverg	65.487866	0	0	0	0	0	0	0	0	0	0	0	0	0	0	0
S(2,0)SumVarnc	675.63534	0	0	0	0	0	0	0	0	0	0	0	0	0	0	0
S(2,0)SumEntrp	2.0211159	0	0	0	0	0	0	0	0	0	0	0	0	0	0	0
S(2,0)Entropy	3.60398	0	0	0	0	0	0	0	0	0	0	0	0	0	0	0
S(2,0)DifVarnc	220.95766	0	0	0	0	0	0	0	0	0	0	0	0	0	0	0
S(2,0)DifEntrp	1.7213298	0	0	0	0	0	0	0	0	0	0	0	0	0	0	0
_Area_S(0,2)	130048	0	0	0	0	0	0	0	0	0	0	0	0	0	0	0
S(0,2)AngScMom	0.00025318873	0	0	0	0	0	0	0	0	0	0	0	0	0	0	0
S(0,2)Contrast	669.04178	0	0	0	0	0	0	0	0	0	0	0	0	0	0	0
S(0,2)Correlat	0.00096219072	0	0	0	0	0	0	0	0	0	0	0	0	0	0	0
S(0,2)SumOfSqs	334.84308	0	0	0	0	0	0	0	0	0	0	0	0	0	0	0
S(0,2)InvDfMom	0.047577809	0	0	0	0	0	0	0	0	0	0	0	0	0	0	0
S(0,2)SumAverg	65.461076	0	0	0	0	0	0	0	0	0	0	0	0	0	0	0
S(0,2)SumVarnc	670.33052	0	0	0	0	0	0	0	0	0	0	0	0	0	0	0
S(0,2)SumEntrp	2.0195277	0	0	0	0	0	0	0	0	0	0	0	0	0	0	0
S(0,2)Entropy	3.6042801	0	0	0	0	0	0	0	0	0	0	0	0	0	0	0
S(0,2)DifVarnc	224.20643	0	0	0	0	0	0	0	0	0	0	0	0	0	0	0
S(0,2)DifEntrp	1.7228491	0	0	0	0	0	0	0	0	0	0	0	0	0	0	0
_Area_S(2,2)	129032	0	0	0	0	0	0	0	0	0	0	0	0	0	0	0
S(2,2)AngScMom	0.00025321034	0	0	0	0	0	0	0	0	0	0	0	0	0	0	0
S(2,2)Contrast	668.54242	0	0	0	0	0	0	0	0	0	0	0	0	0	0	0
S(2,2)Correlat	0.0017821292	0	0	0	0	0	0	0	0	0	0	0	0	0	0	0
S(2,2)SumOfSqs	334.86799	0	0	0	0	0	0	0	0	0	0	0	0	0	0	0
S(2,2)InvDfMom	0.047800753	0	0	0	0	0	0	0	0	0	0	0	0	0	0	0
S(2,2)SumAverg	65.467279	0	0	0	0	0	0	0	0	0	0	0	0	0	0	0
S(2,2)SumVarnc	670.92954	0	0	0	0	0	0	0	0	0	0	0	0	0	0	0
S(2,2)SumEntrp	2.0196283	0	0	0	0	0	0	0	0	0	0	0	0	0	0	0
S(2,2)Entropy	3.6042884	0	0	0	0	0	0	0	0	0	0	0	0	0	0	0
S(2,2)DifVarnc	224.44409	0	0	0	0	0	0	0	0	0	0	0	0	0	0	0
S(2,2)DifEntrp	1.723091	0	0	0	0	0	0	0	0	0	0	0	0	0	0	0
_Area_S(2,-2)	129032	0	0	0	0	0	0	0	0	0	0	0	0	0	0	0
S(2,-2)AngScMom	0.00025327076	0	0	0	0	0	0	0	0	0	0	0	0	0	0	0
S(2,-2)Contrast	669.81964	0	0	0	0	0	0	0	0	0	0	0	0	0	0	0
S(2,-2)Correlat	-0.00017372965	0	0	0	0	0	0	0	0	0	0	0	0	0	0	0
S(2,-2)SumOfSqs	334.85165	0	0	0	0	0	0	0	0	0	0	0	0	0	0	0
S(2,-2)InvDfMom	0.04683709	0	0	0	0	0	0	0	0	0	0	0	0	0	0	0
S(2,-2)SumAverg	65.466241	0	0	0	0	0	0	0	0	0	0	0	0	0	0	0
S(2,-2)SumVarnc	669.58695	0	0	0	0	0	0	0	0	0	0	0	0	0	0	0
S(2,-2)SumEntrp	2.0192993	0	0	0	0	0	0	0	0	0	0	0	0	0	0	0
S(2,-2)Entropy	3.6041203	0	0	0	0	0	0	0	0	0	0	0	0	0	0	0
S(2,-2)DifVarnc	223.97729	0	0	0	0	0	0	0	0	0	0	0	0	0	0	0
S(2,-2)DifEntrp	1.7232318	0	0	0	0	0	0	0	0	0	0	0	0	0	0	0
_Area_S(3,0)	129536	0	0	0	0	0	0	0	0	0	0	0	0	0	0	0
S(3,0)AngScMom	0.00025315265	0	0	0	0	0	0	0	0	0	0	0	0	0	0	0
S(3,0)Contrast	669.01453	0	0	0	0	0	0	0	0	0	0	0	0	0	0	0
S(3,0)Correlat	0.0018358957	0	0	0	0	0	0	0	0	0	0	0	0	0	0	0
S(3,0)SumOfSqs	335.12251	0	0	0	0	0	0	0	0	0	0	0	0	0	0	0
S(3,0)InvDfMom	0.047327876	0	0	0	0	0	0	0	0	0	0	0	0	0	0	0
S(3,0)SumAverg	65.496156	0	0	0	0	0	0	0	0	0	0	0	0	0	0	0
S(3,0)SumVarnc	671.47553	0	0	0	0	0	0	0	0	0	0	0	0	0	0	0
S(3,0)SumEntrp	2.0197174	0	0	0	0	0	0	0	0	0	0	0	0	0	0	0
S(3,0)Entropy	3.6042975	0	0	0	0	0	0	0	0	0	0	0	0	0	0	0
S(3,0)DifVarnc	224.02851	0	0	0	0	0	0	0	0	0	0	0	0	0	0	0
S(3,0)DifEntrp	1.7229502	0	0	0	0	0	0	0	0	0	0	0	0	0	0	0
_Area_S(0,3)	129536	0	0	0	0	0	0	0	0	0	0	0	0	0	0	0
S(0,3)AngScMom	0.00025341929	0	0	0	0	0	0	0	0	0	0	0	0	0	0	0
S(0,3)Contrast	667.04275	0	0	0	0	0	0	0	0	0	0	0	0	0	0	0
S(0,3)Correlat	0.0042272152	0	0	0	0	0	0	0	0	0	0	0	0	0	0	0
S(0,3)SumOfSqs	334.93723	0	0	0	0	0	0	0	0	0	0	0	0	0	0	0
S(0,3)InvDfMom	0.047240682	0	0	0	0	0	0	0	0	0	0	0	0	0	0	0
S(0,3)SumAverg	65.46821	0	0	0	0	0	0	0	0	0	0	0	0	0	0	0
S(0,3)SumVarnc	672.70616	0	0	0	0	0	0	0	0	0	0	0	0	0	0	0
S(0,3)SumEntrp	2.020014	0	0	0	0	0	0	0	0	0	0	0	0	0	0	0
S(0,3)Entropy	3.6040625	0	0	0	0	0	0	0	0	0	0	0	0	0	0	0
S(0,3)DifVarnc	222.78599	0	0	0	0	0	0	0	0	0	0	0	0	0	0	0
S(0,3)DifEntrp	1.7222475	0	0	0	0	0	0	0	0	0	0	0	0	0	0	0
_Area_S(3,3)	128018	0	0	0	0	0	0	0	0	0	0	0	0	0	0	0
S(3,3)AngScMom	0.0002532719	0	0	0	0	0	0	0	0	0	0	0	0	0	0	0
S(3,3)Contrast	669.22592	0	0	0	0	0	0	0	0	0	0	0	0	0	0	0
S(3,3)Correlat	0.001269792	0	0	0	0	0	0	0	0	0	0	0	0	0	0	0
S(3,3)SumOfSqs	335.03839	0	0	0	0	0	0	0	0	0	0	0	0	0	0	0
S(3,3)InvDfMom	0.046800452	0	0	0	0	0	0	0	0	0	0	0	0	0	0	0
S(3,3)SumAverg	65.482729	0	0	0	0	0	0	0	0	0	0	0	0	0	0	0
S(3,3)SumVarnc	670.92764	0	0	0	0	0	0	0	0	0	0	0	0	0	0	0
S(3,3)SumEntrp	2.0191816	0	0	0	0	0	0	0	0	0	0	0	0	0	0	0
S(3,3)Entropy	3.6041533	0	0	0	0	0	0	0	0	0	0	0	0	0	0	0
S(3,3)DifVarnc	223.60173	0	0	0	0	0	0	0	0	0	0	0	0	0	0	0
S(3,3)DifEntrp	1.7228401	0	0	0	0	0	0	0	0	0	0	0	0	0	0	0
_Area_S(3,-3)	128018	0	0	0	0	0	0	0	0	0	0	0	0	0	0	0
S(3,-3)AngScMom	0.00025319807	0	0	0	0	0	0	0	0	0	0	0	0	0	0	0
S(3,-3)Contrast	673.04142	0	0	0	0	0	0	0	0	0	0	0	0	0	0	0
S(3,-3)Correlat	-0.0045098458	0	0	0	0	0	0	0	0	0	0	0	0	0	0	0
S(3,-3)SumOfSqs	335.00987	0	0	0	0	0	0	0	0	0	0	0	0	0	0	0
S(3,-3)InvDfMom	0.046440338	0	0	0	0	0	0	0	0	0	0	0	0	0	0	0
S(3,-3)SumAverg	65.481292	0	0	0	0	0	0	0	0	0	0	0	0	0	0	0
S(3,-3)SumVarnc	666.99804	0	0	0	0	0	0	0	0	0	0	0	0	0	0	0
S(3,-3)SumEntrp	2.0184706	0	0	0	0	0	0	0	0	0	0	0	0	0	0	0
S(3,-3)Entropy	3.60424	0	0	0	0	0	0	0	0	0	0	0	0	0	0	0
S(3,-3)DifVarnc	223.84038	0	0	0	0	0	0	0	0	0	0	0	0	0	0	0
S(3,-3)DifEntrp	1.7236528	0	0	0	0	0	0	0	0	0	0	0	0	0	0	0
_Area_S(4,0)	129024	0	0	0	0	0	0	0	0	0	0	0	0	0	0	0
S(4,0)AngScMom	0.00025325351	0	0	0	0	0	0	0	0	0	0	0	0	0	0	0
S(4,0)Contrast	668.75087	0	0	0	0	0	0	0	0	0	0	0	0	0	0	0
S(4,0)Correlat	0.0021153529	0	0	0	0	0	0	0	0	0	0	0	0	0	0	0
S(4,0)SumOfSqs	335.08426	0	0	0	0	0	0	0	0	0	0	0	0	0	0	0
S(4,0)InvDfMom	0.046738737	0	0	0	0	0	0	0	0	0	0	0	0	0	0	0
S(4,0)SumAverg	65.499163	0	0	0	0	0	0	0	0	0	0	0	0	0	0	0
S(4,0)SumVarnc	671.58615	0	0	0	0	0	0	0	0	0	0	0	0	0	0	0
S(4,0)SumEntrp	2.0196977	0	0	0	0	0	0	0	0	0	0	0	0	0	0	0
S(4,0)Entropy	3.604185	0	0	0	0	0	0	0	0	0	0	0	0	0	0	0
S(4,0)DifVarnc	223.74441	0	0	0	0	0	0	0	0	0	0	0	0	0	0	0
S(4,0)DifEntrp	1.7226876	0	0	0	0	0	0	0	0	0	0	0	0	0	0	0
_Area_S(0,4)	129024	0	0	0	0	0	0	0	0	0	0	0	0	0	0	0
S(0,4)AngScMom	0.00025309673	0	0	0	0	0	0	0	0	0	0	0	0	0	0	0
S(0,4)Contrast	672.09649	0	0	0	0	0	0	0	0	0	0	0	0	0	0	0
S(0,4)Correlat	-0.0034899693	0	0	0	0	0	0	0	0	0	0	0	0	0	0	0
S(0,4)SumOfSqs	334.87953	0	0	0	0	0	0	0	0	0	0	0	0	0	0	0
S(0,4)InvDfMom	0.046687383	0	0	0	0	0	0	0	0	0	0	0	0	0	0	0
S(0,4)SumAverg	65.460891	0	0	0	0	0	0	0	0	0	0	0	0	0	0	0
S(0,4)SumVarnc	667.42162	0	0	0	0	0	0	0	0	0	0	0	0	0	0	0
S(0,4)SumEntrp	2.0182845	0	0	0	0	0	0	0	0	0	0	0	0	0	0	0
S(0,4)Entropy	3.6043668	0	0	0	0	0	0	0	0	0	0	0	0	0	0	0
S(0,4)DifVarnc	223.07926	0	0	0	0	0	0	0	0	0	0	0	0	0	0	0
S(0,4)DifEntrp	1.7234355	0	0	0	0	0	0	0	0	0	0	0	0	0	0	0
_Area_S(4,4)	127008	0	0	0	0	0	0	0	0	0	0	0	0	0	0	0
S(4,4)AngScMom	0.00025350418	0	0	0	0	0	0	0	0	0	0	0	0	0	0	0
S(4,4)Contrast	671.73591	0	0	0	0	0	0	0	0	0	0	0	0	0	0	0
S(4,4)Correlat	-0.0027966194	0	0	0	0	0	0	0	0	0	0	0	0	0	0	0
S(4,4)SumOfSqs	334.93128	0	0	0	0	0	0	0	0	0	0	0	0	0	0	0
S(4,4)InvDfMom	0.046360876	0	0	0	0	0	0	0	0	0	0	0	0	0	0	0
S(4,4)SumAverg	65.478442	0	0	0	0	0	0	0	0	0	0	0	0	0	0	0
S(4,4)SumVarnc	667.98921	0	0	0	0	0	0	0	0	0	0	0	0	0	0	0
S(4,4)SumEntrp	2.0184904	0	0	0	0	0	0	0	0	0	0	0	0	0	0	0
S(4,4)Entropy	3.6039455	0	0	0	0	0	0	0	0	0	0	0	0	0	0	0
S(4,4)DifVarnc	223.83678	0	0	0	0	0	0	0	0	0	0	0	0	0	0	0
S(4,4)DifEntrp	1.7235131	0	0	0	0	0	0	0	0	0	0	0	0	0	0	0
_Area_S(4,-4)	127008	0	0	0	0	0	0	0	0	0	0	0	0	0	0	0
S(4,-4)AngScMom	0.00025296013	0	0	0	0	0	0	0	0	0	0	0	0	0	0	0
S(4,-4)Contrast	670.91578	0	0	0	0	0	0	0	0	0	0	0	0	0	0	0
S(4,-4)Correlat	-0.0015824322	0	0	0	0	0	0	0	0	0	0	0	0	0	0	0
S(4,-4)SumOfSqs	334.92789	0	0	0	0	0	0	0	0	0	0	0	0	0	0	0
S(4,-4)InvDfMom	0.046604971	0	0	0	0	0	0	0	0	0	0	0	0	0	0	0
S(4,-4)SumAverg	65.477324	0	0	0	0	0	0	0	0	0	0	0	0	0	0	0
S(4,-4)SumVarnc	668.79578	0	0	0	0	0	0	0	0	0	0	0	0	0	0	0
S(4,-4)SumEntrp	2.0190393	0	0	0	0	0	0	0	0	0	0	0	0	0	0	0
S(4,-4)Entropy	3.6044943	0	0	0	0	0	0	0	0	0	0	0	0	0	0	0
S(4,-4)DifVarnc	223.34653	0	0	0	0	0	0	0	0	0	0	0	0	0	0	0
S(4,-4)DifEntrp	1.7230263	0	0	0	0	0	0	0	0	0	0	0	0	0	0	0
_Area_S(5,0)	128512	0	0	0	0	0	0	0	0	0	0	0	0	0	0	0
S(5,0)AngScMom	0.00025373462	0	0	0	0	0	0	0	0	0	0	0	0	0	0	0
S(5,0)Contrast	669.03145	0	0	0	0	0	0	0	0	0	0	0	0	0	0	0
S(5,0)Correlat	0.001539331	0	0	0	0	0	0	0	0	0	0	0	0	0	0	0
S(5,0)SumOfSqs	335.03145	0	0	0	0	0	0	0	0	0	0	0	0	0	0	0
S(5,0)InvDfMom	0.046698314	0	0	0	0	0	0	0	0	0	0	0	0	0	0	0
S(5,0)SumAverg	65.507361	0	0	0	0	0	0	0	0	0	0	0	0	0	0	0
S(5,0)SumVarnc	671.09435	0	0	0	0	0	0	0	0	0	0	0	0	0	0	0
S(5,0)SumEntrp	2.0196557	0	0	0	0	0	0	0	0	0	0	0	0	0	0	0
S(5,0)Entropy	3.6037249	0	0	0	0	0	0	0	0	0	0	0	0	0	0	0
S(5,0)DifVarnc	223.32784	0	0	0	0	0	0	0	0	0	0	0	0	0	0	0
S(5,0)DifEntrp	1.7226974	0	0	0	0	0	0	0	0	0	0	0	0	0	0	0
_Area_S(0,5)	128512	0	0	0	0	0	0	0	0	0	0	0	0	0	0	0
S(0,5)AngScMom	0.0002531778	0	0	0	0	0	0	0	0	0	0	0	0	0	0	0
S(0,5)Contrast	664.67955	0	0	0	0	0	0	0	0	0	0	0	0	0	0	0
S(0,5)Correlat	0.0073349557	0	0	0	0	0	0	0	0	0	0	0	0	0	0	0
S(0,5)SumOfSqs	334.79548	0	0	0	0	0	0	0	0	0	0	0	0	0	0	0
S(0,5)InvDfMom	0.046728082	0	0	0	0	0	0	0	0	0	0	0	0	0	0	0
S(0,5)SumAverg	65.462042	0	0	0	0	0	0	0	0	0	0	0	0	0	0	0
S(0,5)SumVarnc	674.50239	0	0	0	0	0	0	0	0	0	0	0	0	0	0	0
S(0,5)SumEntrp	2.0206581	0	0	0	0	0	0	0	0	0	0	0	0	0	0	0
S(0,5)Entropy	3.6042452	0	0	0	0	0	0	0	0	0	0	0	0	0	0	0
S(0,5)DifVarnc	221.54154	0	0	0	0	0	0	0	0	0	0	0	0	0	0	0
S(0,5)DifEntrp	1.7215486	0	0	0	0	0	0	0	0	0	0	0	0	0	0	0
_Area_S(5,5)	126002	0	0	0	0	0	0	0	0	0	0	0	0	0	0	0
S(5,5)AngScMom	0.00025365572	0	0	0	0	0	0	0	0	0	0	0	0	0	0	0
S(5,5)Contrast	673.42093	0	0	0	0	0	0	0	0	0	0	0	0	0	0	0
S(5,5)Correlat	-0.0056592133	0	0	0	0	0	0	0	0	0	0	0	0	0	0	0
S(5,5)SumOfSqs	334.81567	0	0	0	0	0	0	0	0	0	0	0	0	0	0	0
S(5,5)InvDfMom	0.047130532	0	0	0	0	0	0	0	0	0	0	0	0	0	0	0
S(5,5)SumAverg	65.487564	0	0	0	0	0	0	0	0	0	0	0	0	0	0	0
S(5,5)SumVarnc	665.84176	0	0	0	0	0	0	0	0	0	0	0	0	0	0	0
S(5,5)SumEntrp	2.0183116	0	0	0	0	0	0	0	0	0	0	0	0	0	0	0
S(5,5)Entropy	3.6038609	0	0	0	0	0	0	0	0	0	0	0	0	0	0	0
S(5,5)DifVarnc	224.24686	0	0	0	0	0	0	0	0	0	0	0	0	0	0	0
S(5,5)DifEntrp	1.7241209	0	0	0	0	0	0	0	0	0	0	0	0	0	0	0
_Area_S(5,-5)	126002	0	0	0	0	0	0	0	0	0	0	0	0	0	0	0
S(5,-5)AngScMom	0.00025348389	0	0	0	0	0	0	0	0	0	0	0	0	0	0	0
S(5,-5)Contrast	673.2879	0	0	0	0	0	0	0	0	0	0	0	0	0	0	0
S(5,-5)Correlat	-0.0054850871	0	0	0	0	0	0	0	0	0	0	0	0	0	0	0
S(5,-5)SumOfSqs	334.8075	0	0	0	0	0	0	0	0	0	0	0	0	0	0	0
S(5,-5)InvDfMom	0.046235782	0	0	0	0	0	0	0	0	0	0	0	0	0	0	0
S(5,-5)SumAverg	65.487675	0	0	0	0	0	0	0	0	0	0	0	0	0	0	0
S(5,-5)SumVarnc	665.94211	0	0	0	0	0	0	0	0	0	0	0	0	0	0	0
S(5,-5)SumEntrp	2.0181082	0	0	0	0	0	0	0	0	0	0	0	0	0	0	0
S(5,-5)Entropy	3.6039966	0	0	0	0	0	0	0	0	0	0	0	0	0	0	0
S(5,-5)DifVarnc	223.7565	0	0	0	0	0	0	0	0	0	0	0	0	0	0	0
S(5,-5)DifEntrp	1.7237278	0	0	0	0	0	0	0	0	0	0	0	0	0	0	0
Horzl_RLNonUni	62476.802	0	0	0	0	0	0	0	0	0	0	0	0	0	0	0
Horzl_GLevNonU	1010.492	0	0	0	0	0	0	0	0	0	0	0	0	0	0	0
Horzl_LngREmph	1.0493247	0	0	0	0	0	0	0	0	0	0	0	0	0	0	0
Horzl_ShrtREmp	0.98805701	0	0	0	0	0	0	0	0	0	0	0	0	0	0	0
Horzl_Fraction	0.98405457	0	0	0	0	0	0	0	0	0	0	0	0	0	0	0
Vertl_RLNonUni	62568.871	0	0	0	0	0	0	0	0	0	0	0	0	0	0	0
Vertl_GLevNonU	1010.9365	0	0	0	0	0	0	0	0	0	0	0	0	0	0	0
Vertl_LngREmph	1.0477504	0	0	0	0	0	0	0	0	0	0	0	0	0	0	0
Vertl_ShrtREmp	0.98842402	0	0	0	0	0	0	0	0	0	0	0	0	0	0	0
Vertl_Fraction	0.98454285	0	0	0	0	0	0	0	0	0	0	0	0	0	0	0
45dgr_RLNonUni	62454.777	0	0	0	0	0	0	0	0	0	0	0	0	0	0	0
45dgr_GLevNonU	1010.4247	0	0	0	0	0	0	0	0	0	0	0	0	0	0	0
45dgr_LngREmph	1.0490309	0	0	0	0	0	0	0	0	0	0	0	0	0	0	0
45dgr_ShrtREmp	0.98794904	0	0	0	0	0	0	0	0	0	0	0	0	0	0	0
45dgr_Fraction	0.98403931	0	0	0	0	0	0	0	0	0	0	0	0	0	0	0
135dr_RLNonUni	62553.448	0	0	0	0	0	0	0	0	0	0	0	0	0	0	0
135dr_GLevNonU	1010.9905	0	0	0	0	0	0	0	0	0	0	0	0	0	0	0
135dr_LngREmph	1.0476899	0	0	0	0	0	0	0	0	0	0	0	0	0	0	0
135dr_ShrtREmp	0.98835306	0	0	0	0	0	0	0	0	0	0	0	0	0	0	0
135dr_Fraction	0.98451233	0	0	0	0	0	0	0	0	0	0	0	0	0	0	0
_AreaGr	64516	0	0	0	0	0	0	0	0	0	0	0	0	0	0	0
GrMean	8.2340984	0	0	0	0	0	0	0	0	0	0	0	0	0	0	0
GrVariance	15.369629	0	0	0	0	0	0	0	0	0	0	0	0	0	0	0
GrSkewness	0.19600549	0	0	0	0	0	0	0	0	0	0	0	0	0	0	0
GrKurtosis	-0.64345806	0	0	0	0	0	0	0	0	0	0	0	0	0	0	0
GrNonZeros	0.99583049	0	0	0	0	0	0	0	0	0	0	0	0	0	0	0
_AreaARM	64770	0	0	0	0	0	0	0	0	0	0	0	0	0	0	0
Teta1	0.00047056561	0	0	0	0	0	0	0	0	0	0	0	0	0	0	0
Teta2	-0.0013008994	0	0	0	0	0	0	0	0	0	0	0	0	0	0	0
Teta3	-0.0015131691	0	0	0	0	0	0	0	0	0	0	0	0	0	0	0
Teta4	-0.003457898	0	0	0	0	0	0	0	0	0	0	0	0	0	0	0
Sigma	0.99947747	0	0	0	0	0	0	0	0	0	0	0	0	0	0	0
WavEnLL_s-1	17844.224	0	0	0	0	0	0	0	0	0	0	0	0	0	0	0
WavEnLH_s-1	1348.5401	0	0	0	0	0	0	0	0	0	0	0	0	0	0	0
WavEnHL_s-1	1337.0914	0	0	0	0	0	0	0	0	0	0	0	0	0	0	0
WavEnHH_s-1	1338.6034	0	0	0	0	0	0	0	0	0	0	0	0	0	0	0
WavEnLL_s-2	16835.432	0	0	0	0	0	0	0	0	0	0	0	0	0	0	0
WavEnLH_s-2	345.57719	0	0	0	0	0	0	0	0	0	0	0	0	0	0	0
WavEnHL_s-2	344.40836	0	0	0	0	0	0	0	0	0	0	0	0	0	0	0
WavEnHH_s-2	318.80618	0	0	0	0	0	0	0	0	0	0	0	0	0	0	0
WavEnLL_s-3	16587.229	0	0	0	0	0	0	0	0	0	0	0	0	0	0	0
WavEnLH_s-3	81.228233	0	0	0	0	0	0	0	0	0	0	0	0	0	0	0
WavEnHL_s-3	81.368193	0	0	0	0	0	0	0	0	0	0	0	0	0	0	0
WavEnHH_s-3	85.606178	0	0	0	0	0	0	0	0	0	0	0	0	0	0	0
WavEnLL_s-4	16528.756	0	0	0	0	0	0	0	0	0	0	0	0	0	0	0
WavEnLH_s-4	20.530441	0	0	0	0	0	0	0	0	0	0	0	0	0	0	0
WavEnHL_s-4	20.223975	0	0	0	0	0	0	0	0	0	0	0	0	0	0	0
WavEnHH_s-4	17.718813	0	0	0	0	0	0	0	0	0	0	0	0	0	0	0
