Image File: seat2-a-p009.png 
ROI File: allred.roi 
Image size: 256 x 256
Min. lum.: 1
Max. lum.: 256
Bits/pixel: 8

Normalisation =  No
Histogram analysis = Yes
CO matrix analysis = Yes, Dimensions = 6 x 6, Distances = 1 2 3 4 5
RL matrix analysis = Yes, Dimension = 6
Gradient analysis = Yes, Max pixel value = 16
AR model analysis = Yes
Wavelet analysis = Yes

--------------- CLASS NAMES ----------------

----------------- FEATURES -----------------
_Area	65536	0	0	0	0	0	0	0	0	0	0	0	0	0	0	0
Mean	131.23433	0	0	0	0	0	0	0	0	0	0	0	0	0	0	0
Variance	5327.2337	0	0	0	0	0	0	0	0	0	0	0	0	0	0	0
Skewness	-0.031032056	0	0	0	0	0	0	0	0	0	0	0	0	0	0	0
Kurtosis	-1.1821099	0	0	0	0	0	0	0	0	0	0	0	0	0	0	0
Perc.01%	4	0	0	0	0	0	0	0	0	0	0	0	0	0	0	0
Perc.10%	29	0	0	0	0	0	0	0	0	0	0	0	0	0	0	0
Perc.50%	131	0	0	0	0	0	0	0	0	0	0	0	0	0	0	0
Perc.90%	232	0	0	0	0	0	0	0	0	0	0	0	0	0	0	0
Perc.99%	254	0	0	0	0	0	0	0	0	0	0	0	0	0	0	0
_Area_S(1,0)	130560	0	0	0	0	0	0	0	0	0	0	0	0	0	0	0
S(1,0)AngScMom	0.00025651333	0	0	0	0	0	0	0	0	0	0	0	0	0	0	0
S(1,0)Contrast	655.36538	0	0	0	0	0	0	0	0	0	0	0	0	0	0	0
S(1,0)Correlat	0.015625937	0	0	0	0	0	0	0	0	0	0	0	0	0	0	0
S(1,0)SumOfSqs	332.88432	0	0	0	0	0	0	0	0	0	0	0	0	0	0	0
S(1,0)InvDfMom	0.04942389	0	0	0	0	0	0	0	0	0	0	0	0	0	0	0
S(1,0)SumAverg	66.363266	0	0	0	0	0	0	0	0	0	0	0	0	0	0	0
S(1,0)SumVarnc	676.1719	0	0	0	0	0	0	0	0	0	0	0	0	0	0	0
S(1,0)SumEntrp	2.0212726	0	0	0	0	0	0	0	0	0	0	0	0	0	0	0
S(1,0)Entropy	3.6013309	0	0	0	0	0	0	0	0	0	0	0	0	0	0	0
S(1,0)DifVarnc	220.38733	0	0	0	0	0	0	0	0	0	0	0	0	0	0	0
S(1,0)DifEntrp	1.7193669	0	0	0	0	0	0	0	0	0	0	0	0	0	0	0
_Area_S(0,1)	130560	0	0	0	0	0	0	0	0	0	0	0	0	0	0	0
S(0,1)AngScMom	0.000255633	0	0	0	0	0	0	0	0	0	0	0	0	0	0	0
S(0,1)Contrast	665.52276	0	0	0	0	0	0	0	0	0	0	0	0	0	0	0
S(0,1)Correlat	-0.00040447502	0	0	0	0	0	0	0	0	0	0	0	0	0	0	0
S(0,1)SumOfSqs	332.62684	0	0	0	0	0	0	0	0	0	0	0	0	0	0	0
S(0,1)InvDfMom	0.04691625	0	0	0	0	0	0	0	0	0	0	0	0	0	0	0
S(0,1)SumAverg	66.355086	0	0	0	0	0	0	0	0	0	0	0	0	0	0	0
S(0,1)SumVarnc	664.98461	0	0	0	0	0	0	0	0	0	0	0	0	0	0	0
S(0,1)SumEntrp	2.0175914	0	0	0	0	0	0	0	0	0	0	0	0	0	0	0
S(0,1)Entropy	3.602061	0	0	0	0	0	0	0	0	0	0	0	0	0	0	0
S(0,1)DifVarnc	221.84869	0	0	0	0	0	0	0	0	0	0	0	0	0	0	0
S(0,1)DifEntrp	1.7218423	0	0	0	0	0	0	0	0	0	0	0	0	0	0	0
_Area_S(1,1)	130050	0	0	0	0	0	0	0	0	0	0	0	0	0	0	0
S(1,1)AngScMom	0.00025533941	0	0	0	0	0	0	0	0	0	0	0	0	0	0	0
S(1,1)Contrast	664.15988	0	0	0	0	0	0	0	0	0	0	0	0	0	0	0
S(1,1)Correlat	0.0016516185	0	0	0	0	0	0	0	0	0	0	0	0	0	0	0
S(1,1)SumOfSqs	332.62932	0	0	0	0	0	0	0	0	0	0	0	0	0	0	0
S(1,1)InvDfMom	0.047026815	0	0	0	0	0	0	0	0	0	0	0	0	0	0	0
S(1,1)SumAverg	66.363737	0	0	0	0	0	0	0	0	0	0	0	0	0	0	0
S(1,1)SumVarnc	666.35738	0	0	0	0	0	0	0	0	0	0	0	0	0	0	0
S(1,1)SumEntrp	2.0180033	0	0	0	0	0	0	0	0	0	0	0	0	0	0	0
S(1,1)Entropy	3.6023473	0	0	0	0	0	0	0	0	0	0	0	0	0	0	0
S(1,1)DifVarnc	221.72415	0	0	0	0	0	0	0	0	0	0	0	0	0	0	0
S(1,1)DifEntrp	1.721351	0	0	0	0	0	0	0	0	0	0	0	0	0	0	0
_Area_S(1,-1)	130050	0	0	0	0	0	0	0	0	0	0	0	0	0	0	0
S(1,-1)AngScMom	0.0002546468	0	0	0	0	0	0	0	0	0	0	0	0	0	0	0
S(1,-1)Contrast	665.26682	0	0	0	0	0	0	0	0	0	0	0	0	0	0	0
S(1,-1)Correlat	-3.1614233e-05	0	0	0	0	0	0	0	0	0	0	0	0	0	0	0
S(1,-1)SumOfSqs	332.62289	0	0	0	0	0	0	0	0	0	0	0	0	0	0	0
S(1,-1)InvDfMom	0.047001775	0	0	0	0	0	0	0	0	0	0	0	0	0	0	0
S(1,-1)SumAverg	66.363906	0	0	0	0	0	0	0	0	0	0	0	0	0	0	0
S(1,-1)SumVarnc	665.22476	0	0	0	0	0	0	0	0	0	0	0	0	0	0	0
S(1,-1)SumEntrp	2.0179826	0	0	0	0	0	0	0	0	0	0	0	0	0	0	0
S(1,-1)Entropy	3.6030241	0	0	0	0	0	0	0	0	0	0	0	0	0	0	0
S(1,-1)DifVarnc	221.7429	0	0	0	0	0	0	0	0	0	0	0	0	0	0	0
S(1,-1)DifEntrp	1.721937	0	0	0	0	0	0	0	0	0	0	0	0	0	0	0
_Area_S(2,0)	130048	0	0	0	0	0	0	0	0	0	0	0	0	0	0	0
S(2,0)AngScMom	0.00025594079	0	0	0	0	0	0	0	0	0	0	0	0	0	0	0
S(2,0)Contrast	660.44576	0	0	0	0	0	0	0	0	0	0	0	0	0	0	0
S(2,0)Correlat	0.0082425963	0	0	0	0	0	0	0	0	0	0	0	0	0	0	0
S(2,0)SumOfSqs	332.9674	0	0	0	0	0	0	0	0	0	0	0	0	0	0	0
S(2,0)InvDfMom	0.04765419	0	0	0	0	0	0	0	0	0	0	0	0	0	0	0
S(2,0)SumAverg	66.365665	0	0	0	0	0	0	0	0	0	0	0	0	0	0	0
S(2,0)SumVarnc	671.42382	0	0	0	0	0	0	0	0	0	0	0	0	0	0	0
S(2,0)SumEntrp	2.019931	0	0	0	0	0	0	0	0	0	0	0	0	0	0	0
S(2,0)Entropy	3.6017962	0	0	0	0	0	0	0	0	0	0	0	0	0	0	0
S(2,0)DifVarnc	220.5412	0	0	0	0	0	0	0	0	0	0	0	0	0	0	0
S(2,0)DifEntrp	1.7205418	0	0	0	0	0	0	0	0	0	0	0	0	0	0	0
_Area_S(0,2)	130048	0	0	0	0	0	0	0	0	0	0	0	0	0	0	0
S(0,2)AngScMom	0.0002551273	0	0	0	0	0	0	0	0	0	0	0	0	0	0	0
S(0,2)Contrast	669.58082	0	0	0	0	0	0	0	0	0	0	0	0	0	0	0
S(0,2)Correlat	-0.006746516	0	0	0	0	0	0	0	0	0	0	0	0	0	0	0
S(0,2)SumOfSqs	332.54688	0	0	0	0	0	0	0	0	0	0	0	0	0	0	0
S(0,2)InvDfMom	0.046470433	0	0	0	0	0	0	0	0	0	0	0	0	0	0	0
S(0,2)SumAverg	66.336845	0	0	0	0	0	0	0	0	0	0	0	0	0	0	0
S(0,2)SumVarnc	660.60669	0	0	0	0	0	0	0	0	0	0	0	0	0	0	0
S(0,2)SumEntrp	2.0166895	0	0	0	0	0	0	0	0	0	0	0	0	0	0	0
S(0,2)Entropy	3.6025561	0	0	0	0	0	0	0	0	0	0	0	0	0	0	0
S(0,2)DifVarnc	221.47643	0	0	0	0	0	0	0	0	0	0	0	0	0	0	0
S(0,2)DifEntrp	1.7230087	0	0	0	0	0	0	0	0	0	0	0	0	0	0	0
_Area_S(2,2)	129032	0	0	0	0	0	0	0	0	0	0	0	0	0	0	0
S(2,2)AngScMom	0.00025542978	0	0	0	0	0	0	0	0	0	0	0	0	0	0	0
S(2,2)Contrast	666.80352	0	0	0	0	0	0	0	0	0	0	0	0	0	0	0
S(2,2)Correlat	-0.0022991667	0	0	0	0	0	0	0	0	0	0	0	0	0	0	0
S(2,2)SumOfSqs	332.63697	0	0	0	0	0	0	0	0	0	0	0	0	0	0	0
S(2,2)InvDfMom	0.046501343	0	0	0	0	0	0	0	0	0	0	0	0	0	0	0
S(2,2)SumAverg	66.349402	0	0	0	0	0	0	0	0	0	0	0	0	0	0	0
S(2,2)SumVarnc	663.74437	0	0	0	0	0	0	0	0	0	0	0	0	0	0	0
S(2,2)SumEntrp	2.0174207	0	0	0	0	0	0	0	0	0	0	0	0	0	0	0
S(2,2)Entropy	3.6022629	0	0	0	0	0	0	0	0	0	0	0	0	0	0	0
S(2,2)DifVarnc	222.60393	0	0	0	0	0	0	0	0	0	0	0	0	0	0	0
S(2,2)DifEntrp	1.7224873	0	0	0	0	0	0	0	0	0	0	0	0	0	0	0
_Area_S(2,-2)	129032	0	0	0	0	0	0	0	0	0	0	0	0	0	0	0
S(2,-2)AngScMom	0.00025500237	0	0	0	0	0	0	0	0	0	0	0	0	0	0	0
S(2,-2)Contrast	666.82593	0	0	0	0	0	0	0	0	0	0	0	0	0	0	0
S(2,-2)Correlat	-0.0023703612	0	0	0	0	0	0	0	0	0	0	0	0	0	0	0
S(2,-2)SumOfSqs	332.62453	0	0	0	0	0	0	0	0	0	0	0	0	0	0	0
S(2,-2)InvDfMom	0.047439433	0	0	0	0	0	0	0	0	0	0	0	0	0	0	0
S(2,-2)SumAverg	66.347976	0	0	0	0	0	0	0	0	0	0	0	0	0	0	0
S(2,-2)SumVarnc	663.67217	0	0	0	0	0	0	0	0	0	0	0	0	0	0	0
S(2,-2)SumEntrp	2.0173614	0	0	0	0	0	0	0	0	0	0	0	0	0	0	0
S(2,-2)Entropy	3.6026176	0	0	0	0	0	0	0	0	0	0	0	0	0	0	0
S(2,-2)DifVarnc	222.62895	0	0	0	0	0	0	0	0	0	0	0	0	0	0	0
S(2,-2)DifEntrp	1.7221412	0	0	0	0	0	0	0	0	0	0	0	0	0	0	0
_Area_S(3,0)	129536	0	0	0	0	0	0	0	0	0	0	0	0	0	0	0
S(3,0)AngScMom	0.00025545271	0	0	0	0	0	0	0	0	0	0	0	0	0	0	0
S(3,0)Contrast	663.81722	0	0	0	0	0	0	0	0	0	0	0	0	0	0	0
S(3,0)Correlat	0.0031834668	0	0	0	0	0	0	0	0	0	0	0	0	0	0	0
S(3,0)SumOfSqs	332.96861	0	0	0	0	0	0	0	0	0	0	0	0	0	0	0
S(3,0)InvDfMom	0.048213625	0	0	0	0	0	0	0	0	0	0	0	0	0	0	0
S(3,0)SumAverg	66.363142	0	0	0	0	0	0	0	0	0	0	0	0	0	0	0
S(3,0)SumVarnc	668.0572	0	0	0	0	0	0	0	0	0	0	0	0	0	0	0
S(3,0)SumEntrp	2.018892	0	0	0	0	0	0	0	0	0	0	0	0	0	0	0
S(3,0)Entropy	3.6021782	0	0	0	0	0	0	0	0	0	0	0	0	0	0	0
S(3,0)DifVarnc	222.39173	0	0	0	0	0	0	0	0	0	0	0	0	0	0	0
S(3,0)DifEntrp	1.7217422	0	0	0	0	0	0	0	0	0	0	0	0	0	0	0
_Area_S(0,3)	129536	0	0	0	0	0	0	0	0	0	0	0	0	0	0	0
S(0,3)AngScMom	0.00025530742	0	0	0	0	0	0	0	0	0	0	0	0	0	0	0
S(0,3)Contrast	665.75191	0	0	0	0	0	0	0	0	0	0	0	0	0	0	0
S(0,3)Correlat	-0.00084115199	0	0	0	0	0	0	0	0	0	0	0	0	0	0	0
S(0,3)SumOfSqs	332.59619	0	0	0	0	0	0	0	0	0	0	0	0	0	0	0
S(0,3)InvDfMom	0.046856358	0	0	0	0	0	0	0	0	0	0	0	0	0	0	0
S(0,3)SumAverg	66.329854	0	0	0	0	0	0	0	0	0	0	0	0	0	0	0
S(0,3)SumVarnc	664.63286	0	0	0	0	0	0	0	0	0	0	0	0	0	0	0
S(0,3)SumEntrp	2.0176243	0	0	0	0	0	0	0	0	0	0	0	0	0	0	0
S(0,3)Entropy	3.6024313	0	0	0	0	0	0	0	0	0	0	0	0	0	0	0
S(0,3)DifVarnc	221.05311	0	0	0	0	0	0	0	0	0	0	0	0	0	0	0
S(0,3)DifEntrp	1.7220945	0	0	0	0	0	0	0	0	0	0	0	0	0	0	0
_Area_S(3,3)	128018	0	0	0	0	0	0	0	0	0	0	0	0	0	0	0
S(3,3)AngScMom	0.0002555353	0	0	0	0	0	0	0	0	0	0	0	0	0	0	0
S(3,3)Contrast	664.9246	0	0	0	0	0	0	0	0	0	0	0	0	0	0	0
S(3,3)Correlat	0.00066476824	0	0	0	0	0	0	0	0	0	0	0	0	0	0	0
S(3,3)SumOfSqs	332.68346	0	0	0	0	0	0	0	0	0	0	0	0	0	0	0
S(3,3)InvDfMom	0.046952199	0	0	0	0	0	0	0	0	0	0	0	0	0	0	0
S(3,3)SumAverg	66.338718	0	0	0	0	0	0	0	0	0	0	0	0	0	0	0
S(3,3)SumVarnc	665.80923	0	0	0	0	0	0	0	0	0	0	0	0	0	0	0
S(3,3)SumEntrp	2.0181879	0	0	0	0	0	0	0	0	0	0	0	0	0	0	0
S(3,3)Entropy	3.6021942	0	0	0	0	0	0	0	0	0	0	0	0	0	0	0
S(3,3)DifVarnc	221.84871	0	0	0	0	0	0	0	0	0	0	0	0	0	0	0
S(3,3)DifEntrp	1.721777	0	0	0	0	0	0	0	0	0	0	0	0	0	0	0
_Area_S(3,-3)	128018	0	0	0	0	0	0	0	0	0	0	0	0	0	0	0
S(3,-3)AngScMom	0.00025551968	0	0	0	0	0	0	0	0	0	0	0	0	0	0	0
S(3,-3)Contrast	669.23333	0	0	0	0	0	0	0	0	0	0	0	0	0	0	0
S(3,-3)Correlat	-0.005841515	0	0	0	0	0	0	0	0	0	0	0	0	0	0	0
S(3,-3)SumOfSqs	332.67335	0	0	0	0	0	0	0	0	0	0	0	0	0	0	0
S(3,-3)InvDfMom	0.046119091	0	0	0	0	0	0	0	0	0	0	0	0	0	0	0
S(3,-3)SumAverg	66.338515	0	0	0	0	0	0	0	0	0	0	0	0	0	0	0
S(3,-3)SumVarnc	661.46006	0	0	0	0	0	0	0	0	0	0	0	0	0	0	0
S(3,-3)SumEntrp	2.0167277	0	0	0	0	0	0	0	0	0	0	0	0	0	0	0
S(3,-3)Entropy	3.6021559	0	0	0	0	0	0	0	0	0	0	0	0	0	0	0
S(3,-3)DifVarnc	222.22953	0	0	0	0	0	0	0	0	0	0	0	0	0	0	0
S(3,-3)DifEntrp	1.7226131	0	0	0	0	0	0	0	0	0	0	0	0	0	0	0
_Area_S(4,0)	129024	0	0	0	0	0	0	0	0	0	0	0	0	0	0	0
S(4,0)AngScMom	0.00025547743	0	0	0	0	0	0	0	0	0	0	0	0	0	0	0
S(4,0)Contrast	663.63585	0	0	0	0	0	0	0	0	0	0	0	0	0	0	0
S(4,0)Correlat	0.003404303	0	0	0	0	0	0	0	0	0	0	0	0	0	0	0
S(4,0)SumOfSqs	332.95139	0	0	0	0	0	0	0	0	0	0	0	0	0	0	0
S(4,0)InvDfMom	0.046939347	0	0	0	0	0	0	0	0	0	0	0	0	0	0	0
S(4,0)SumAverg	66.352214	0	0	0	0	0	0	0	0	0	0	0	0	0	0	0
S(4,0)SumVarnc	668.16972	0	0	0	0	0	0	0	0	0	0	0	0	0	0	0
S(4,0)SumEntrp	2.0186899	0	0	0	0	0	0	0	0	0	0	0	0	0	0	0
S(4,0)Entropy	3.6022592	0	0	0	0	0	0	0	0	0	0	0	0	0	0	0
S(4,0)DifVarnc	221.63137	0	0	0	0	0	0	0	0	0	0	0	0	0	0	0
S(4,0)DifEntrp	1.7212258	0	0	0	0	0	0	0	0	0	0	0	0	0	0	0
_Area_S(0,4)	129024	0	0	0	0	0	0	0	0	0	0	0	0	0	0	0
S(0,4)AngScMom	0.00025548272	0	0	0	0	0	0	0	0	0	0	0	0	0	0	0
S(0,4)Contrast	667.24047	0	0	0	0	0	0	0	0	0	0	0	0	0	0	0
S(0,4)Correlat	-0.0030017112	0	0	0	0	0	0	0	0	0	0	0	0	0	0	0
S(0,4)SumOfSqs	332.6218	0	0	0	0	0	0	0	0	0	0	0	0	0	0	0
S(0,4)InvDfMom	0.046798733	0	0	0	0	0	0	0	0	0	0	0	0	0	0	0
S(0,4)SumAverg	66.33896	0	0	0	0	0	0	0	0	0	0	0	0	0	0	0
S(0,4)SumVarnc	663.24673	0	0	0	0	0	0	0	0	0	0	0	0	0	0	0
S(0,4)SumEntrp	2.0172661	0	0	0	0	0	0	0	0	0	0	0	0	0	0	0
S(0,4)Entropy	3.6022233	0	0	0	0	0	0	0	0	0	0	0	0	0	0	0
S(0,4)DifVarnc	221.24397	0	0	0	0	0	0	0	0	0	0	0	0	0	0	0
S(0,4)DifEntrp	1.7224797	0	0	0	0	0	0	0	0	0	0	0	0	0	0	0
_Area_S(4,4)	127008	0	0	0	0	0	0	0	0	0	0	0	0	0	0	0
S(4,4)AngScMom	0.00025537907	0	0	0	0	0	0	0	0	0	0	0	0	0	0	0
S(4,4)Contrast	663.11078	0	0	0	0	0	0	0	0	0	0	0	0	0	0	0
S(4,4)Correlat	0.0033981189	0	0	0	0	0	0	0	0	0	0	0	0	0	0	0
S(4,4)SumOfSqs	332.6859	0	0	0	0	0	0	0	0	0	0	0	0	0	0	0
S(4,4)InvDfMom	0.047542317	0	0	0	0	0	0	0	0	0	0	0	0	0	0	0
S(4,4)SumAverg	66.336561	0	0	0	0	0	0	0	0	0	0	0	0	0	0	0
S(4,4)SumVarnc	667.63281	0	0	0	0	0	0	0	0	0	0	0	0	0	0	0
S(4,4)SumEntrp	2.0183743	0	0	0	0	0	0	0	0	0	0	0	0	0	0	0
S(4,4)Entropy	3.6022479	0	0	0	0	0	0	0	0	0	0	0	0	0	0	0
S(4,4)DifVarnc	221.85611	0	0	0	0	0	0	0	0	0	0	0	0	0	0	0
S(4,4)DifEntrp	1.7211706	0	0	0	0	0	0	0	0	0	0	0	0	0	0	0
_Area_S(4,-4)	127008	0	0	0	0	0	0	0	0	0	0	0	0	0	0	0
S(4,-4)AngScMom	0.00025534597	0	0	0	0	0	0	0	0	0	0	0	0	0	0	0
S(4,-4)Contrast	667.57472	0	0	0	0	0	0	0	0	0	0	0	0	0	0	0
S(4,-4)Correlat	-0.0033335957	0	0	0	0	0	0	0	0	0	0	0	0	0	0	0
S(4,-4)SumOfSqs	332.67834	0	0	0	0	0	0	0	0	0	0	0	0	0	0	0
S(4,-4)InvDfMom	0.04632835	0	0	0	0	0	0	0	0	0	0	0	0	0	0	0
S(4,-4)SumAverg	66.335302	0	0	0	0	0	0	0	0	0	0	0	0	0	0	0
S(4,-4)SumVarnc	663.13866	0	0	0	0	0	0	0	0	0	0	0	0	0	0	0
S(4,-4)SumEntrp	2.0171229	0	0	0	0	0	0	0	0	0	0	0	0	0	0	0
S(4,-4)Entropy	3.6022955	0	0	0	0	0	0	0	0	0	0	0	0	0	0	0
S(4,-4)DifVarnc	222.32445	0	0	0	0	0	0	0	0	0	0	0	0	0	0	0
S(4,-4)DifEntrp	1.7226739	0	0	0	0	0	0	0	0	0	0	0	0	0	0	0
_Area_S(5,0)	128512	0	0	0	0	0	0	0	0	0	0	0	0	0	0	0
S(5,0)AngScMom	0.00025499841	0	0	0	0	0	0	0	0	0	0	0	0	0	0	0
S(5,0)Contrast	663.68127	0	0	0	0	0	0	0	0	0	0	0	0	0	0	0
S(5,0)Correlat	0.0030307126	0	0	0	0	0	0	0	0	0	0	0	0	0	0	0
S(5,0)SumOfSqs	332.84941	0	0	0	0	0	0	0	0	0	0	0	0	0	0	0
S(5,0)InvDfMom	0.047518255	0	0	0	0	0	0	0	0	0	0	0	0	0	0	0
S(5,0)SumAverg	66.362114	0	0	0	0	0	0	0	0	0	0	0	0	0	0	0
S(5,0)SumVarnc	667.71636	0	0	0	0	0	0	0	0	0	0	0	0	0	0	0
S(5,0)SumEntrp	2.0188932	0	0	0	0	0	0	0	0	0	0	0	0	0	0	0
S(5,0)Entropy	3.6026157	0	0	0	0	0	0	0	0	0	0	0	0	0	0	0
S(5,0)DifVarnc	221.10592	0	0	0	0	0	0	0	0	0	0	0	0	0	0	0
S(5,0)DifEntrp	1.721544	0	0	0	0	0	0	0	0	0	0	0	0	0	0	0
_Area_S(0,5)	128512	0	0	0	0	0	0	0	0	0	0	0	0	0	0	0
S(0,5)AngScMom	0.00025537867	0	0	0	0	0	0	0	0	0	0	0	0	0	0	0
S(0,5)Contrast	669.15199	0	0	0	0	0	0	0	0	0	0	0	0	0	0	0
S(0,5)Correlat	-0.0057764538	0	0	0	0	0	0	0	0	0	0	0	0	0	0	0
S(0,5)SumOfSqs	332.65443	0	0	0	0	0	0	0	0	0	0	0	0	0	0	0
S(0,5)InvDfMom	0.047414879	0	0	0	0	0	0	0	0	0	0	0	0	0	0	0
S(0,5)SumAverg	66.336591	0	0	0	0	0	0	0	0	0	0	0	0	0	0	0
S(0,5)SumVarnc	661.46573	0	0	0	0	0	0	0	0	0	0	0	0	0	0	0
S(0,5)SumEntrp	2.0169917	0	0	0	0	0	0	0	0	0	0	0	0	0	0	0
S(0,5)Entropy	3.6022906	0	0	0	0	0	0	0	0	0	0	0	0	0	0	0
S(0,5)DifVarnc	223.4556	0	0	0	0	0	0	0	0	0	0	0	0	0	0	0
S(0,5)DifEntrp	1.7229902	0	0	0	0	0	0	0	0	0	0	0	0	0	0	0
_Area_S(5,5)	126002	0	0	0	0	0	0	0	0	0	0	0	0	0	0	0
S(5,5)AngScMom	0.00025520631	0	0	0	0	0	0	0	0	0	0	0	0	0	0	0
S(5,5)Contrast	666.55663	0	0	0	0	0	0	0	0	0	0	0	0	0	0	0
S(5,5)Correlat	-0.0019786305	0	0	0	0	0	0	0	0	0	0	0	0	0	0	0
S(5,5)SumOfSqs	332.62018	0	0	0	0	0	0	0	0	0	0	0	0	0	0	0
S(5,5)InvDfMom	0.047403167	0	0	0	0	0	0	0	0	0	0	0	0	0	0	0
S(5,5)SumAverg	66.345582	0	0	0	0	0	0	0	0	0	0	0	0	0	0	0
S(5,5)SumVarnc	663.9241	0	0	0	0	0	0	0	0	0	0	0	0	0	0	0
S(5,5)SumEntrp	2.0176316	0	0	0	0	0	0	0	0	0	0	0	0	0	0	0
S(5,5)Entropy	3.6024737	0	0	0	0	0	0	0	0	0	0	0	0	0	0	0
S(5,5)DifVarnc	222.57766	0	0	0	0	0	0	0	0	0	0	0	0	0	0	0
S(5,5)DifEntrp	1.7224897	0	0	0	0	0	0	0	0	0	0	0	0	0	0	0
_Area_S(5,-5)	126002	0	0	0	0	0	0	0	0	0	0	0	0	0	0	0
S(5,-5)AngScMom	0.00025517028	0	0	0	0	0	0	0	0	0	0	0	0	0	0	0
S(5,-5)Contrast	662.72791	0	0	0	0	0	0	0	0	0	0	0	0	0	0	0
S(5,-5)Correlat	0.003720134	0	0	0	0	0	0	0	0	0	0	0	0	0	0	0
S(5,-5)SumOfSqs	332.60128	0	0	0	0	0	0	0	0	0	0	0	0	0	0	0
S(5,-5)InvDfMom	0.047750266	0	0	0	0	0	0	0	0	0	0	0	0	0	0	0
S(5,-5)SumAverg	66.345629	0	0	0	0	0	0	0	0	0	0	0	0	0	0	0
S(5,-5)SumVarnc	667.67719	0	0	0	0	0	0	0	0	0	0	0	0	0	0	0
S(5,-5)SumEntrp	2.0188219	0	0	0	0	0	0	0	0	0	0	0	0	0	0	0
S(5,-5)Entropy	3.6024403	0	0	0	0	0	0	0	0	0	0	0	0	0	0	0
S(5,-5)DifVarnc	221.95321	0	0	0	0	0	0	0	0	0	0	0	0	0	0	0
S(5,-5)DifEntrp	1.7211454	0	0	0	0	0	0	0	0	0	0	0	0	0	0	0
Horzl_RLNonUni	62218.79	0	0	0	0	0	0	0	0	0	0	0	0	0	0	0
Horzl_GLevNonU	1013.3096	0	0	0	0	0	0	0	0	0	0	0	0	0	0	0
Horzl_LngREmph	1.0546962	0	0	0	0	0	0	0	0	0	0	0	0	0	0	0
Horzl_ShrtREmp	0.98705291	0	0	0	0	0	0	0	0	0	0	0	0	0	0	0
Horzl_Fraction	0.98254395	0	0	0	0	0	0	0	0	0	0	0	0	0	0	0
Vertl_RLNonUni	62502.176	0	0	0	0	0	0	0	0	0	0	0	0	0	0	0
Vertl_GLevNonU	1014.8787	0	0	0	0	0	0	0	0	0	0	0	0	0	0	0
Vertl_LngREmph	1.0489465	0	0	0	0	0	0	0	0	0	0	0	0	0	0	0
Vertl_ShrtREmp	0.98815959	0	0	0	0	0	0	0	0	0	0	0	0	0	0	0
Vertl_Fraction	0.98417664	0	0	0	0	0	0	0	0	0	0	0	0	0	0	0
45dgr_RLNonUni	62565.502	0	0	0	0	0	0	0	0	0	0	0	0	0	0	0
45dgr_GLevNonU	1015.4492	0	0	0	0	0	0	0	0	0	0	0	0	0	0	0
45dgr_LngREmph	1.0471261	0	0	0	0	0	0	0	0	0	0	0	0	0	0	0
45dgr_ShrtREmp	0.98839066	0	0	0	0	0	0	0	0	0	0	0	0	0	0	0
45dgr_Fraction	0.9846344	0	0	0	0	0	0	0	0	0	0	0	0	0	0	0
135dr_RLNonUni	62511.444	0	0	0	0	0	0	0	0	0	0	0	0	0	0	0
135dr_GLevNonU	1015.0517	0	0	0	0	0	0	0	0	0	0	0	0	0	0	0
135dr_LngREmph	1.0482421	0	0	0	0	0	0	0	0	0	0	0	0	0	0	0
135dr_ShrtREmp	0.98818062	0	0	0	0	0	0	0	0	0	0	0	0	0	0	0
135dr_Fraction	0.98431396	0	0	0	0	0	0	0	0	0	0	0	0	0	0	0
_AreaGr	64516	0	0	0	0	0	0	0	0	0	0	0	0	0	0	0
GrMean	8.2302087	0	0	0	0	0	0	0	0	0	0	0	0	0	0	0
GrVariance	15.236369	0	0	0	0	0	0	0	0	0	0	0	0	0	0	0
GrSkewness	0.1951747	0	0	0	0	0	0	0	0	0	0	0	0	0	0	0
GrKurtosis	-0.63235502	0	0	0	0	0	0	0	0	0	0	0	0	0	0	0
GrNonZeros	0.99593899	0	0	0	0	0	0	0	0	0	0	0	0	0	0	0
_AreaARM	64770	0	0	0	0	0	0	0	0	0	0	0	0	0	0	0
Teta1	0.014442234	0	0	0	0	0	0	0	0	0	0	0	0	0	0	0
Teta2	0.00039125092	0	0	0	0	0	0	0	0	0	0	0	0	0	0	0
Teta3	-0.00037027059	0	0	0	0	0	0	0	0	0	0	0	0	0	0	0
Teta4	0.0019294952	0	0	0	0	0	0	0	0	0	0	0	0	0	0	0
Sigma	0.99919127	0	0	0	0	0	0	0	0	0	0	0	0	0	0	0
WavEnLL_s-1	18295.163	0	0	0	0	0	0	0	0	0	0	0	0	0	0	0
WavEnLH_s-1	1369.1051	0	0	0	0	0	0	0	0	0	0	0	0	0	0	0
WavEnHL_s-1	1314.0528	0	0	0	0	0	0	0	0	0	0	0	0	0	0	0
WavEnHH_s-1	1309.8938	0	0	0	0	0	0	0	0	0	0	0	0	0	0	0
WavEnLL_s-2	17303.893	0	0	0	0	0	0	0	0	0	0	0	0	0	0	0
WavEnLH_s-2	345.21103	0	0	0	0	0	0	0	0	0	0	0	0	0	0	0
WavEnHL_s-2	323.45144	0	0	0	0	0	0	0	0	0	0	0	0	0	0	0
WavEnHH_s-2	322.60671	0	0	0	0	0	0	0	0	0	0	0	0	0	0	0
WavEnLL_s-3	17049.77	0	0	0	0	0	0	0	0	0	0	0	0	0	0	0
WavEnLH_s-3	90.286372	0	0	0	0	0	0	0	0	0	0	0	0	0	0	0
WavEnHL_s-3	77.872334	0	0	0	0	0	0	0	0	0	0	0	0	0	0	0
WavEnHH_s-3	85.964713	0	0	0	0	0	0	0	0	0	0	0	0	0	0	0
WavEnLL_s-4	16985.722	0	0	0	0	0	0	0	0	0	0	0	0	0	0	0
WavEnLH_s-4	19.178848	0	0	0	0	0	0	0	0	0	0	0	0	0	0	0
WavEnHL_s-4	21.571698	0	0	0	0	0	0	0	0	0	0	0	0	0	0	0
WavEnHH_s-4	23.297692	0	0	0	0	0	0	0	0	0	0	0	0	0	0	0
