Image File: canvas1-a-p037.png 
ROI File: allred.roi 
Image size: 256 x 256
Min. lum.: 1
Max. lum.: 256
Bits/pixel: 8

Normalisation =  No
Histogram analysis = Yes
CO matrix analysis = Yes, Dimensions = 6 x 6, Distances = 1 2 3 4 5
RL matrix analysis = Yes, Dimension = 6
Gradient analysis = Yes, Max pixel value = 16
AR model analysis = Yes
Wavelet analysis = Yes

--------------- CLASS NAMES ----------------

----------------- FEATURES -----------------
_Area	65536	0	0	0	0	0	0	0	0	0	0	0	0	0	0	0
Mean	130.38208	0	0	0	0	0	0	0	0	0	0	0	0	0	0	0
Variance	5372.3146	0	0	0	0	0	0	0	0	0	0	0	0	0	0	0
Skewness	-0.020305643	0	0	0	0	0	0	0	0	0	0	0	0	0	0	0
Kurtosis	-1.1821305	0	0	0	0	0	0	0	0	0	0	0	0	0	0	0
Perc.01%	3	0	0	0	0	0	0	0	0	0	0	0	0	0	0	0
Perc.10%	29	0	0	0	0	0	0	0	0	0	0	0	0	0	0	0
Perc.50%	131	0	0	0	0	0	0	0	0	0	0	0	0	0	0	0
Perc.90%	232	0	0	0	0	0	0	0	0	0	0	0	0	0	0	0
Perc.99%	254	0	0	0	0	0	0	0	0	0	0	0	0	0	0	0
_Area_S(1,0)	130560	0	0	0	0	0	0	0	0	0	0	0	0	0	0	0
S(1,0)AngScMom	0.00025497747	0	0	0	0	0	0	0	0	0	0	0	0	0	0	0
S(1,0)Contrast	656.84487	0	0	0	0	0	0	0	0	0	0	0	0	0	0	0
S(1,0)Correlat	0.020883068	0	0	0	0	0	0	0	0	0	0	0	0	0	0	0
S(1,0)SumOfSqs	335.42718	0	0	0	0	0	0	0	0	0	0	0	0	0	0	0
S(1,0)InvDfMom	0.049674772	0	0	0	0	0	0	0	0	0	0	0	0	0	0	0
S(1,0)SumAverg	65.9233	0	0	0	0	0	0	0	0	0	0	0	0	0	0	0
S(1,0)SumVarnc	684.86386	0	0	0	0	0	0	0	0	0	0	0	0	0	0	0
S(1,0)SumEntrp	2.0241969	0	0	0	0	0	0	0	0	0	0	0	0	0	0	0
S(1,0)Entropy	3.602769	0	0	0	0	0	0	0	0	0	0	0	0	0	0	0
S(1,0)DifVarnc	220.37609	0	0	0	0	0	0	0	0	0	0	0	0	0	0	0
S(1,0)DifEntrp	1.7196549	0	0	0	0	0	0	0	0	0	0	0	0	0	0	0
_Area_S(0,1)	130560	0	0	0	0	0	0	0	0	0	0	0	0	0	0	0
S(0,1)AngScMom	0.00025317399	0	0	0	0	0	0	0	0	0	0	0	0	0	0	0
S(0,1)Contrast	666.0741	0	0	0	0	0	0	0	0	0	0	0	0	0	0	0
S(0,1)Correlat	0.0071467806	0	0	0	0	0	0	0	0	0	0	0	0	0	0	0
S(0,1)SumOfSqs	335.43432	0	0	0	0	0	0	0	0	0	0	0	0	0	0	0
S(0,1)InvDfMom	0.04765812	0	0	0	0	0	0	0	0	0	0	0	0	0	0	0
S(0,1)SumAverg	65.941498	0	0	0	0	0	0	0	0	0	0	0	0	0	0	0
S(0,1)SumVarnc	675.6632	0	0	0	0	0	0	0	0	0	0	0	0	0	0	0
S(0,1)SumEntrp	2.0210619	0	0	0	0	0	0	0	0	0	0	0	0	0	0	0
S(0,1)Entropy	3.6042768	0	0	0	0	0	0	0	0	0	0	0	0	0	0	0
S(0,1)DifVarnc	222.44713	0	0	0	0	0	0	0	0	0	0	0	0	0	0	0
S(0,1)DifEntrp	1.7224795	0	0	0	0	0	0	0	0	0	0	0	0	0	0	0
_Area_S(1,1)	130050	0	0	0	0	0	0	0	0	0	0	0	0	0	0	0
S(1,1)AngScMom	0.0002534871	0	0	0	0	0	0	0	0	0	0	0	0	0	0	0
S(1,1)Contrast	669.81968	0	0	0	0	0	0	0	0	0	0	0	0	0	0	0
S(1,1)Correlat	0.0012836837	0	0	0	0	0	0	0	0	0	0	0	0	0	0	0
S(1,1)SumOfSqs	335.34031	0	0	0	0	0	0	0	0	0	0	0	0	0	0	0
S(1,1)InvDfMom	0.046838561	0	0	0	0	0	0	0	0	0	0	0	0	0	0	0
S(1,1)SumAverg	65.935025	0	0	0	0	0	0	0	0	0	0	0	0	0	0	0
S(1,1)SumVarnc	671.54157	0	0	0	0	0	0	0	0	0	0	0	0	0	0	0
S(1,1)SumEntrp	2.0200273	0	0	0	0	0	0	0	0	0	0	0	0	0	0	0
S(1,1)Entropy	3.6040589	0	0	0	0	0	0	0	0	0	0	0	0	0	0	0
S(1,1)DifVarnc	223.17591	0	0	0	0	0	0	0	0	0	0	0	0	0	0	0
S(1,1)DifEntrp	1.7232577	0	0	0	0	0	0	0	0	0	0	0	0	0	0	0
_Area_S(1,-1)	130050	0	0	0	0	0	0	0	0	0	0	0	0	0	0	0
S(1,-1)AngScMom	0.00025342549	0	0	0	0	0	0	0	0	0	0	0	0	0	0	0
S(1,-1)Contrast	672.14336	0	0	0	0	0	0	0	0	0	0	0	0	0	0	0
S(1,-1)Correlat	-0.0021836712	0	0	0	0	0	0	0	0	0	0	0	0	0	0	0
S(1,-1)SumOfSqs	335.33941	0	0	0	0	0	0	0	0	0	0	0	0	0	0	0
S(1,-1)InvDfMom	0.046731512	0	0	0	0	0	0	0	0	0	0	0	0	0	0	0
S(1,-1)SumAverg	65.934887	0	0	0	0	0	0	0	0	0	0	0	0	0	0	0
S(1,-1)SumVarnc	669.21428	0	0	0	0	0	0	0	0	0	0	0	0	0	0	0
S(1,-1)SumEntrp	2.0189121	0	0	0	0	0	0	0	0	0	0	0	0	0	0	0
S(1,-1)Entropy	3.6040873	0	0	0	0	0	0	0	0	0	0	0	0	0	0	0
S(1,-1)DifVarnc	224.112	0	0	0	0	0	0	0	0	0	0	0	0	0	0	0
S(1,-1)DifEntrp	1.7238216	0	0	0	0	0	0	0	0	0	0	0	0	0	0	0
_Area_S(2,0)	130048	0	0	0	0	0	0	0	0	0	0	0	0	0	0	0
S(2,0)AngScMom	0.00025363314	0	0	0	0	0	0	0	0	0	0	0	0	0	0	0
S(2,0)Contrast	666.0535	0	0	0	0	0	0	0	0	0	0	0	0	0	0	0
S(2,0)Correlat	0.0072979129	0	0	0	0	0	0	0	0	0	0	0	0	0	0	0
S(2,0)SumOfSqs	335.47502	0	0	0	0	0	0	0	0	0	0	0	0	0	0	0
S(2,0)InvDfMom	0.048235264	0	0	0	0	0	0	0	0	0	0	0	0	0	0	0
S(2,0)SumAverg	65.931241	0	0	0	0	0	0	0	0	0	0	0	0	0	0	0
S(2,0)SumVarnc	675.84657	0	0	0	0	0	0	0	0	0	0	0	0	0	0	0
S(2,0)SumEntrp	2.0214902	0	0	0	0	0	0	0	0	0	0	0	0	0	0	0
S(2,0)Entropy	3.6039132	0	0	0	0	0	0	0	0	0	0	0	0	0	0	0
S(2,0)DifVarnc	224.49332	0	0	0	0	0	0	0	0	0	0	0	0	0	0	0
S(2,0)DifEntrp	1.7222097	0	0	0	0	0	0	0	0	0	0	0	0	0	0	0
_Area_S(0,2)	130048	0	0	0	0	0	0	0	0	0	0	0	0	0	0	0
S(0,2)AngScMom	0.00025378794	0	0	0	0	0	0	0	0	0	0	0	0	0	0	0
S(0,2)Contrast	674.12743	0	0	0	0	0	0	0	0	0	0	0	0	0	0	0
S(0,2)Correlat	-0.0051078826	0	0	0	0	0	0	0	0	0	0	0	0	0	0	0
S(0,2)SumOfSqs	335.35078	0	0	0	0	0	0	0	0	0	0	0	0	0	0	0
S(0,2)InvDfMom	0.046885036	0	0	0	0	0	0	0	0	0	0	0	0	0	0	0
S(0,2)SumAverg	65.939899	0	0	0	0	0	0	0	0	0	0	0	0	0	0	0
S(0,2)SumVarnc	667.2757	0	0	0	0	0	0	0	0	0	0	0	0	0	0	0
S(0,2)SumEntrp	2.0186559	0	0	0	0	0	0	0	0	0	0	0	0	0	0	0
S(0,2)Entropy	3.6036587	0	0	0	0	0	0	0	0	0	0	0	0	0	0	0
S(0,2)DifVarnc	224.89007	0	0	0	0	0	0	0	0	0	0	0	0	0	0	0
S(0,2)DifEntrp	1.724438	0	0	0	0	0	0	0	0	0	0	0	0	0	0	0
_Area_S(2,2)	129032	0	0	0	0	0	0	0	0	0	0	0	0	0	0	0
S(2,2)AngScMom	0.00025348531	0	0	0	0	0	0	0	0	0	0	0	0	0	0	0
S(2,2)Contrast	668.19082	0	0	0	0	0	0	0	0	0	0	0	0	0	0	0
S(2,2)Correlat	0.0036235116	0	0	0	0	0	0	0	0	0	0	0	0	0	0	0
S(2,2)SumOfSqs	335.31041	0	0	0	0	0	0	0	0	0	0	0	0	0	0	0
S(2,2)InvDfMom	0.047332037	0	0	0	0	0	0	0	0	0	0	0	0	0	0	0
S(2,2)SumAverg	65.941084	0	0	0	0	0	0	0	0	0	0	0	0	0	0	0
S(2,2)SumVarnc	673.05083	0	0	0	0	0	0	0	0	0	0	0	0	0	0	0
S(2,2)SumEntrp	2.0203093	0	0	0	0	0	0	0	0	0	0	0	0	0	0	0
S(2,2)Entropy	3.6040258	0	0	0	0	0	0	0	0	0	0	0	0	0	0	0
S(2,2)DifVarnc	224.66067	0	0	0	0	0	0	0	0	0	0	0	0	0	0	0
S(2,2)DifEntrp	1.7229311	0	0	0	0	0	0	0	0	0	0	0	0	0	0	0
_Area_S(2,-2)	129032	0	0	0	0	0	0	0	0	0	0	0	0	0	0	0
S(2,-2)AngScMom	0.00025338008	0	0	0	0	0	0	0	0	0	0	0	0	0	0	0
S(2,-2)Contrast	667.2576	0	0	0	0	0	0	0	0	0	0	0	0	0	0	0
S(2,-2)Correlat	0.0050129834	0	0	0	0	0	0	0	0	0	0	0	0	0	0	0
S(2,-2)SumOfSqs	335.3097	0	0	0	0	0	0	0	0	0	0	0	0	0	0	0
S(2,-2)InvDfMom	0.047644098	0	0	0	0	0	0	0	0	0	0	0	0	0	0	0
S(2,-2)SumAverg	65.941642	0	0	0	0	0	0	0	0	0	0	0	0	0	0	0
S(2,-2)SumVarnc	673.9812	0	0	0	0	0	0	0	0	0	0	0	0	0	0	0
S(2,-2)SumEntrp	2.0205882	0	0	0	0	0	0	0	0	0	0	0	0	0	0	0
S(2,-2)Entropy	3.6041259	0	0	0	0	0	0	0	0	0	0	0	0	0	0	0
S(2,-2)DifVarnc	222.80904	0	0	0	0	0	0	0	0	0	0	0	0	0	0	0
S(2,-2)DifEntrp	1.7229357	0	0	0	0	0	0	0	0	0	0	0	0	0	0	0
_Area_S(3,0)	129536	0	0	0	0	0	0	0	0	0	0	0	0	0	0	0
S(3,0)AngScMom	0.00025352406	0	0	0	0	0	0	0	0	0	0	0	0	0	0	0
S(3,0)Contrast	664.93843	0	0	0	0	0	0	0	0	0	0	0	0	0	0	0
S(3,0)Correlat	0.00903333	0	0	0	0	0	0	0	0	0	0	0	0	0	0	0
S(3,0)SumOfSqs	335.49989	0	0	0	0	0	0	0	0	0	0	0	0	0	0	0
S(3,0)InvDfMom	0.047992795	0	0	0	0	0	0	0	0	0	0	0	0	0	0	0
S(3,0)SumAverg	65.938704	0	0	0	0	0	0	0	0	0	0	0	0	0	0	0
S(3,0)SumVarnc	677.06115	0	0	0	0	0	0	0	0	0	0	0	0	0	0	0
S(3,0)SumEntrp	2.0216275	0	0	0	0	0	0	0	0	0	0	0	0	0	0	0
S(3,0)Entropy	3.6039809	0	0	0	0	0	0	0	0	0	0	0	0	0	0	0
S(3,0)DifVarnc	222.09615	0	0	0	0	0	0	0	0	0	0	0	0	0	0	0
S(3,0)DifEntrp	1.7221814	0	0	0	0	0	0	0	0	0	0	0	0	0	0	0
_Area_S(0,3)	129536	0	0	0	0	0	0	0	0	0	0	0	0	0	0	0
S(0,3)AngScMom	0.00025347054	0	0	0	0	0	0	0	0	0	0	0	0	0	0	0
S(0,3)Contrast	670.43915	0	0	0	0	0	0	0	0	0	0	0	0	0	0	0
S(0,3)Correlat	0.00029697343	0	0	0	0	0	0	0	0	0	0	0	0	0	0	0
S(0,3)SumOfSqs	335.31916	0	0	0	0	0	0	0	0	0	0	0	0	0	0	0
S(0,3)InvDfMom	0.046629213	0	0	0	0	0	0	0	0	0	0	0	0	0	0	0
S(0,3)SumAverg	65.935508	0	0	0	0	0	0	0	0	0	0	0	0	0	0	0
S(0,3)SumVarnc	670.83748	0	0	0	0	0	0	0	0	0	0	0	0	0	0	0
S(0,3)SumEntrp	2.0194087	0	0	0	0	0	0	0	0	0	0	0	0	0	0	0
S(0,3)Entropy	3.6039813	0	0	0	0	0	0	0	0	0	0	0	0	0	0	0
S(0,3)DifVarnc	223.90538	0	0	0	0	0	0	0	0	0	0	0	0	0	0	0
S(0,3)DifEntrp	1.7230393	0	0	0	0	0	0	0	0	0	0	0	0	0	0	0
_Area_S(3,3)	128018	0	0	0	0	0	0	0	0	0	0	0	0	0	0	0
S(3,3)AngScMom	0.00025324542	0	0	0	0	0	0	0	0	0	0	0	0	0	0	0
S(3,3)Contrast	671.84193	0	0	0	0	0	0	0	0	0	0	0	0	0	0	0
S(3,3)Correlat	-0.0018464413	0	0	0	0	0	0	0	0	0	0	0	0	0	0	0
S(3,3)SumOfSqs	335.30185	0	0	0	0	0	0	0	0	0	0	0	0	0	0	0
S(3,3)InvDfMom	0.047388982	0	0	0	0	0	0	0	0	0	0	0	0	0	0	0
S(3,3)SumAverg	65.944695	0	0	0	0	0	0	0	0	0	0	0	0	0	0	0
S(3,3)SumVarnc	669.36547	0	0	0	0	0	0	0	0	0	0	0	0	0	0	0
S(3,3)SumEntrp	2.0193836	0	0	0	0	0	0	0	0	0	0	0	0	0	0	0
S(3,3)Entropy	3.6041985	0	0	0	0	0	0	0	0	0	0	0	0	0	0	0
S(3,3)DifVarnc	224.66768	0	0	0	0	0	0	0	0	0	0	0	0	0	0	0
S(3,3)DifEntrp	1.7238337	0	0	0	0	0	0	0	0	0	0	0	0	0	0	0
_Area_S(3,-3)	128018	0	0	0	0	0	0	0	0	0	0	0	0	0	0	0
S(3,-3)AngScMom	0.00025348449	0	0	0	0	0	0	0	0	0	0	0	0	0	0	0
S(3,-3)Contrast	669.21798	0	0	0	0	0	0	0	0	0	0	0	0	0	0	0
S(3,-3)Correlat	0.0020520376	0	0	0	0	0	0	0	0	0	0	0	0	0	0	0
S(3,-3)SumOfSqs	335.29703	0	0	0	0	0	0	0	0	0	0	0	0	0	0	0
S(3,-3)InvDfMom	0.046657803	0	0	0	0	0	0	0	0	0	0	0	0	0	0	0
S(3,-3)SumAverg	65.94632	0	0	0	0	0	0	0	0	0	0	0	0	0	0	0
S(3,-3)SumVarnc	671.97015	0	0	0	0	0	0	0	0	0	0	0	0	0	0	0
S(3,-3)SumEntrp	2.0196828	0	0	0	0	0	0	0	0	0	0	0	0	0	0	0
S(3,-3)Entropy	3.6039941	0	0	0	0	0	0	0	0	0	0	0	0	0	0	0
S(3,-3)DifVarnc	222.77421	0	0	0	0	0	0	0	0	0	0	0	0	0	0	0
S(3,-3)DifEntrp	1.7231926	0	0	0	0	0	0	0	0	0	0	0	0	0	0	0
_Area_S(4,0)	129024	0	0	0	0	0	0	0	0	0	0	0	0	0	0	0
S(4,0)AngScMom	0.00025353104	0	0	0	0	0	0	0	0	0	0	0	0	0	0	0
S(4,0)Contrast	665.57028	0	0	0	0	0	0	0	0	0	0	0	0	0	0	0
S(4,0)Correlat	0.0080455361	0	0	0	0	0	0	0	0	0	0	0	0	0	0	0
S(4,0)SumOfSqs	335.48429	0	0	0	0	0	0	0	0	0	0	0	0	0	0	0
S(4,0)InvDfMom	0.047365777	0	0	0	0	0	0	0	0	0	0	0	0	0	0	0
S(4,0)SumAverg	65.941406	0	0	0	0	0	0	0	0	0	0	0	0	0	0	0
S(4,0)SumVarnc	676.36689	0	0	0	0	0	0	0	0	0	0	0	0	0	0	0
S(4,0)SumEntrp	2.0212768	0	0	0	0	0	0	0	0	0	0	0	0	0	0	0
S(4,0)Entropy	3.6039876	0	0	0	0	0	0	0	0	0	0	0	0	0	0	0
S(4,0)DifVarnc	222.70242	0	0	0	0	0	0	0	0	0	0	0	0	0	0	0
S(4,0)DifEntrp	1.7221214	0	0	0	0	0	0	0	0	0	0	0	0	0	0	0
_Area_S(0,4)	129024	0	0	0	0	0	0	0	0	0	0	0	0	0	0	0
S(0,4)AngScMom	0.00025362306	0	0	0	0	0	0	0	0	0	0	0	0	0	0	0
S(0,4)Contrast	670.82165	0	0	0	0	0	0	0	0	0	0	0	0	0	0	0
S(0,4)Correlat	-0.00027967493	0	0	0	0	0	0	0	0	0	0	0	0	0	0	0
S(0,4)SumOfSqs	335.31704	0	0	0	0	0	0	0	0	0	0	0	0	0	0	0
S(0,4)InvDfMom	0.04674729	0	0	0	0	0	0	0	0	0	0	0	0	0	0	0
S(0,4)SumAverg	65.926587	0	0	0	0	0	0	0	0	0	0	0	0	0	0	0
S(0,4)SumVarnc	670.44653	0	0	0	0	0	0	0	0	0	0	0	0	0	0	0
S(0,4)SumEntrp	2.019707	0	0	0	0	0	0	0	0	0	0	0	0	0	0	0
S(0,4)Entropy	3.6038663	0	0	0	0	0	0	0	0	0	0	0	0	0	0	0
S(0,4)DifVarnc	223.54688	0	0	0	0	0	0	0	0	0	0	0	0	0	0	0
S(0,4)DifEntrp	1.7235766	0	0	0	0	0	0	0	0	0	0	0	0	0	0	0
_Area_S(4,4)	127008	0	0	0	0	0	0	0	0	0	0	0	0	0	0	0
S(4,4)AngScMom	0.0002534774	0	0	0	0	0	0	0	0	0	0	0	0	0	0	0
S(4,4)Contrast	668.92418	0	0	0	0	0	0	0	0	0	0	0	0	0	0	0
S(4,4)Correlat	0.0024907102	0	0	0	0	0	0	0	0	0	0	0	0	0	0	0
S(4,4)SumOfSqs	335.29722	0	0	0	0	0	0	0	0	0	0	0	0	0	0	0
S(4,4)InvDfMom	0.047736292	0	0	0	0	0	0	0	0	0	0	0	0	0	0	0
S(4,4)SumAverg	65.938004	0	0	0	0	0	0	0	0	0	0	0	0	0	0	0
S(4,4)SumVarnc	672.26469	0	0	0	0	0	0	0	0	0	0	0	0	0	0	0
S(4,4)SumEntrp	2.019833	0	0	0	0	0	0	0	0	0	0	0	0	0	0	0
S(4,4)Entropy	3.6040649	0	0	0	0	0	0	0	0	0	0	0	0	0	0	0
S(4,4)DifVarnc	224.10576	0	0	0	0	0	0	0	0	0	0	0	0	0	0	0
S(4,4)DifEntrp	1.7230752	0	0	0	0	0	0	0	0	0	0	0	0	0	0	0
_Area_S(4,-4)	127008	0	0	0	0	0	0	0	0	0	0	0	0	0	0	0
S(4,-4)AngScMom	0.00025362791	0	0	0	0	0	0	0	0	0	0	0	0	0	0	0
S(4,-4)Contrast	672.23537	0	0	0	0	0	0	0	0	0	0	0	0	0	0	0
S(4,-4)Correlat	-0.0025319679	0	0	0	0	0	0	0	0	0	0	0	0	0	0	0
S(4,-4)SumOfSqs	335.2688	0	0	0	0	0	0	0	0	0	0	0	0	0	0	0
S(4,-4)InvDfMom	0.046894907	0	0	0	0	0	0	0	0	0	0	0	0	0	0	0
S(4,-4)SumAverg	65.93961	0	0	0	0	0	0	0	0	0	0	0	0	0	0	0
S(4,-4)SumVarnc	668.83981	0	0	0	0	0	0	0	0	0	0	0	0	0	0	0
S(4,-4)SumEntrp	2.0191416	0	0	0	0	0	0	0	0	0	0	0	0	0	0	0
S(4,-4)Entropy	3.6038624	0	0	0	0	0	0	0	0	0	0	0	0	0	0	0
S(4,-4)DifVarnc	224.83067	0	0	0	0	0	0	0	0	0	0	0	0	0	0	0
S(4,-4)DifEntrp	1.7239492	0	0	0	0	0	0	0	0	0	0	0	0	0	0	0
_Area_S(5,0)	128512	0	0	0	0	0	0	0	0	0	0	0	0	0	0	0
S(5,0)AngScMom	0.00025376283	0	0	0	0	0	0	0	0	0	0	0	0	0	0	0
S(5,0)Contrast	664.61235	0	0	0	0	0	0	0	0	0	0	0	0	0	0	0
S(5,0)Correlat	0.0094244977	0	0	0	0	0	0	0	0	0	0	0	0	0	0	0
S(5,0)SumOfSqs	335.46779	0	0	0	0	0	0	0	0	0	0	0	0	0	0	0
S(5,0)InvDfMom	0.048282135	0	0	0	0	0	0	0	0	0	0	0	0	0	0	0
S(5,0)SumAverg	65.939788	0	0	0	0	0	0	0	0	0	0	0	0	0	0	0
S(5,0)SumVarnc	677.25881	0	0	0	0	0	0	0	0	0	0	0	0	0	0	0
S(5,0)SumEntrp	2.0214146	0	0	0	0	0	0	0	0	0	0	0	0	0	0	0
S(5,0)Entropy	3.6037834	0	0	0	0	0	0	0	0	0	0	0	0	0	0	0
S(5,0)DifVarnc	221.50841	0	0	0	0	0	0	0	0	0	0	0	0	0	0	0
S(5,0)DifEntrp	1.7220786	0	0	0	0	0	0	0	0	0	0	0	0	0	0	0
_Area_S(0,5)	128512	0	0	0	0	0	0	0	0	0	0	0	0	0	0	0
S(0,5)AngScMom	0.00025382617	0	0	0	0	0	0	0	0	0	0	0	0	0	0	0
S(0,5)Contrast	664.46204	0	0	0	0	0	0	0	0	0	0	0	0	0	0	0
S(0,5)Correlat	0.0089958403	0	0	0	0	0	0	0	0	0	0	0	0	0	0	0
S(0,5)SumOfSqs	335.24685	0	0	0	0	0	0	0	0	0	0	0	0	0	0	0
S(0,5)InvDfMom	0.047683297	0	0	0	0	0	0	0	0	0	0	0	0	0	0	0
S(0,5)SumAverg	65.915385	0	0	0	0	0	0	0	0	0	0	0	0	0	0	0
S(0,5)SumVarnc	676.52535	0	0	0	0	0	0	0	0	0	0	0	0	0	0	0
S(0,5)SumEntrp	2.0210496	0	0	0	0	0	0	0	0	0	0	0	0	0	0	0
S(0,5)Entropy	3.6036774	0	0	0	0	0	0	0	0	0	0	0	0	0	0	0
S(0,5)DifVarnc	222.39139	0	0	0	0	0	0	0	0	0	0	0	0	0	0	0
S(0,5)DifEntrp	1.7220062	0	0	0	0	0	0	0	0	0	0	0	0	0	0	0
_Area_S(5,5)	126002	0	0	0	0	0	0	0	0	0	0	0	0	0	0	0
S(5,5)AngScMom	0.0002541426	0	0	0	0	0	0	0	0	0	0	0	0	0	0	0
S(5,5)Contrast	669.64537	0	0	0	0	0	0	0	0	0	0	0	0	0	0	0
S(5,5)Correlat	0.0011316172	0	0	0	0	0	0	0	0	0	0	0	0	0	0	0
S(5,5)SumOfSqs	335.20201	0	0	0	0	0	0	0	0	0	0	0	0	0	0	0
S(5,5)InvDfMom	0.046902414	0	0	0	0	0	0	0	0	0	0	0	0	0	0	0
S(5,5)SumAverg	65.924223	0	0	0	0	0	0	0	0	0	0	0	0	0	0	0
S(5,5)SumVarnc	671.16265	0	0	0	0	0	0	0	0	0	0	0	0	0	0	0
S(5,5)SumEntrp	2.0195624	0	0	0	0	0	0	0	0	0	0	0	0	0	0	0
S(5,5)Entropy	3.6033576	0	0	0	0	0	0	0	0	0	0	0	0	0	0	0
S(5,5)DifVarnc	223.26045	0	0	0	0	0	0	0	0	0	0	0	0	0	0	0
S(5,5)DifEntrp	1.7234122	0	0	0	0	0	0	0	0	0	0	0	0	0	0	0
_Area_S(5,-5)	126002	0	0	0	0	0	0	0	0	0	0	0	0	0	0	0
S(5,-5)AngScMom	0.00025394608	0	0	0	0	0	0	0	0	0	0	0	0	0	0	0
S(5,-5)Contrast	664.80978	0	0	0	0	0	0	0	0	0	0	0	0	0	0	0
S(5,-5)Correlat	0.0083106554	0	0	0	0	0	0	0	0	0	0	0	0	0	0	0
S(5,-5)SumOfSqs	335.19054	0	0	0	0	0	0	0	0	0	0	0	0	0	0	0
S(5,-5)InvDfMom	0.048293826	0	0	0	0	0	0	0	0	0	0	0	0	0	0	0
S(5,-5)SumAverg	65.925223	0	0	0	0	0	0	0	0	0	0	0	0	0	0	0
S(5,-5)SumVarnc	675.95239	0	0	0	0	0	0	0	0	0	0	0	0	0	0	0
S(5,-5)SumEntrp	2.0210251	0	0	0	0	0	0	0	0	0	0	0	0	0	0	0
S(5,-5)Entropy	3.6035888	0	0	0	0	0	0	0	0	0	0	0	0	0	0	0
S(5,-5)DifVarnc	222.27647	0	0	0	0	0	0	0	0	0	0	0	0	0	0	0
S(5,-5)DifEntrp	1.722041	0	0	0	0	0	0	0	0	0	0	0	0	0	0	0
Horzl_RLNonUni	62090.093	0	0	0	0	0	0	0	0	0	0	0	0	0	0	0
Horzl_GLevNonU	1009.1165	0	0	0	0	0	0	0	0	0	0	0	0	0	0	0
Horzl_LngREmph	1.0562842	0	0	0	0	0	0	0	0	0	0	0	0	0	0	0
Horzl_ShrtREmp	0.98651708	0	0	0	0	0	0	0	0	0	0	0	0	0	0	0
Horzl_Fraction	0.98193359	0	0	0	0	0	0	0	0	0	0	0	0	0	0	0
Vertl_RLNonUni	62363.639	0	0	0	0	0	0	0	0	0	0	0	0	0	0	0
Vertl_GLevNonU	1010.7571	0	0	0	0	0	0	0	0	0	0	0	0	0	0	0
Vertl_LngREmph	1.050685	0	0	0	0	0	0	0	0	0	0	0	0	0	0	0
Vertl_ShrtREmp	0.98758733	0	0	0	0	0	0	0	0	0	0	0	0	0	0	0
Vertl_Fraction	0.98353577	0	0	0	0	0	0	0	0	0	0	0	0	0	0	0
45dgr_RLNonUni	62563.292	0	0	0	0	0	0	0	0	0	0	0	0	0	0	0
45dgr_GLevNonU	1011.7343	0	0	0	0	0	0	0	0	0	0	0	0	0	0	0
45dgr_LngREmph	1.04747	0	0	0	0	0	0	0	0	0	0	0	0	0	0	0
45dgr_ShrtREmp	0.9883908	0	0	0	0	0	0	0	0	0	0	0	0	0	0	0
45dgr_Fraction	0.98457336	0	0	0	0	0	0	0	0	0	0	0	0	0	0	0
135dr_RLNonUni	62607.373	0	0	0	0	0	0	0	0	0	0	0	0	0	0	0
135dr_GLevNonU	1011.9976	0	0	0	0	0	0	0	0	0	0	0	0	0	0	0
135dr_LngREmph	1.0467617	0	0	0	0	0	0	0	0	0	0	0	0	0	0	0
135dr_ShrtREmp	0.98856781	0	0	0	0	0	0	0	0	0	0	0	0	0	0	0
135dr_Fraction	0.98480225	0	0	0	0	0	0	0	0	0	0	0	0	0	0	0
_AreaGr	64516	0	0	0	0	0	0	0	0	0	0	0	0	0	0	0
GrMean	8.2447155	0	0	0	0	0	0	0	0	0	0	0	0	0	0	0
GrVariance	15.479717	0	0	0	0	0	0	0	0	0	0	0	0	0	0	0
GrSkewness	0.18105058	0	0	0	0	0	0	0	0	0	0	0	0	0	0	0
GrKurtosis	-0.66882486	0	0	0	0	0	0	0	0	0	0	0	0	0	0	0
GrNonZeros	0.99640399	0	0	0	0	0	0	0	0	0	0	0	0	0	0	0
_AreaARM	64770	0	0	0	0	0	0	0	0	0	0	0	0	0	0	0
Teta1	0.018825763	0	0	0	0	0	0	0	0	0	0	0	0	0	0	0
Teta2	-0.0024283545	0	0	0	0	0	0	0	0	0	0	0	0	0	0	0
Teta3	0.0070820752	0	0	0	0	0	0	0	0	0	0	0	0	0	0	0
Teta4	0.0012206334	0	0	0	0	0	0	0	0	0	0	0	0	0	0	0
Sigma	0.99917132	0	0	0	0	0	0	0	0	0	0	0	0	0	0	0
WavEnLL_s-1	18117.738	0	0	0	0	0	0	0	0	0	0	0	0	0	0	0
WavEnLH_s-1	1376.1585	0	0	0	0	0	0	0	0	0	0	0	0	0	0	0
WavEnHL_s-1	1327.5763	0	0	0	0	0	0	0	0	0	0	0	0	0	0	0
WavEnHH_s-1	1290.5644	0	0	0	0	0	0	0	0	0	0	0	0	0	0	0
WavEnLL_s-2	17087.817	0	0	0	0	0	0	0	0	0	0	0	0	0	0	0
WavEnLH_s-2	353.58463	0	0	0	0	0	0	0	0	0	0	0	0	0	0	0
WavEnHL_s-2	336.62738	0	0	0	0	0	0	0	0	0	0	0	0	0	0	0
WavEnHH_s-2	339.7095	0	0	0	0	0	0	0	0	0	0	0	0	0	0	0
WavEnLL_s-3	16824.132	0	0	0	0	0	0	0	0	0	0	0	0	0	0	0
WavEnLH_s-3	86.877312	0	0	0	0	0	0	0	0	0	0	0	0	0	0	0
WavEnHL_s-3	94.216981	0	0	0	0	0	0	0	0	0	0	0	0	0	0	0
WavEnHH_s-3	82.590013	0	0	0	0	0	0	0	0	0	0	0	0	0	0	0
WavEnLL_s-4	16762.632	0	0	0	0	0	0	0	0	0	0	0	0	0	0	0
WavEnLH_s-4	23.058652	0	0	0	0	0	0	0	0	0	0	0	0	0	0	0
WavEnHL_s-4	20.243279	0	0	0	0	0	0	0	0	0	0	0	0	0	0	0
WavEnHH_s-4	18.198407	0	0	0	0	0	0	0	0	0	0	0	0	0	0	0
