Image File: canvas1-a-p035.png 
ROI File: allred.roi 
Image size: 256 x 256
Min. lum.: 1
Max. lum.: 256
Bits/pixel: 8

Normalisation =  No
Histogram analysis = Yes
CO matrix analysis = Yes, Dimensions = 6 x 6, Distances = 1 2 3 4 5
RL matrix analysis = Yes, Dimension = 6
Gradient analysis = Yes, Max pixel value = 16
AR model analysis = Yes
Wavelet analysis = Yes

--------------- CLASS NAMES ----------------

----------------- FEATURES -----------------
_Area	65536	0	0	0	0	0	0	0	0	0	0	0	0	0	0	0
Mean	130.27187	0	0	0	0	0	0	0	0	0	0	0	0	0	0	0
Variance	5403.7327	0	0	0	0	0	0	0	0	0	0	0	0	0	0	0
Skewness	-0.019964022	0	0	0	0	0	0	0	0	0	0	0	0	0	0	0
Kurtosis	-1.1881153	0	0	0	0	0	0	0	0	0	0	0	0	0	0	0
Perc.01%	3	0	0	0	0	0	0	0	0	0	0	0	0	0	0	0
Perc.10%	28	0	0	0	0	0	0	0	0	0	0	0	0	0	0	0
Perc.50%	130	0	0	0	0	0	0	0	0	0	0	0	0	0	0	0
Perc.90%	232	0	0	0	0	0	0	0	0	0	0	0	0	0	0	0
Perc.99%	254	0	0	0	0	0	0	0	0	0	0	0	0	0	0	0
_Area_S(1,0)	130560	0	0	0	0	0	0	0	0	0	0	0	0	0	0	0
S(1,0)AngScMom	0.00025496152	0	0	0	0	0	0	0	0	0	0	0	0	0	0	0
S(1,0)Contrast	654.48787	0	0	0	0	0	0	0	0	0	0	0	0	0	0	0
S(1,0)Correlat	0.030608718	0	0	0	0	0	0	0	0	0	0	0	0	0	0	0
S(1,0)SumOfSqs	337.57672	0	0	0	0	0	0	0	0	0	0	0	0	0	0	0
S(1,0)InvDfMom	0.049315751	0	0	0	0	0	0	0	0	0	0	0	0	0	0	0
S(1,0)SumAverg	65.861642	0	0	0	0	0	0	0	0	0	0	0	0	0	0	0
S(1,0)SumVarnc	695.81903	0	0	0	0	0	0	0	0	0	0	0	0	0	0	0
S(1,0)SumEntrp	2.0270971	0	0	0	0	0	0	0	0	0	0	0	0	0	0	0
S(1,0)Entropy	3.602767	0	0	0	0	0	0	0	0	0	0	0	0	0	0	0
S(1,0)DifVarnc	219.28742	0	0	0	0	0	0	0	0	0	0	0	0	0	0	0
S(1,0)DifEntrp	1.7192255	0	0	0	0	0	0	0	0	0	0	0	0	0	0	0
_Area_S(0,1)	130560	0	0	0	0	0	0	0	0	0	0	0	0	0	0	0
S(0,1)AngScMom	0.00025318854	0	0	0	0	0	0	0	0	0	0	0	0	0	0	0
S(0,1)Contrast	677.62914	0	0	0	0	0	0	0	0	0	0	0	0	0	0	0
S(0,1)Correlat	-0.0046028249	0	0	0	0	0	0	0	0	0	0	0	0	0	0	0
S(0,1)SumOfSqs	337.26221	0	0	0	0	0	0	0	0	0	0	0	0	0	0	0
S(0,1)InvDfMom	0.046459851	0	0	0	0	0	0	0	0	0	0	0	0	0	0	0
S(0,1)SumAverg	65.887653	0	0	0	0	0	0	0	0	0	0	0	0	0	0	0
S(0,1)SumVarnc	671.4197	0	0	0	0	0	0	0	0	0	0	0	0	0	0	0
S(0,1)SumEntrp	2.0196929	0	0	0	0	0	0	0	0	0	0	0	0	0	0	0
S(0,1)Entropy	3.6042366	0	0	0	0	0	0	0	0	0	0	0	0	0	0	0
S(0,1)DifVarnc	224.74536	0	0	0	0	0	0	0	0	0	0	0	0	0	0	0
S(0,1)DifEntrp	1.7252741	0	0	0	0	0	0	0	0	0	0	0	0	0	0	0
_Area_S(1,1)	130050	0	0	0	0	0	0	0	0	0	0	0	0	0	0	0
S(1,1)AngScMom	0.00025348734	0	0	0	0	0	0	0	0	0	0	0	0	0	0	0
S(1,1)Contrast	673.12332	0	0	0	0	0	0	0	0	0	0	0	0	0	0	0
S(1,1)Correlat	0.0022285069	0	0	0	0	0	0	0	0	0	0	0	0	0	0	0
S(1,1)SumOfSqs	337.31337	0	0	0	0	0	0	0	0	0	0	0	0	0	0	0
S(1,1)InvDfMom	0.047256475	0	0	0	0	0	0	0	0	0	0	0	0	0	0	0
S(1,1)SumAverg	65.875156	0	0	0	0	0	0	0	0	0	0	0	0	0	0	0
S(1,1)SumVarnc	676.13014	0	0	0	0	0	0	0	0	0	0	0	0	0	0	0
S(1,1)SumEntrp	2.0208807	0	0	0	0	0	0	0	0	0	0	0	0	0	0	0
S(1,1)Entropy	3.6039716	0	0	0	0	0	0	0	0	0	0	0	0	0	0	0
S(1,1)DifVarnc	225.02425	0	0	0	0	0	0	0	0	0	0	0	0	0	0	0
S(1,1)DifEntrp	1.7240201	0	0	0	0	0	0	0	0	0	0	0	0	0	0	0
_Area_S(1,-1)	130050	0	0	0	0	0	0	0	0	0	0	0	0	0	0	0
S(1,-1)AngScMom	0.00025314736	0	0	0	0	0	0	0	0	0	0	0	0	0	0	0
S(1,-1)Contrast	676.66416	0	0	0	0	0	0	0	0	0	0	0	0	0	0	0
S(1,-1)Correlat	-0.0030351184	0	0	0	0	0	0	0	0	0	0	0	0	0	0	0
S(1,-1)SumOfSqs	337.30831	0	0	0	0	0	0	0	0	0	0	0	0	0	0	0
S(1,-1)InvDfMom	0.047180143	0	0	0	0	0	0	0	0	0	0	0	0	0	0	0
S(1,-1)SumAverg	65.874587	0	0	0	0	0	0	0	0	0	0	0	0	0	0	0
S(1,-1)SumVarnc	672.56908	0	0	0	0	0	0	0	0	0	0	0	0	0	0	0
S(1,-1)SumEntrp	2.0202168	0	0	0	0	0	0	0	0	0	0	0	0	0	0	0
S(1,-1)Entropy	3.604319	0	0	0	0	0	0	0	0	0	0	0	0	0	0	0
S(1,-1)DifVarnc	224.22427	0	0	0	0	0	0	0	0	0	0	0	0	0	0	0
S(1,-1)DifEntrp	1.7252376	0	0	0	0	0	0	0	0	0	0	0	0	0	0	0
_Area_S(2,0)	130048	0	0	0	0	0	0	0	0	0	0	0	0	0	0	0
S(2,0)AngScMom	0.0002535966	0	0	0	0	0	0	0	0	0	0	0	0	0	0	0
S(2,0)Contrast	660.61983	0	0	0	0	0	0	0	0	0	0	0	0	0	0	0
S(2,0)Correlat	0.02148077	0	0	0	0	0	0	0	0	0	0	0	0	0	0	0
S(2,0)SumOfSqs	337.56099	0	0	0	0	0	0	0	0	0	0	0	0	0	0	0
S(2,0)InvDfMom	0.048580202	0	0	0	0	0	0	0	0	0	0	0	0	0	0	0
S(2,0)SumAverg	65.850271	0	0	0	0	0	0	0	0	0	0	0	0	0	0	0
S(2,0)SumVarnc	689.62411	0	0	0	0	0	0	0	0	0	0	0	0	0	0	0
S(2,0)SumEntrp	2.025199	0	0	0	0	0	0	0	0	0	0	0	0	0	0	0
S(2,0)Entropy	3.6038813	0	0	0	0	0	0	0	0	0	0	0	0	0	0	0
S(2,0)DifVarnc	222.28858	0	0	0	0	0	0	0	0	0	0	0	0	0	0	0
S(2,0)DifEntrp	1.7210575	0	0	0	0	0	0	0	0	0	0	0	0	0	0	0
_Area_S(0,2)	130048	0	0	0	0	0	0	0	0	0	0	0	0	0	0	0
S(0,2)AngScMom	0.00025332804	0	0	0	0	0	0	0	0	0	0	0	0	0	0	0
S(0,2)Contrast	675.83111	0	0	0	0	0	0	0	0	0	0	0	0	0	0	0
S(0,2)Correlat	-0.0022120686	0	0	0	0	0	0	0	0	0	0	0	0	0	0	0
S(0,2)SumOfSqs	337.16971	0	0	0	0	0	0	0	0	0	0	0	0	0	0	0
S(0,2)InvDfMom	0.046731859	0	0	0	0	0	0	0	0	0	0	0	0	0	0	0
S(0,2)SumAverg	65.897238	0	0	0	0	0	0	0	0	0	0	0	0	0	0	0
S(0,2)SumVarnc	672.84774	0	0	0	0	0	0	0	0	0	0	0	0	0	0	0
S(0,2)SumEntrp	2.0202072	0	0	0	0	0	0	0	0	0	0	0	0	0	0	0
S(0,2)Entropy	3.6041786	0	0	0	0	0	0	0	0	0	0	0	0	0	0	0
S(0,2)DifVarnc	225.1845	0	0	0	0	0	0	0	0	0	0	0	0	0	0	0
S(0,2)DifEntrp	1.7248727	0	0	0	0	0	0	0	0	0	0	0	0	0	0	0
_Area_S(2,2)	129032	0	0	0	0	0	0	0	0	0	0	0	0	0	0	0
S(2,2)AngScMom	0.00025270173	0	0	0	0	0	0	0	0	0	0	0	0	0	0	0
S(2,2)Contrast	678.16822	0	0	0	0	0	0	0	0	0	0	0	0	0	0	0
S(2,2)Correlat	-0.0055911025	0	0	0	0	0	0	0	0	0	0	0	0	0	0	0
S(2,2)SumOfSqs	337.1988	0	0	0	0	0	0	0	0	0	0	0	0	0	0	0
S(2,2)InvDfMom	0.046843623	0	0	0	0	0	0	0	0	0	0	0	0	0	0	0
S(2,2)SumAverg	65.87307	0	0	0	0	0	0	0	0	0	0	0	0	0	0	0
S(2,2)SumVarnc	670.62697	0	0	0	0	0	0	0	0	0	0	0	0	0	0	0
S(2,2)SumEntrp	2.0196455	0	0	0	0	0	0	0	0	0	0	0	0	0	0	0
S(2,2)Entropy	3.6046899	0	0	0	0	0	0	0	0	0	0	0	0	0	0	0
S(2,2)DifVarnc	225.5234	0	0	0	0	0	0	0	0	0	0	0	0	0	0	0
S(2,2)DifEntrp	1.7256057	0	0	0	0	0	0	0	0	0	0	0	0	0	0	0
_Area_S(2,-2)	129032	0	0	0	0	0	0	0	0	0	0	0	0	0	0	0
S(2,-2)AngScMom	0.00025240418	0	0	0	0	0	0	0	0	0	0	0	0	0	0	0
S(2,-2)Contrast	674.59458	0	0	0	0	0	0	0	0	0	0	0	0	0	0	0
S(2,-2)Correlat	-0.00029644946	0	0	0	0	0	0	0	0	0	0	0	0	0	0	0
S(2,-2)SumOfSqs	337.19733	0	0	0	0	0	0	0	0	0	0	0	0	0	0	0
S(2,-2)InvDfMom	0.046514325	0	0	0	0	0	0	0	0	0	0	0	0	0	0	0
S(2,-2)SumAverg	65.873489	0	0	0	0	0	0	0	0	0	0	0	0	0	0	0
S(2,-2)SumVarnc	674.19473	0	0	0	0	0	0	0	0	0	0	0	0	0	0	0
S(2,-2)SumEntrp	2.0205807	0	0	0	0	0	0	0	0	0	0	0	0	0	0	0
S(2,-2)Entropy	3.6049806	0	0	0	0	0	0	0	0	0	0	0	0	0	0	0
S(2,-2)DifVarnc	225.03444	0	0	0	0	0	0	0	0	0	0	0	0	0	0	0
S(2,-2)DifEntrp	1.7247455	0	0	0	0	0	0	0	0	0	0	0	0	0	0	0
_Area_S(3,0)	129536	0	0	0	0	0	0	0	0	0	0	0	0	0	0	0
S(3,0)AngScMom	0.00025296719	0	0	0	0	0	0	0	0	0	0	0	0	0	0	0
S(3,0)Contrast	669.31298	0	0	0	0	0	0	0	0	0	0	0	0	0	0	0
S(3,0)Correlat	0.0086928329	0	0	0	0	0	0	0	0	0	0	0	0	0	0	0
S(3,0)SumOfSqs	337.59111	0	0	0	0	0	0	0	0	0	0	0	0	0	0	0
S(3,0)InvDfMom	0.048468886	0	0	0	0	0	0	0	0	0	0	0	0	0	0	0
S(3,0)SumAverg	65.848768	0	0	0	0	0	0	0	0	0	0	0	0	0	0	0
S(3,0)SumVarnc	681.05147	0	0	0	0	0	0	0	0	0	0	0	0	0	0	0
S(3,0)SumEntrp	2.0226866	0	0	0	0	0	0	0	0	0	0	0	0	0	0	0
S(3,0)Entropy	3.6045068	0	0	0	0	0	0	0	0	0	0	0	0	0	0	0
S(3,0)DifVarnc	224.14715	0	0	0	0	0	0	0	0	0	0	0	0	0	0	0
S(3,0)DifEntrp	1.7232379	0	0	0	0	0	0	0	0	0	0	0	0	0	0	0
_Area_S(0,3)	129536	0	0	0	0	0	0	0	0	0	0	0	0	0	0	0
S(0,3)AngScMom	0.00025317113	0	0	0	0	0	0	0	0	0	0	0	0	0	0	0
S(0,3)Contrast	672.15606	0	0	0	0	0	0	0	0	0	0	0	0	0	0	0
S(0,3)Correlat	0.0029000345	0	0	0	0	0	0	0	0	0	0	0	0	0	0	0
S(0,3)SumOfSqs	337.0555	0	0	0	0	0	0	0	0	0	0	0	0	0	0	0
S(0,3)InvDfMom	0.046507837	0	0	0	0	0	0	0	0	0	0	0	0	0	0	0
S(0,3)SumAverg	65.916811	0	0	0	0	0	0	0	0	0	0	0	0	0	0	0
S(0,3)SumVarnc	676.06596	0	0	0	0	0	0	0	0	0	0	0	0	0	0	0
S(0,3)SumEntrp	2.0207339	0	0	0	0	0	0	0	0	0	0	0	0	0	0	0
S(0,3)Entropy	3.6043223	0	0	0	0	0	0	0	0	0	0	0	0	0	0	0
S(0,3)DifVarnc	223.94438	0	0	0	0	0	0	0	0	0	0	0	0	0	0	0
S(0,3)DifEntrp	1.7239338	0	0	0	0	0	0	0	0	0	0	0	0	0	0	0
_Area_S(3,3)	128018	0	0	0	0	0	0	0	0	0	0	0	0	0	0	0
S(3,3)AngScMom	0.00025326177	0	0	0	0	0	0	0	0	0	0	0	0	0	0	0
S(3,3)Contrast	675.01695	0	0	0	0	0	0	0	0	0	0	0	0	0	0	0
S(3,3)Correlat	-0.0012022232	0	0	0	0	0	0	0	0	0	0	0	0	0	0	0
S(3,3)SumOfSqs	337.1032	0	0	0	0	0	0	0	0	0	0	0	0	0	0	0
S(3,3)InvDfMom	0.047074559	0	0	0	0	0	0	0	0	0	0	0	0	0	0	0
S(3,3)SumAverg	65.891859	0	0	0	0	0	0	0	0	0	0	0	0	0	0	0
S(3,3)SumVarnc	673.39586	0	0	0	0	0	0	0	0	0	0	0	0	0	0	0
S(3,3)SumEntrp	2.0202054	0	0	0	0	0	0	0	0	0	0	0	0	0	0	0
S(3,3)Entropy	3.6041748	0	0	0	0	0	0	0	0	0	0	0	0	0	0	0
S(3,3)DifVarnc	224.68809	0	0	0	0	0	0	0	0	0	0	0	0	0	0	0
S(3,3)DifEntrp	1.7248215	0	0	0	0	0	0	0	0	0	0	0	0	0	0	0
_Area_S(3,-3)	128018	0	0	0	0	0	0	0	0	0	0	0	0	0	0	0
S(3,-3)AngScMom	0.00025329887	0	0	0	0	0	0	0	0	0	0	0	0	0	0	0
S(3,-3)Contrast	676.46308	0	0	0	0	0	0	0	0	0	0	0	0	0	0	0
S(3,-3)Correlat	-0.0033191472	0	0	0	0	0	0	0	0	0	0	0	0	0	0	0
S(3,-3)SumOfSqs	337.11261	0	0	0	0	0	0	0	0	0	0	0	0	0	0	0
S(3,-3)InvDfMom	0.046723392	0	0	0	0	0	0	0	0	0	0	0	0	0	0	0
S(3,-3)SumAverg	65.892375	0	0	0	0	0	0	0	0	0	0	0	0	0	0	0
S(3,-3)SumVarnc	671.98737	0	0	0	0	0	0	0	0	0	0	0	0	0	0	0
S(3,-3)SumEntrp	2.0198256	0	0	0	0	0	0	0	0	0	0	0	0	0	0	0
S(3,-3)Entropy	3.6041453	0	0	0	0	0	0	0	0	0	0	0	0	0	0	0
S(3,-3)DifVarnc	226.57902	0	0	0	0	0	0	0	0	0	0	0	0	0	0	0
S(3,-3)DifEntrp	1.7250565	0	0	0	0	0	0	0	0	0	0	0	0	0	0	0
_Area_S(4,0)	129024	0	0	0	0	0	0	0	0	0	0	0	0	0	0	0
S(4,0)AngScMom	0.00025307294	0	0	0	0	0	0	0	0	0	0	0	0	0	0	0
S(4,0)Contrast	671.57076	0	0	0	0	0	0	0	0	0	0	0	0	0	0	0
S(4,0)Correlat	0.0052749444	0	0	0	0	0	0	0	0	0	0	0	0	0	0	0
S(4,0)SumOfSqs	337.56602	0	0	0	0	0	0	0	0	0	0	0	0	0	0	0
S(4,0)InvDfMom	0.047281661	0	0	0	0	0	0	0	0	0	0	0	0	0	0	0
S(4,0)SumAverg	65.867482	0	0	0	0	0	0	0	0	0	0	0	0	0	0	0
S(4,0)SumVarnc	678.69333	0	0	0	0	0	0	0	0	0	0	0	0	0	0	0
S(4,0)SumEntrp	2.0219799	0	0	0	0	0	0	0	0	0	0	0	0	0	0	0
S(4,0)Entropy	3.6043735	0	0	0	0	0	0	0	0	0	0	0	0	0	0	0
S(4,0)DifVarnc	224.48808	0	0	0	0	0	0	0	0	0	0	0	0	0	0	0
S(4,0)DifEntrp	1.7242008	0	0	0	0	0	0	0	0	0	0	0	0	0	0	0
_Area_S(0,4)	129024	0	0	0	0	0	0	0	0	0	0	0	0	0	0	0
S(0,4)AngScMom	0.00025340994	0	0	0	0	0	0	0	0	0	0	0	0	0	0	0
S(0,4)Contrast	672.07172	0	0	0	0	0	0	0	0	0	0	0	0	0	0	0
S(0,4)Correlat	0.0027819339	0	0	0	0	0	0	0	0	0	0	0	0	0	0	0
S(0,4)SumOfSqs	336.9733	0	0	0	0	0	0	0	0	0	0	0	0	0	0	0
S(0,4)InvDfMom	0.046765621	0	0	0	0	0	0	0	0	0	0	0	0	0	0	0
S(0,4)SumAverg	65.936988	0	0	0	0	0	0	0	0	0	0	0	0	0	0	0
S(0,4)SumVarnc	675.82147	0	0	0	0	0	0	0	0	0	0	0	0	0	0	0
S(0,4)SumEntrp	2.0210678	0	0	0	0	0	0	0	0	0	0	0	0	0	0	0
S(0,4)Entropy	3.6040523	0	0	0	0	0	0	0	0	0	0	0	0	0	0	0
S(0,4)DifVarnc	225.29315	0	0	0	0	0	0	0	0	0	0	0	0	0	0	0
S(0,4)DifEntrp	1.7237406	0	0	0	0	0	0	0	0	0	0	0	0	0	0	0
_Area_S(4,4)	127008	0	0	0	0	0	0	0	0	0	0	0	0	0	0	0
S(4,4)AngScMom	0.00025377186	0	0	0	0	0	0	0	0	0	0	0	0	0	0	0
S(4,4)Contrast	673.31922	0	0	0	0	0	0	0	0	0	0	0	0	0	0	0
S(4,4)Correlat	0.0010614526	0	0	0	0	0	0	0	0	0	0	0	0	0	0	0
S(4,4)SumOfSqs	337.01734	0	0	0	0	0	0	0	0	0	0	0	0	0	0	0
S(4,4)InvDfMom	0.046085142	0	0	0	0	0	0	0	0	0	0	0	0	0	0	0
S(4,4)SumAverg	65.932729	0	0	0	0	0	0	0	0	0	0	0	0	0	0	0
S(4,4)SumVarnc	674.75014	0	0	0	0	0	0	0	0	0	0	0	0	0	0	0
S(4,4)SumEntrp	2.0203398	0	0	0	0	0	0	0	0	0	0	0	0	0	0	0
S(4,4)Entropy	3.6037342	0	0	0	0	0	0	0	0	0	0	0	0	0	0	0
S(4,4)DifVarnc	225.20878	0	0	0	0	0	0	0	0	0	0	0	0	0	0	0
S(4,4)DifEntrp	1.7240707	0	0	0	0	0	0	0	0	0	0	0	0	0	0	0
_Area_S(4,-4)	127008	0	0	0	0	0	0	0	0	0	0	0	0	0	0	0
S(4,-4)AngScMom	0.00025345595	0	0	0	0	0	0	0	0	0	0	0	0	0	0	0
S(4,-4)Contrast	672.43665	0	0	0	0	0	0	0	0	0	0	0	0	0	0	0
S(4,-4)Correlat	0.0023396188	0	0	0	0	0	0	0	0	0	0	0	0	0	0	0
S(4,-4)SumOfSqs	337.00679	0	0	0	0	0	0	0	0	0	0	0	0	0	0	0
S(4,-4)InvDfMom	0.047805626	0	0	0	0	0	0	0	0	0	0	0	0	0	0	0
S(4,-4)SumAverg	65.932115	0	0	0	0	0	0	0	0	0	0	0	0	0	0	0
S(4,-4)SumVarnc	675.59052	0	0	0	0	0	0	0	0	0	0	0	0	0	0	0
S(4,-4)SumEntrp	2.0206499	0	0	0	0	0	0	0	0	0	0	0	0	0	0	0
S(4,-4)Entropy	3.6040277	0	0	0	0	0	0	0	0	0	0	0	0	0	0	0
S(4,-4)DifVarnc	225.15585	0	0	0	0	0	0	0	0	0	0	0	0	0	0	0
S(4,-4)DifEntrp	1.7239415	0	0	0	0	0	0	0	0	0	0	0	0	0	0	0
_Area_S(5,0)	128512	0	0	0	0	0	0	0	0	0	0	0	0	0	0	0
S(5,0)AngScMom	0.00025354873	0	0	0	0	0	0	0	0	0	0	0	0	0	0	0
S(5,0)Contrast	670.26094	0	0	0	0	0	0	0	0	0	0	0	0	0	0	0
S(5,0)Correlat	0.0073723761	0	0	0	0	0	0	0	0	0	0	0	0	0	0	0
S(5,0)SumOfSqs	337.61953	0	0	0	0	0	0	0	0	0	0	0	0	0	0	0
S(5,0)InvDfMom	0.047394762	0	0	0	0	0	0	0	0	0	0	0	0	0	0	0
S(5,0)SumAverg	65.872028	0	0	0	0	0	0	0	0	0	0	0	0	0	0	0
S(5,0)SumVarnc	680.21717	0	0	0	0	0	0	0	0	0	0	0	0	0	0	0
S(5,0)SumEntrp	2.0222946	0	0	0	0	0	0	0	0	0	0	0	0	0	0	0
S(5,0)Entropy	3.6039125	0	0	0	0	0	0	0	0	0	0	0	0	0	0	0
S(5,0)DifVarnc	223.33294	0	0	0	0	0	0	0	0	0	0	0	0	0	0	0
S(5,0)DifEntrp	1.7236101	0	0	0	0	0	0	0	0	0	0	0	0	0	0	0
_Area_S(0,5)	128512	0	0	0	0	0	0	0	0	0	0	0	0	0	0	0
S(0,5)AngScMom	0.00025349157	0	0	0	0	0	0	0	0	0	0	0	0	0	0	0
S(0,5)Contrast	672.1107	0	0	0	0	0	0	0	0	0	0	0	0	0	0	0
S(0,5)Correlat	0.0028498337	0	0	0	0	0	0	0	0	0	0	0	0	0	0	0
S(0,5)SumOfSqs	337.01579	0	0	0	0	0	0	0	0	0	0	0	0	0	0	0
S(0,5)InvDfMom	0.04753795	0	0	0	0	0	0	0	0	0	0	0	0	0	0	0
S(0,5)SumAverg	65.940939	0	0	0	0	0	0	0	0	0	0	0	0	0	0	0
S(0,5)SumVarnc	675.95245	0	0	0	0	0	0	0	0	0	0	0	0	0	0	0
S(0,5)SumEntrp	2.0211464	0	0	0	0	0	0	0	0	0	0	0	0	0	0	0
S(0,5)Entropy	3.6039864	0	0	0	0	0	0	0	0	0	0	0	0	0	0	0
S(0,5)DifVarnc	225.5761	0	0	0	0	0	0	0	0	0	0	0	0	0	0	0
S(0,5)DifEntrp	1.724019	0	0	0	0	0	0	0	0	0	0	0	0	0	0	0
_Area_S(5,5)	126002	0	0	0	0	0	0	0	0	0	0	0	0	0	0	0
S(5,5)AngScMom	0.00025364274	0	0	0	0	0	0	0	0	0	0	0	0	0	0	0
S(5,5)Contrast	672.05606	0	0	0	0	0	0	0	0	0	0	0	0	0	0	0
S(5,5)Correlat	0.0032019375	0	0	0	0	0	0	0	0	0	0	0	0	0	0	0
S(5,5)SumOfSqs	337.10743	0	0	0	0	0	0	0	0	0	0	0	0	0	0	0
S(5,5)InvDfMom	0.046610117	0	0	0	0	0	0	0	0	0	0	0	0	0	0	0
S(5,5)SumAverg	65.941493	0	0	0	0	0	0	0	0	0	0	0	0	0	0	0
S(5,5)SumVarnc	676.37365	0	0	0	0	0	0	0	0	0	0	0	0	0	0	0
S(5,5)SumEntrp	2.0209723	0	0	0	0	0	0	0	0	0	0	0	0	0	0	0
S(5,5)Entropy	3.603812	0	0	0	0	0	0	0	0	0	0	0	0	0	0	0
S(5,5)DifVarnc	224.94916	0	0	0	0	0	0	0	0	0	0	0	0	0	0	0
S(5,5)DifEntrp	1.7236847	0	0	0	0	0	0	0	0	0	0	0	0	0	0	0
_Area_S(5,-5)	126002	0	0	0	0	0	0	0	0	0	0	0	0	0	0	0
S(5,-5)AngScMom	0.00025315649	0	0	0	0	0	0	0	0	0	0	0	0	0	0	0
S(5,-5)Contrast	676.08489	0	0	0	0	0	0	0	0	0	0	0	0	0	0	0
S(5,-5)Correlat	-0.0027290298	0	0	0	0	0	0	0	0	0	0	0	0	0	0	0
S(5,-5)SumOfSqs	337.12243	0	0	0	0	0	0	0	0	0	0	0	0	0	0	0
S(5,-5)InvDfMom	0.047800309	0	0	0	0	0	0	0	0	0	0	0	0	0	0	0
S(5,-5)SumAverg	65.939842	0	0	0	0	0	0	0	0	0	0	0	0	0	0	0
S(5,-5)SumVarnc	672.40482	0	0	0	0	0	0	0	0	0	0	0	0	0	0	0
S(5,-5)SumEntrp	2.0199646	0	0	0	0	0	0	0	0	0	0	0	0	0	0	0
S(5,-5)Entropy	3.604244	0	0	0	0	0	0	0	0	0	0	0	0	0	0	0
S(5,-5)DifVarnc	225.45908	0	0	0	0	0	0	0	0	0	0	0	0	0	0	0
S(5,-5)DifEntrp	1.7250728	0	0	0	0	0	0	0	0	0	0	0	0	0	0	0
Horzl_RLNonUni	62258.333	0	0	0	0	0	0	0	0	0	0	0	0	0	0	0
Horzl_GLevNonU	1009.3181	0	0	0	0	0	0	0	0	0	0	0	0	0	0	0
Horzl_LngREmph	1.053313	0	0	0	0	0	0	0	0	0	0	0	0	0	0	0
Horzl_ShrtREmp	0.98719032	0	0	0	0	0	0	0	0	0	0	0	0	0	0	0
Horzl_Fraction	0.98284912	0	0	0	0	0	0	0	0	0	0	0	0	0	0	0
Vertl_RLNonUni	62549.51	0	0	0	0	0	0	0	0	0	0	0	0	0	0	0
Vertl_GLevNonU	1010.8409	0	0	0	0	0	0	0	0	0	0	0	0	0	0	0
Vertl_LngREmph	1.0478464	0	0	0	0	0	0	0	0	0	0	0	0	0	0	0
Vertl_ShrtREmp	0.98834032	0	0	0	0	0	0	0	0	0	0	0	0	0	0	0
Vertl_Fraction	0.98448181	0	0	0	0	0	0	0	0	0	0	0	0	0	0	0
45dgr_RLNonUni	62582.982	0	0	0	0	0	0	0	0	0	0	0	0	0	0	0
45dgr_GLevNonU	1011.1371	0	0	0	0	0	0	0	0	0	0	0	0	0	0	0
45dgr_LngREmph	1.0470302	0	0	0	0	0	0	0	0	0	0	0	0	0	0	0
45dgr_ShrtREmp	0.98846628	0	0	0	0	0	0	0	0	0	0	0	0	0	0	0
45dgr_Fraction	0.98469543	0	0	0	0	0	0	0	0	0	0	0	0	0	0	0
135dr_RLNonUni	62460.183	0	0	0	0	0	0	0	0	0	0	0	0	0	0	0
135dr_GLevNonU	1010.3559	0	0	0	0	0	0	0	0	0	0	0	0	0	0	0
135dr_LngREmph	1.0494991	0	0	0	0	0	0	0	0	0	0	0	0	0	0	0
135dr_ShrtREmp	0.98798706	0	0	0	0	0	0	0	0	0	0	0	0	0	0	0
135dr_Fraction	0.98397827	0	0	0	0	0	0	0	0	0	0	0	0	0	0	0
_AreaGr	64516	0	0	0	0	0	0	0	0	0	0	0	0	0	0	0
GrMean	8.2272136	0	0	0	0	0	0	0	0	0	0	0	0	0	0	0
GrVariance	15.523028	0	0	0	0	0	0	0	0	0	0	0	0	0	0	0
GrSkewness	0.18659962	0	0	0	0	0	0	0	0	0	0	0	0	0	0	0
GrKurtosis	-0.65574455	0	0	0	0	0	0	0	0	0	0	0	0	0	0	0
GrNonZeros	0.99581499	0	0	0	0	0	0	0	0	0	0	0	0	0	0	0
_AreaARM	64770	0	0	0	0	0	0	0	0	0	0	0	0	0	0	0
Teta1	0.029451176	0	0	0	0	0	0	0	0	0	0	0	0	0	0	0
Teta2	-0.0025458837	0	0	0	0	0	0	0	0	0	0	0	0	0	0	0
Teta3	-0.0044664667	0	0	0	0	0	0	0	0	0	0	0	0	0	0	0
Teta4	0.0020958426	0	0	0	0	0	0	0	0	0	0	0	0	0	0	0
Sigma	0.99909365	0	0	0	0	0	0	0	0	0	0	0	0	0	0	0
WavEnLL_s-1	18093.322	0	0	0	0	0	0	0	0	0	0	0	0	0	0	0
WavEnLH_s-1	1398.2317	0	0	0	0	0	0	0	0	0	0	0	0	0	0	0
WavEnHL_s-1	1311.1985	0	0	0	0	0	0	0	0	0	0	0	0	0	0	0
WavEnHH_s-1	1312.1954	0	0	0	0	0	0	0	0	0	0	0	0	0	0	0
WavEnLL_s-2	17082.702	0	0	0	0	0	0	0	0	0	0	0	0	0	0	0
WavEnLH_s-2	352.4957	0	0	0	0	0	0	0	0	0	0	0	0	0	0	0
WavEnHL_s-2	334.79211	0	0	0	0	0	0	0	0	0	0	0	0	0	0	0
WavEnHH_s-2	323.33295	0	0	0	0	0	0	0	0	0	0	0	0	0	0	0
WavEnLL_s-3	16809.311	0	0	0	0	0	0	0	0	0	0	0	0	0	0	0
WavEnLH_s-3	97.500213	0	0	0	0	0	0	0	0	0	0	0	0	0	0	0
WavEnHL_s-3	90.159333	0	0	0	0	0	0	0	0	0	0	0	0	0	0	0
WavEnHH_s-3	85.731239	0	0	0	0	0	0	0	0	0	0	0	0	0	0	0
WavEnLL_s-4	16734.736	0	0	0	0	0	0	0	0	0	0	0	0	0	0	0
WavEnLH_s-4	25.319848	0	0	0	0	0	0	0	0	0	0	0	0	0	0	0
WavEnHL_s-4	23.076075	0	0	0	0	0	0	0	0	0	0	0	0	0	0	0
WavEnHH_s-4	26.178906	0	0	0	0	0	0	0	0	0	0	0	0	0	0	0
