Image File: canvas1-a-p026.png 
ROI File: allred.roi 
Image size: 256 x 256
Min. lum.: 1
Max. lum.: 256
Bits/pixel: 8

Normalisation =  No
Histogram analysis = Yes
CO matrix analysis = Yes, Dimensions = 6 x 6, Distances = 1 2 3 4 5
RL matrix analysis = Yes, Dimension = 6
Gradient analysis = Yes, Max pixel value = 16
AR model analysis = Yes
Wavelet analysis = Yes

--------------- CLASS NAMES ----------------

----------------- FEATURES -----------------
_Area	65536	0	0	0	0	0	0	0	0	0	0	0	0	0	0	0
Mean	130.27823	0	0	0	0	0	0	0	0	0	0	0	0	0	0	0
Variance	5448.3921	0	0	0	0	0	0	0	0	0	0	0	0	0	0	0
Skewness	-0.019896967	0	0	0	0	0	0	0	0	0	0	0	0	0	0	0
Kurtosis	-1.196215	0	0	0	0	0	0	0	0	0	0	0	0	0	0	0
Perc.01%	3	0	0	0	0	0	0	0	0	0	0	0	0	0	0	0
Perc.10%	27	0	0	0	0	0	0	0	0	0	0	0	0	0	0	0
Perc.50%	130	0	0	0	0	0	0	0	0	0	0	0	0	0	0	0
Perc.90%	232	0	0	0	0	0	0	0	0	0	0	0	0	0	0	0
Perc.99%	254	0	0	0	0	0	0	0	0	0	0	0	0	0	0	0
_Area_S(1,0)	130560	0	0	0	0	0	0	0	0	0	0	0	0	0	0	0
S(1,0)AngScMom	0.00025475232	0	0	0	0	0	0	0	0	0	0	0	0	0	0	0
S(1,0)Contrast	663.94764	0	0	0	0	0	0	0	0	0	0	0	0	0	0	0
S(1,0)Correlat	0.024544963	0	0	0	0	0	0	0	0	0	0	0	0	0	0	0
S(1,0)SumOfSqs	340.32714	0	0	0	0	0	0	0	0	0	0	0	0	0	0	0
S(1,0)InvDfMom	0.049778004	0	0	0	0	0	0	0	0	0	0	0	0	0	0	0
S(1,0)SumAverg	65.882721	0	0	0	0	0	0	0	0	0	0	0	0	0	0	0
S(1,0)SumVarnc	697.36091	0	0	0	0	0	0	0	0	0	0	0	0	0	0	0
S(1,0)SumEntrp	2.0273258	0	0	0	0	0	0	0	0	0	0	0	0	0	0	0
S(1,0)Entropy	3.603028	0	0	0	0	0	0	0	0	0	0	0	0	0	0	0
S(1,0)DifVarnc	223.53292	0	0	0	0	0	0	0	0	0	0	0	0	0	0	0
S(1,0)DifEntrp	1.7216602	0	0	0	0	0	0	0	0	0	0	0	0	0	0	0
_Area_S(0,1)	130560	0	0	0	0	0	0	0	0	0	0	0	0	0	0	0
S(0,1)AngScMom	0.00025306065	0	0	0	0	0	0	0	0	0	0	0	0	0	0	0
S(0,1)Contrast	678.00933	0	0	0	0	0	0	0	0	0	0	0	0	0	0	0
S(0,1)Correlat	0.0032727182	0	0	0	0	0	0	0	0	0	0	0	0	0	0	0
S(0,1)SumOfSqs	340.11777	0	0	0	0	0	0	0	0	0	0	0	0	0	0	0
S(0,1)InvDfMom	0.04652683	0	0	0	0	0	0	0	0	0	0	0	0	0	0	0
S(0,1)SumAverg	65.884635	0	0	0	0	0	0	0	0	0	0	0	0	0	0	0
S(0,1)SumVarnc	682.46177	0	0	0	0	0	0	0	0	0	0	0	0	0	0	0
S(0,1)SumEntrp	2.0228623	0	0	0	0	0	0	0	0	0	0	0	0	0	0	0
S(0,1)Entropy	3.6044047	0	0	0	0	0	0	0	0	0	0	0	0	0	0	0
S(0,1)DifVarnc	226.74561	0	0	0	0	0	0	0	0	0	0	0	0	0	0	0
S(0,1)DifEntrp	1.725219	0	0	0	0	0	0	0	0	0	0	0	0	0	0	0
_Area_S(1,1)	130050	0	0	0	0	0	0	0	0	0	0	0	0	0	0	0
S(1,1)AngScMom	0.00025330582	0	0	0	0	0	0	0	0	0	0	0	0	0	0	0
S(1,1)Contrast	682.4871	0	0	0	0	0	0	0	0	0	0	0	0	0	0	0
S(1,1)Correlat	-0.0032594452	0	0	0	0	0	0	0	0	0	0	0	0	0	0	0
S(1,1)SumOfSqs	340.1349	0	0	0	0	0	0	0	0	0	0	0	0	0	0	0
S(1,1)InvDfMom	0.046289719	0	0	0	0	0	0	0	0	0	0	0	0	0	0	0
S(1,1)SumAverg	65.892165	0	0	0	0	0	0	0	0	0	0	0	0	0	0	0
S(1,1)SumVarnc	678.0525	0	0	0	0	0	0	0	0	0	0	0	0	0	0	0
S(1,1)SumEntrp	2.0214385	0	0	0	0	0	0	0	0	0	0	0	0	0	0	0
S(1,1)Entropy	3.6041239	0	0	0	0	0	0	0	0	0	0	0	0	0	0	0
S(1,1)DifVarnc	227.52559	0	0	0	0	0	0	0	0	0	0	0	0	0	0	0
S(1,1)DifEntrp	1.7264251	0	0	0	0	0	0	0	0	0	0	0	0	0	0	0
_Area_S(1,-1)	130050	0	0	0	0	0	0	0	0	0	0	0	0	0	0	0
S(1,-1)AngScMom	0.00025322718	0	0	0	0	0	0	0	0	0	0	0	0	0	0	0
S(1,-1)Contrast	680.99482	0	0	0	0	0	0	0	0	0	0	0	0	0	0	0
S(1,-1)Correlat	-0.0010763322	0	0	0	0	0	0	0	0	0	0	0	0	0	0	0
S(1,-1)SumOfSqs	340.13131	0	0	0	0	0	0	0	0	0	0	0	0	0	0	0
S(1,-1)InvDfMom	0.045456503	0	0	0	0	0	0	0	0	0	0	0	0	0	0	0
S(1,-1)SumAverg	65.89238	0	0	0	0	0	0	0	0	0	0	0	0	0	0	0
S(1,-1)SumVarnc	679.53044	0	0	0	0	0	0	0	0	0	0	0	0	0	0	0
S(1,-1)SumEntrp	2.0220879	0	0	0	0	0	0	0	0	0	0	0	0	0	0	0
S(1,-1)Entropy	3.6042118	0	0	0	0	0	0	0	0	0	0	0	0	0	0	0
S(1,-1)DifVarnc	225.81546	0	0	0	0	0	0	0	0	0	0	0	0	0	0	0
S(1,-1)DifEntrp	1.7260153	0	0	0	0	0	0	0	0	0	0	0	0	0	0	0
_Area_S(2,0)	130048	0	0	0	0	0	0	0	0	0	0	0	0	0	0	0
S(2,0)AngScMom	0.00025348225	0	0	0	0	0	0	0	0	0	0	0	0	0	0	0
S(2,0)Contrast	671.70489	0	0	0	0	0	0	0	0	0	0	0	0	0	0	0
S(2,0)Correlat	0.013109706	0	0	0	0	0	0	0	0	0	0	0	0	0	0	0
S(2,0)SumOfSqs	340.31386	0	0	0	0	0	0	0	0	0	0	0	0	0	0	0
S(2,0)InvDfMom	0.047966772	0	0	0	0	0	0	0	0	0	0	0	0	0	0	0
S(2,0)SumAverg	65.887165	0	0	0	0	0	0	0	0	0	0	0	0	0	0	0
S(2,0)SumVarnc	689.55055	0	0	0	0	0	0	0	0	0	0	0	0	0	0	0
S(2,0)SumEntrp	2.0251129	0	0	0	0	0	0	0	0	0	0	0	0	0	0	0
S(2,0)Entropy	3.6040334	0	0	0	0	0	0	0	0	0	0	0	0	0	0	0
S(2,0)DifVarnc	224.50377	0	0	0	0	0	0	0	0	0	0	0	0	0	0	0
S(2,0)DifEntrp	1.7238756	0	0	0	0	0	0	0	0	0	0	0	0	0	0	0
_Area_S(0,2)	130048	0	0	0	0	0	0	0	0	0	0	0	0	0	0	0
S(0,2)AngScMom	0.00025293236	0	0	0	0	0	0	0	0	0	0	0	0	0	0	0
S(0,2)Contrast	680.14548	0	0	0	0	0	0	0	0	0	0	0	0	0	0	0
S(0,2)Correlat	-1.1528447e-05	0	0	0	0	0	0	0	0	0	0	0	0	0	0	0
S(0,2)SumOfSqs	340.06882	0	0	0	0	0	0	0	0	0	0	0	0	0	0	0
S(0,2)InvDfMom	0.04670621	0	0	0	0	0	0	0	0	0	0	0	0	0	0	0
S(0,2)SumAverg	65.880813	0	0	0	0	0	0	0	0	0	0	0	0	0	0	0
S(0,2)SumVarnc	680.1298	0	0	0	0	0	0	0	0	0	0	0	0	0	0	0
S(0,2)SumEntrp	2.0221974	0	0	0	0	0	0	0	0	0	0	0	0	0	0	0
S(0,2)Entropy	3.6045043	0	0	0	0	0	0	0	0	0	0	0	0	0	0	0
S(0,2)DifVarnc	227.47117	0	0	0	0	0	0	0	0	0	0	0	0	0	0	0
S(0,2)DifEntrp	1.7260909	0	0	0	0	0	0	0	0	0	0	0	0	0	0	0
_Area_S(2,2)	129032	0	0	0	0	0	0	0	0	0	0	0	0	0	0	0
S(2,2)AngScMom	0.00025331244	0	0	0	0	0	0	0	0	0	0	0	0	0	0	0
S(2,2)Contrast	679.22591	0	0	0	0	0	0	0	0	0	0	0	0	0	0	0
S(2,2)Correlat	0.0013594552	0	0	0	0	0	0	0	0	0	0	0	0	0	0	0
S(2,2)SumOfSqs	340.07527	0	0	0	0	0	0	0	0	0	0	0	0	0	0	0
S(2,2)InvDfMom	0.047685328	0	0	0	0	0	0	0	0	0	0	0	0	0	0	0
S(2,2)SumAverg	65.892569	0	0	0	0	0	0	0	0	0	0	0	0	0	0	0
S(2,2)SumVarnc	681.07518	0	0	0	0	0	0	0	0	0	0	0	0	0	0	0
S(2,2)SumEntrp	2.0225431	0	0	0	0	0	0	0	0	0	0	0	0	0	0	0
S(2,2)Entropy	3.6041657	0	0	0	0	0	0	0	0	0	0	0	0	0	0	0
S(2,2)DifVarnc	227.73587	0	0	0	0	0	0	0	0	0	0	0	0	0	0	0
S(2,2)DifEntrp	1.7261615	0	0	0	0	0	0	0	0	0	0	0	0	0	0	0
_Area_S(2,-2)	129032	0	0	0	0	0	0	0	0	0	0	0	0	0	0	0
S(2,-2)AngScMom	0.00025356831	0	0	0	0	0	0	0	0	0	0	0	0	0	0	0
S(2,-2)Contrast	683.28311	0	0	0	0	0	0	0	0	0	0	0	0	0	0	0
S(2,-2)Correlat	-0.0046477736	0	0	0	0	0	0	0	0	0	0	0	0	0	0	0
S(2,-2)SumOfSqs	340.06103	0	0	0	0	0	0	0	0	0	0	0	0	0	0	0
S(2,-2)InvDfMom	0.047054706	0	0	0	0	0	0	0	0	0	0	0	0	0	0	0
S(2,-2)SumAverg	65.892538	0	0	0	0	0	0	0	0	0	0	0	0	0	0	0
S(2,-2)SumVarnc	676.961	0	0	0	0	0	0	0	0	0	0	0	0	0	0	0
S(2,-2)SumEntrp	2.021279	0	0	0	0	0	0	0	0	0	0	0	0	0	0	0
S(2,-2)Entropy	3.6039044	0	0	0	0	0	0	0	0	0	0	0	0	0	0	0
S(2,-2)DifVarnc	227.34915	0	0	0	0	0	0	0	0	0	0	0	0	0	0	0
S(2,-2)DifEntrp	1.7270217	0	0	0	0	0	0	0	0	0	0	0	0	0	0	0
_Area_S(3,0)	129536	0	0	0	0	0	0	0	0	0	0	0	0	0	0	0
S(3,0)AngScMom	0.00025372716	0	0	0	0	0	0	0	0	0	0	0	0	0	0	0
S(3,0)Contrast	678.37211	0	0	0	0	0	0	0	0	0	0	0	0	0	0	0
S(3,0)Correlat	0.0032488192	0	0	0	0	0	0	0	0	0	0	0	0	0	0	0
S(3,0)SumOfSqs	340.2916	0	0	0	0	0	0	0	0	0	0	0	0	0	0	0
S(3,0)InvDfMom	0.04720382	0	0	0	0	0	0	0	0	0	0	0	0	0	0	0
S(3,0)SumAverg	65.892246	0	0	0	0	0	0	0	0	0	0	0	0	0	0	0
S(3,0)SumVarnc	682.7943	0	0	0	0	0	0	0	0	0	0	0	0	0	0	0
S(3,0)SumEntrp	2.0231041	0	0	0	0	0	0	0	0	0	0	0	0	0	0	0
S(3,0)Entropy	3.6037797	0	0	0	0	0	0	0	0	0	0	0	0	0	0	0
S(3,0)DifVarnc	225.28006	0	0	0	0	0	0	0	0	0	0	0	0	0	0	0
S(3,0)DifEntrp	1.7255652	0	0	0	0	0	0	0	0	0	0	0	0	0	0	0
_Area_S(0,3)	129536	0	0	0	0	0	0	0	0	0	0	0	0	0	0	0
S(0,3)AngScMom	0.00025292309	0	0	0	0	0	0	0	0	0	0	0	0	0	0	0
S(0,3)Contrast	682.53628	0	0	0	0	0	0	0	0	0	0	0	0	0	0	0
S(0,3)Correlat	-0.0037607044	0	0	0	0	0	0	0	0	0	0	0	0	0	0	0
S(0,3)SumOfSqs	339.98954	0	0	0	0	0	0	0	0	0	0	0	0	0	0	0
S(0,3)InvDfMom	0.046323284	0	0	0	0	0	0	0	0	0	0	0	0	0	0	0
S(0,3)SumAverg	65.883337	0	0	0	0	0	0	0	0	0	0	0	0	0	0	0
S(0,3)SumVarnc	677.42188	0	0	0	0	0	0	0	0	0	0	0	0	0	0	0
S(0,3)SumEntrp	2.0212044	0	0	0	0	0	0	0	0	0	0	0	0	0	0	0
S(0,3)Entropy	3.6045086	0	0	0	0	0	0	0	0	0	0	0	0	0	0	0
S(0,3)DifVarnc	227.47348	0	0	0	0	0	0	0	0	0	0	0	0	0	0	0
S(0,3)DifEntrp	1.726677	0	0	0	0	0	0	0	0	0	0	0	0	0	0	0
_Area_S(3,3)	128018	0	0	0	0	0	0	0	0	0	0	0	0	0	0	0
S(3,3)AngScMom	0.00025313449	0	0	0	0	0	0	0	0	0	0	0	0	0	0	0
S(3,3)Contrast	678.3283	0	0	0	0	0	0	0	0	0	0	0	0	0	0	0
S(3,3)Correlat	0.0023975571	0	0	0	0	0	0	0	0	0	0	0	0	0	0	0
S(3,3)SumOfSqs	339.97927	0	0	0	0	0	0	0	0	0	0	0	0	0	0	0
S(3,3)InvDfMom	0.047041819	0	0	0	0	0	0	0	0	0	0	0	0	0	0	0
S(3,3)SumAverg	65.901264	0	0	0	0	0	0	0	0	0	0	0	0	0	0	0
S(3,3)SumVarnc	681.58878	0	0	0	0	0	0	0	0	0	0	0	0	0	0	0
S(3,3)SumEntrp	2.022724	0	0	0	0	0	0	0	0	0	0	0	0	0	0	0
S(3,3)Entropy	3.6043134	0	0	0	0	0	0	0	0	0	0	0	0	0	0	0
S(3,3)DifVarnc	226.64843	0	0	0	0	0	0	0	0	0	0	0	0	0	0	0
S(3,3)DifEntrp	1.7255284	0	0	0	0	0	0	0	0	0	0	0	0	0	0	0
_Area_S(3,-3)	128018	0	0	0	0	0	0	0	0	0	0	0	0	0	0	0
S(3,-3)AngScMom	0.00025313852	0	0	0	0	0	0	0	0	0	0	0	0	0	0	0
S(3,-3)Contrast	687.15581	0	0	0	0	0	0	0	0	0	0	0	0	0	0	0
S(3,-3)Correlat	-0.01066292	0	0	0	0	0	0	0	0	0	0	0	0	0	0	0
S(3,-3)SumOfSqs	339.95301	0	0	0	0	0	0	0	0	0	0	0	0	0	0	0
S(3,-3)InvDfMom	0.046715861	0	0	0	0	0	0	0	0	0	0	0	0	0	0	0
S(3,-3)SumAverg	65.901358	0	0	0	0	0	0	0	0	0	0	0	0	0	0	0
S(3,-3)SumVarnc	672.65624	0	0	0	0	0	0	0	0	0	0	0	0	0	0	0
S(3,-3)SumEntrp	2.0202048	0	0	0	0	0	0	0	0	0	0	0	0	0	0	0
S(3,-3)Entropy	3.6042771	0	0	0	0	0	0	0	0	0	0	0	0	0	0	0
S(3,-3)DifVarnc	228.68387	0	0	0	0	0	0	0	0	0	0	0	0	0	0	0
S(3,-3)DifEntrp	1.7276532	0	0	0	0	0	0	0	0	0	0	0	0	0	0	0
_Area_S(4,0)	129024	0	0	0	0	0	0	0	0	0	0	0	0	0	0	0
S(4,0)AngScMom	0.00025311391	0	0	0	0	0	0	0	0	0	0	0	0	0	0	0
S(4,0)Contrast	675.93375	0	0	0	0	0	0	0	0	0	0	0	0	0	0	0
S(4,0)Correlat	0.0071277142	0	0	0	0	0	0	0	0	0	0	0	0	0	0	0
S(4,0)SumOfSqs	340.3931	0	0	0	0	0	0	0	0	0	0	0	0	0	0	0
S(4,0)InvDfMom	0.046544239	0	0	0	0	0	0	0	0	0	0	0	0	0	0	0
S(4,0)SumAverg	65.89078	0	0	0	0	0	0	0	0	0	0	0	0	0	0	0
S(4,0)SumVarnc	685.63865	0	0	0	0	0	0	0	0	0	0	0	0	0	0	0
S(4,0)SumEntrp	2.0239032	0	0	0	0	0	0	0	0	0	0	0	0	0	0	0
S(4,0)Entropy	3.6043043	0	0	0	0	0	0	0	0	0	0	0	0	0	0	0
S(4,0)DifVarnc	225.09431	0	0	0	0	0	0	0	0	0	0	0	0	0	0	0
S(4,0)DifEntrp	1.7249021	0	0	0	0	0	0	0	0	0	0	0	0	0	0	0
_Area_S(0,4)	129024	0	0	0	0	0	0	0	0	0	0	0	0	0	0	0
S(0,4)AngScMom	0.0002533602	0	0	0	0	0	0	0	0	0	0	0	0	0	0	0
S(0,4)Contrast	679.97266	0	0	0	0	0	0	0	0	0	0	0	0	0	0	0
S(0,4)Correlat	-4.141157e-05	0	0	0	0	0	0	0	0	0	0	0	0	0	0	0
S(0,4)SumOfSqs	339.97225	0	0	0	0	0	0	0	0	0	0	0	0	0	0	0
S(0,4)InvDfMom	0.046759981	0	0	0	0	0	0	0	0	0	0	0	0	0	0	0
S(0,4)SumAverg	65.875186	0	0	0	0	0	0	0	0	0	0	0	0	0	0	0
S(0,4)SumVarnc	679.91634	0	0	0	0	0	0	0	0	0	0	0	0	0	0	0
S(0,4)SumEntrp	2.0220075	0	0	0	0	0	0	0	0	0	0	0	0	0	0	0
S(0,4)Entropy	3.6040892	0	0	0	0	0	0	0	0	0	0	0	0	0	0	0
S(0,4)DifVarnc	227.01376	0	0	0	0	0	0	0	0	0	0	0	0	0	0	0
S(0,4)DifEntrp	1.726015	0	0	0	0	0	0	0	0	0	0	0	0	0	0	0
_Area_S(4,4)	127008	0	0	0	0	0	0	0	0	0	0	0	0	0	0	0
S(4,4)AngScMom	0.00025333481	0	0	0	0	0	0	0	0	0	0	0	0	0	0	0
S(4,4)Contrast	682.61834	0	0	0	0	0	0	0	0	0	0	0	0	0	0	0
S(4,4)Correlat	-0.0036415448	0	0	0	0	0	0	0	0	0	0	0	0	0	0	0
S(4,4)SumOfSqs	340.07079	0	0	0	0	0	0	0	0	0	0	0	0	0	0	0
S(4,4)InvDfMom	0.046563588	0	0	0	0	0	0	0	0	0	0	0	0	0	0	0
S(4,4)SumAverg	65.89344	0	0	0	0	0	0	0	0	0	0	0	0	0	0	0
S(4,4)SumVarnc	677.66481	0	0	0	0	0	0	0	0	0	0	0	0	0	0	0
S(4,4)SumEntrp	2.0215525	0	0	0	0	0	0	0	0	0	0	0	0	0	0	0
S(4,4)Entropy	3.604091	0	0	0	0	0	0	0	0	0	0	0	0	0	0	0
S(4,4)DifVarnc	227.63555	0	0	0	0	0	0	0	0	0	0	0	0	0	0	0
S(4,4)DifEntrp	1.7266053	0	0	0	0	0	0	0	0	0	0	0	0	0	0	0
_Area_S(4,-4)	127008	0	0	0	0	0	0	0	0	0	0	0	0	0	0	0
S(4,-4)AngScMom	0.00025311945	0	0	0	0	0	0	0	0	0	0	0	0	0	0	0
S(4,-4)Contrast	679.02499	0	0	0	0	0	0	0	0	0	0	0	0	0	0	0
S(4,-4)Correlat	0.0015296425	0	0	0	0	0	0	0	0	0	0	0	0	0	0	0
S(4,-4)SumOfSqs	340.03262	0	0	0	0	0	0	0	0	0	0	0	0	0	0	0
S(4,-4)InvDfMom	0.04643406	0	0	0	0	0	0	0	0	0	0	0	0	0	0	0
S(4,-4)SumAverg	65.892999	0	0	0	0	0	0	0	0	0	0	0	0	0	0	0
S(4,-4)SumVarnc	681.1055	0	0	0	0	0	0	0	0	0	0	0	0	0	0	0
S(4,-4)SumEntrp	2.0223757	0	0	0	0	0	0	0	0	0	0	0	0	0	0	0
S(4,-4)Entropy	3.6043354	0	0	0	0	0	0	0	0	0	0	0	0	0	0	0
S(4,-4)DifVarnc	226.39575	0	0	0	0	0	0	0	0	0	0	0	0	0	0	0
S(4,-4)DifEntrp	1.7259661	0	0	0	0	0	0	0	0	0	0	0	0	0	0	0
_Area_S(5,0)	128512	0	0	0	0	0	0	0	0	0	0	0	0	0	0	0
S(5,0)AngScMom	0.00025294578	0	0	0	0	0	0	0	0	0	0	0	0	0	0	0
S(5,0)Contrast	679.23403	0	0	0	0	0	0	0	0	0	0	0	0	0	0	0
S(5,0)Correlat	0.0024940594	0	0	0	0	0	0	0	0	0	0	0	0	0	0	0
S(5,0)SumOfSqs	340.46616	0	0	0	0	0	0	0	0	0	0	0	0	0	0	0
S(5,0)InvDfMom	0.047118588	0	0	0	0	0	0	0	0	0	0	0	0	0	0	0
S(5,0)SumAverg	65.894889	0	0	0	0	0	0	0	0	0	0	0	0	0	0	0
S(5,0)SumVarnc	682.6306	0	0	0	0	0	0	0	0	0	0	0	0	0	0	0
S(5,0)SumEntrp	2.0229787	0	0	0	0	0	0	0	0	0	0	0	0	0	0	0
S(5,0)Entropy	3.6044528	0	0	0	0	0	0	0	0	0	0	0	0	0	0	0
S(5,0)DifVarnc	226.80069	0	0	0	0	0	0	0	0	0	0	0	0	0	0	0
S(5,0)DifEntrp	1.7254352	0	0	0	0	0	0	0	0	0	0	0	0	0	0	0
_Area_S(0,5)	128512	0	0	0	0	0	0	0	0	0	0	0	0	0	0	0
S(0,5)AngScMom	0.00025359136	0	0	0	0	0	0	0	0	0	0	0	0	0	0	0
S(0,5)Contrast	678.19802	0	0	0	0	0	0	0	0	0	0	0	0	0	0	0
S(0,5)Correlat	0.0027093285	0	0	0	0	0	0	0	0	0	0	0	0	0	0	0
S(0,5)SumOfSqs	340.02024	0	0	0	0	0	0	0	0	0	0	0	0	0	0	0
S(0,5)InvDfMom	0.04645422	0	0	0	0	0	0	0	0	0	0	0	0	0	0	0
S(0,5)SumAverg	65.87335	0	0	0	0	0	0	0	0	0	0	0	0	0	0	0
S(0,5)SumVarnc	681.88293	0	0	0	0	0	0	0	0	0	0	0	0	0	0	0
S(0,5)SumEntrp	2.0226757	0	0	0	0	0	0	0	0	0	0	0	0	0	0	0
S(0,5)Entropy	3.6038693	0	0	0	0	0	0	0	0	0	0	0	0	0	0	0
S(0,5)DifVarnc	226.3246	0	0	0	0	0	0	0	0	0	0	0	0	0	0	0
S(0,5)DifEntrp	1.7255188	0	0	0	0	0	0	0	0	0	0	0	0	0	0	0
_Area_S(5,5)	126002	0	0	0	0	0	0	0	0	0	0	0	0	0	0	0
S(5,5)AngScMom	0.00025352785	0	0	0	0	0	0	0	0	0	0	0	0	0	0	0
S(5,5)Contrast	683.52931	0	0	0	0	0	0	0	0	0	0	0	0	0	0	0
S(5,5)Correlat	-0.0046819039	0	0	0	0	0	0	0	0	0	0	0	0	0	0	0
S(5,5)SumOfSqs	340.172	0	0	0	0	0	0	0	0	0	0	0	0	0	0	0
S(5,5)InvDfMom	0.047179913	0	0	0	0	0	0	0	0	0	0	0	0	0	0	0
S(5,5)SumAverg	65.893779	0	0	0	0	0	0	0	0	0	0	0	0	0	0	0
S(5,5)SumVarnc	677.1587	0	0	0	0	0	0	0	0	0	0	0	0	0	0	0
S(5,5)SumEntrp	2.0213246	0	0	0	0	0	0	0	0	0	0	0	0	0	0	0
S(5,5)Entropy	3.603944	0	0	0	0	0	0	0	0	0	0	0	0	0	0	0
S(5,5)DifVarnc	226.33897	0	0	0	0	0	0	0	0	0	0	0	0	0	0	0
S(5,5)DifEntrp	1.7268795	0	0	0	0	0	0	0	0	0	0	0	0	0	0	0
_Area_S(5,-5)	126002	0	0	0	0	0	0	0	0	0	0	0	0	0	0	0
S(5,-5)AngScMom	0.00025294737	0	0	0	0	0	0	0	0	0	0	0	0	0	0	0
S(5,-5)Contrast	681.87761	0	0	0	0	0	0	0	0	0	0	0	0	0	0	0
S(5,-5)Correlat	-0.0022894019	0	0	0	0	0	0	0	0	0	0	0	0	0	0	0
S(5,-5)SumOfSqs	340.16004	0	0	0	0	0	0	0	0	0	0	0	0	0	0	0
S(5,-5)InvDfMom	0.047731103	0	0	0	0	0	0	0	0	0	0	0	0	0	0	0
S(5,-5)SumAverg	65.894938	0	0	0	0	0	0	0	0	0	0	0	0	0	0	0
S(5,-5)SumVarnc	678.76255	0	0	0	0	0	0	0	0	0	0	0	0	0	0	0
S(5,-5)SumEntrp	2.0218719	0	0	0	0	0	0	0	0	0	0	0	0	0	0	0
S(5,-5)Entropy	3.6044755	0	0	0	0	0	0	0	0	0	0	0	0	0	0	0
S(5,-5)DifVarnc	227.33542	0	0	0	0	0	0	0	0	0	0	0	0	0	0	0
S(5,-5)DifEntrp	1.7263126	0	0	0	0	0	0	0	0	0	0	0	0	0	0	0
Horzl_RLNonUni	62188.908	0	0	0	0	0	0	0	0	0	0	0	0	0	0	0
Horzl_GLevNonU	1008.8827	0	0	0	0	0	0	0	0	0	0	0	0	0	0	0
Horzl_LngREmph	1.0546539	0	0	0	0	0	0	0	0	0	0	0	0	0	0	0
Horzl_ShrtREmp	0.98691633	0	0	0	0	0	0	0	0	0	0	0	0	0	0	0
Horzl_Fraction	0.98246765	0	0	0	0	0	0	0	0	0	0	0	0	0	0	0
Vertl_RLNonUni	62655.148	0	0	0	0	0	0	0	0	0	0	0	0	0	0	0
Vertl_GLevNonU	1011.4885	0	0	0	0	0	0	0	0	0	0	0	0	0	0	0
Vertl_LngREmph	1.046303	0	0	0	0	0	0	0	0	0	0	0	0	0	0	0
Vertl_ShrtREmp	0.98876849	0	0	0	0	0	0	0	0	0	0	0	0	0	0	0
Vertl_Fraction	0.98500061	0	0	0	0	0	0	0	0	0	0	0	0	0	0	0
45dgr_RLNonUni	62709.399	0	0	0	0	0	0	0	0	0	0	0	0	0	0	0
45dgr_GLevNonU	1011.8408	0	0	0	0	0	0	0	0	0	0	0	0	0	0	0
45dgr_LngREmph	1.0450012	0	0	0	0	0	0	0	0	0	0	0	0	0	0	0
45dgr_ShrtREmp	0.98897337	0	0	0	0	0	0	0	0	0	0	0	0	0	0	0
45dgr_Fraction	0.98535156	0	0	0	0	0	0	0	0	0	0	0	0	0	0	0
135dr_RLNonUni	62684.584	0	0	0	0	0	0	0	0	0	0	0	0	0	0	0
135dr_GLevNonU	1011.5886	0	0	0	0	0	0	0	0	0	0	0	0	0	0	0
135dr_LngREmph	1.0458622	0	0	0	0	0	0	0	0	0	0	0	0	0	0	0
135dr_ShrtREmp	0.98888779	0	0	0	0	0	0	0	0	0	0	0	0	0	0	0
135dr_Fraction	0.9851532	0	0	0	0	0	0	0	0	0	0	0	0	0	0	0
_AreaGr	64516	0	0	0	0	0	0	0	0	0	0	0	0	0	0	0
GrMean	8.2866455	0	0	0	0	0	0	0	0	0	0	0	0	0	0	0
GrVariance	15.606477	0	0	0	0	0	0	0	0	0	0	0	0	0	0	0
GrSkewness	0.18155878	0	0	0	0	0	0	0	0	0	0	0	0	0	0	0
GrKurtosis	-0.66608928	0	0	0	0	0	0	0	0	0	0	0	0	0	0	0
GrNonZeros	0.99573749	0	0	0	0	0	0	0	0	0	0	0	0	0	0	0
_AreaARM	64770	0	0	0	0	0	0	0	0	0	0	0	0	0	0	0
Teta1	0.022872622	0	0	0	0	0	0	0	0	0	0	0	0	0	0	0
Teta2	-0.0012870062	0	0	0	0	0	0	0	0	0	0	0	0	0	0	0
Teta3	0.0037286103	0	0	0	0	0	0	0	0	0	0	0	0	0	0	0
Teta4	-0.0035844023	0	0	0	0	0	0	0	0	0	0	0	0	0	0	0
Sigma	0.99925591	0	0	0	0	0	0	0	0	0	0	0	0	0	0	0
WavEnLL_s-1	18111.081	0	0	0	0	0	0	0	0	0	0	0	0	0	0	0
WavEnLH_s-1	1388.0551	0	0	0	0	0	0	0	0	0	0	0	0	0	0	0
WavEnHL_s-1	1332.5416	0	0	0	0	0	0	0	0	0	0	0	0	0	0	0
WavEnHH_s-1	1329.5744	0	0	0	0	0	0	0	0	0	0	0	0	0	0	0
WavEnLL_s-2	17063.476	0	0	0	0	0	0	0	0	0	0	0	0	0	0	0
WavEnLH_s-2	362.05321	0	0	0	0	0	0	0	0	0	0	0	0	0	0	0
WavEnHL_s-2	343.29647	0	0	0	0	0	0	0	0	0	0	0	0	0	0	0
WavEnHH_s-2	342.25558	0	0	0	0	0	0	0	0	0	0	0	0	0	0	0
WavEnLL_s-3	16802.18	0	0	0	0	0	0	0	0	0	0	0	0	0	0	0
WavEnLH_s-3	85.669672	0	0	0	0	0	0	0	0	0	0	0	0	0	0	0
WavEnHL_s-3	87.18409	0	0	0	0	0	0	0	0	0	0	0	0	0	0	0
WavEnHH_s-3	88.441848	0	0	0	0	0	0	0	0	0	0	0	0	0	0	0
WavEnLL_s-4	16734.083	0	0	0	0	0	0	0	0	0	0	0	0	0	0	0
WavEnLH_s-4	24.223546	0	0	0	0	0	0	0	0	0	0	0	0	0	0	0
WavEnHL_s-4	20.114726	0	0	0	0	0	0	0	0	0	0	0	0	0	0	0
WavEnHH_s-4	23.759117	0	0	0	0	0	0	0	0	0	0	0	0	0	0	0
