Image File: canvas1-a-p010.png 
ROI File: allred.roi 
Image size: 256 x 256
Min. lum.: 1
Max. lum.: 256
Bits/pixel: 8

Normalisation =  No
Histogram analysis = Yes
CO matrix analysis = Yes, Dimensions = 6 x 6, Distances = 1 2 3 4 5
RL matrix analysis = Yes, Dimension = 6
Gradient analysis = Yes, Max pixel value = 16
AR model analysis = Yes
Wavelet analysis = Yes

--------------- CLASS NAMES ----------------

----------------- FEATURES -----------------
_Area	65536	0	0	0	0	0	0	0	0	0	0	0	0	0	0	0
Mean	130.78241	0	0	0	0	0	0	0	0	0	0	0	0	0	0	0
Variance	5348.642	0	0	0	0	0	0	0	0	0	0	0	0	0	0	0
Skewness	-0.02494822	0	0	0	0	0	0	0	0	0	0	0	0	0	0	0
Kurtosis	-1.1851901	0	0	0	0	0	0	0	0	0	0	0	0	0	0	0
Perc.01%	4	0	0	0	0	0	0	0	0	0	0	0	0	0	0	0
Perc.10%	29	0	0	0	0	0	0	0	0	0	0	0	0	0	0	0
Perc.50%	131	0	0	0	0	0	0	0	0	0	0	0	0	0	0	0
Perc.90%	232	0	0	0	0	0	0	0	0	0	0	0	0	0	0	0
Perc.99%	254	0	0	0	0	0	0	0	0	0	0	0	0	0	0	0
_Area_S(1,0)	130560	0	0	0	0	0	0	0	0	0	0	0	0	0	0	0
S(1,0)AngScMom	0.00025574223	0	0	0	0	0	0	0	0	0	0	0	0	0	0	0
S(1,0)Contrast	646.29995	0	0	0	0	0	0	0	0	0	0	0	0	0	0	0
S(1,0)Correlat	0.032926054	0	0	0	0	0	0	0	0	0	0	0	0	0	0	0
S(1,0)SumOfSqs	334.15229	0	0	0	0	0	0	0	0	0	0	0	0	0	0	0
S(1,0)InvDfMom	0.050654045	0	0	0	0	0	0	0	0	0	0	0	0	0	0	0
S(1,0)SumAverg	66.128569	0	0	0	0	0	0	0	0	0	0	0	0	0	0	0
S(1,0)SumVarnc	690.30922	0	0	0	0	0	0	0	0	0	0	0	0	0	0	0
S(1,0)SumEntrp	2.0251366	0	0	0	0	0	0	0	0	0	0	0	0	0	0	0
S(1,0)Entropy	3.6019983	0	0	0	0	0	0	0	0	0	0	0	0	0	0	0
S(1,0)DifVarnc	218.98177	0	0	0	0	0	0	0	0	0	0	0	0	0	0	0
S(1,0)DifEntrp	1.7170283	0	0	0	0	0	0	0	0	0	0	0	0	0	0	0
_Area_S(0,1)	130560	0	0	0	0	0	0	0	0	0	0	0	0	0	0	0
S(0,1)AngScMom	0.00025486542	0	0	0	0	0	0	0	0	0	0	0	0	0	0	0
S(0,1)Contrast	673.26961	0	0	0	0	0	0	0	0	0	0	0	0	0	0	0
S(0,1)Correlat	-0.0080434175	0	0	0	0	0	0	0	0	0	0	0	0	0	0	0
S(0,1)SumOfSqs	333.94871	0	0	0	0	0	0	0	0	0	0	0	0	0	0	0
S(0,1)InvDfMom	0.047277294	0	0	0	0	0	0	0	0	0	0	0	0	0	0	0
S(0,1)SumAverg	66.12788	0	0	0	0	0	0	0	0	0	0	0	0	0	0	0
S(0,1)SumVarnc	662.52525	0	0	0	0	0	0	0	0	0	0	0	0	0	0	0
S(0,1)SumEntrp	2.0172293	0	0	0	0	0	0	0	0	0	0	0	0	0	0	0
S(0,1)Entropy	3.6027708	0	0	0	0	0	0	0	0	0	0	0	0	0	0	0
S(0,1)DifVarnc	225.10693	0	0	0	0	0	0	0	0	0	0	0	0	0	0	0
S(0,1)DifEntrp	1.7241267	0	0	0	0	0	0	0	0	0	0	0	0	0	0	0
_Area_S(1,1)	130050	0	0	0	0	0	0	0	0	0	0	0	0	0	0	0
S(1,1)AngScMom	0.00025486155	0	0	0	0	0	0	0	0	0	0	0	0	0	0	0
S(1,1)Contrast	668.14278	0	0	0	0	0	0	0	0	0	0	0	0	0	0	0
S(1,1)Correlat	-0.00032314453	0	0	0	0	0	0	0	0	0	0	0	0	0	0	0
S(1,1)SumOfSqs	333.96347	0	0	0	0	0	0	0	0	0	0	0	0	0	0	0
S(1,1)InvDfMom	0.047661287	0	0	0	0	0	0	0	0	0	0	0	0	0	0	0
S(1,1)SumAverg	66.131334	0	0	0	0	0	0	0	0	0	0	0	0	0	0	0
S(1,1)SumVarnc	667.7111	0	0	0	0	0	0	0	0	0	0	0	0	0	0	0
S(1,1)SumEntrp	2.0184624	0	0	0	0	0	0	0	0	0	0	0	0	0	0	0
S(1,1)Entropy	3.6027732	0	0	0	0	0	0	0	0	0	0	0	0	0	0	0
S(1,1)DifVarnc	222.87794	0	0	0	0	0	0	0	0	0	0	0	0	0	0	0
S(1,1)DifEntrp	1.7228995	0	0	0	0	0	0	0	0	0	0	0	0	0	0	0
_Area_S(1,-1)	130050	0	0	0	0	0	0	0	0	0	0	0	0	0	0	0
S(1,-1)AngScMom	0.0002540067	0	0	0	0	0	0	0	0	0	0	0	0	0	0	0
S(1,-1)Contrast	670.772	0	0	0	0	0	0	0	0	0	0	0	0	0	0	0
S(1,-1)Correlat	-0.004257351	0	0	0	0	0	0	0	0	0	0	0	0	0	0	0
S(1,-1)SumOfSqs	333.96419	0	0	0	0	0	0	0	0	0	0	0	0	0	0	0
S(1,-1)InvDfMom	0.046796439	0	0	0	0	0	0	0	0	0	0	0	0	0	0	0
S(1,-1)SumAverg	66.131411	0	0	0	0	0	0	0	0	0	0	0	0	0	0	0
S(1,-1)SumVarnc	665.08478	0	0	0	0	0	0	0	0	0	0	0	0	0	0	0
S(1,-1)SumEntrp	2.0178091	0	0	0	0	0	0	0	0	0	0	0	0	0	0	0
S(1,-1)Entropy	3.6035299	0	0	0	0	0	0	0	0	0	0	0	0	0	0	0
S(1,-1)DifVarnc	222.72045	0	0	0	0	0	0	0	0	0	0	0	0	0	0	0
S(1,-1)DifEntrp	1.7233226	0	0	0	0	0	0	0	0	0	0	0	0	0	0	0
_Area_S(2,0)	130048	0	0	0	0	0	0	0	0	0	0	0	0	0	0	0
S(2,0)AngScMom	0.00025468526	0	0	0	0	0	0	0	0	0	0	0	0	0	0	0
S(2,0)Contrast	666.23018	0	0	0	0	0	0	0	0	0	0	0	0	0	0	0
S(2,0)Correlat	0.0030622739	0	0	0	0	0	0	0	0	0	0	0	0	0	0	0
S(2,0)SumOfSqs	334.13831	0	0	0	0	0	0	0	0	0	0	0	0	0	0	0
S(2,0)InvDfMom	0.047109856	0	0	0	0	0	0	0	0	0	0	0	0	0	0	0
S(2,0)SumAverg	66.125723	0	0	0	0	0	0	0	0	0	0	0	0	0	0	0
S(2,0)SumVarnc	670.32307	0	0	0	0	0	0	0	0	0	0	0	0	0	0	0
S(2,0)SumEntrp	2.0194507	0	0	0	0	0	0	0	0	0	0	0	0	0	0	0
S(2,0)Entropy	3.6029614	0	0	0	0	0	0	0	0	0	0	0	0	0	0	0
S(2,0)DifVarnc	222.56434	0	0	0	0	0	0	0	0	0	0	0	0	0	0	0
S(2,0)DifEntrp	1.722375	0	0	0	0	0	0	0	0	0	0	0	0	0	0	0
_Area_S(0,2)	130048	0	0	0	0	0	0	0	0	0	0	0	0	0	0	0
S(0,2)AngScMom	0.00025470631	0	0	0	0	0	0	0	0	0	0	0	0	0	0	0
S(0,2)Contrast	667.26073	0	0	0	0	0	0	0	0	0	0	0	0	0	0	0
S(0,2)Correlat	0.00052111187	0	0	0	0	0	0	0	0	0	0	0	0	0	0	0
S(0,2)SumOfSqs	333.80432	0	0	0	0	0	0	0	0	0	0	0	0	0	0	0
S(0,2)InvDfMom	0.04626553	0	0	0	0	0	0	0	0	0	0	0	0	0	0	0
S(0,2)SumAverg	66.120263	0	0	0	0	0	0	0	0	0	0	0	0	0	0	0
S(0,2)SumVarnc	667.95653	0	0	0	0	0	0	0	0	0	0	0	0	0	0	0
S(0,2)SumEntrp	2.0184479	0	0	0	0	0	0	0	0	0	0	0	0	0	0	0
S(0,2)Entropy	3.6028875	0	0	0	0	0	0	0	0	0	0	0	0	0	0	0
S(0,2)DifVarnc	222.5856	0	0	0	0	0	0	0	0	0	0	0	0	0	0	0
S(0,2)DifEntrp	1.7223494	0	0	0	0	0	0	0	0	0	0	0	0	0	0	0
_Area_S(2,2)	129032	0	0	0	0	0	0	0	0	0	0	0	0	0	0	0
S(2,2)AngScMom	0.00025448271	0	0	0	0	0	0	0	0	0	0	0	0	0	0	0
S(2,2)Contrast	669.56699	0	0	0	0	0	0	0	0	0	0	0	0	0	0	0
S(2,2)Correlat	-0.0029312589	0	0	0	0	0	0	0	0	0	0	0	0	0	0	0
S(2,2)SumOfSqs	333.80503	0	0	0	0	0	0	0	0	0	0	0	0	0	0	0
S(2,2)InvDfMom	0.047845867	0	0	0	0	0	0	0	0	0	0	0	0	0	0	0
S(2,2)SumAverg	66.119908	0	0	0	0	0	0	0	0	0	0	0	0	0	0	0
S(2,2)SumVarnc	665.65312	0	0	0	0	0	0	0	0	0	0	0	0	0	0	0
S(2,2)SumEntrp	2.01814	0	0	0	0	0	0	0	0	0	0	0	0	0	0	0
S(2,2)Entropy	3.6030625	0	0	0	0	0	0	0	0	0	0	0	0	0	0	0
S(2,2)DifVarnc	224.41952	0	0	0	0	0	0	0	0	0	0	0	0	0	0	0
S(2,2)DifEntrp	1.7234932	0	0	0	0	0	0	0	0	0	0	0	0	0	0	0
_Area_S(2,-2)	129032	0	0	0	0	0	0	0	0	0	0	0	0	0	0	0
S(2,-2)AngScMom	0.00025492561	0	0	0	0	0	0	0	0	0	0	0	0	0	0	0
S(2,-2)Contrast	665.6141	0	0	0	0	0	0	0	0	0	0	0	0	0	0	0
S(2,-2)Correlat	0.003018682	0	0	0	0	0	0	0	0	0	0	0	0	0	0	0
S(2,-2)SumOfSqs	333.81473	0	0	0	0	0	0	0	0	0	0	0	0	0	0	0
S(2,-2)InvDfMom	0.047529227	0	0	0	0	0	0	0	0	0	0	0	0	0	0	0
S(2,-2)SumAverg	66.121598	0	0	0	0	0	0	0	0	0	0	0	0	0	0	0
S(2,-2)SumVarnc	669.64482	0	0	0	0	0	0	0	0	0	0	0	0	0	0	0
S(2,-2)SumEntrp	2.0188477	0	0	0	0	0	0	0	0	0	0	0	0	0	0	0
S(2,-2)Entropy	3.6027142	0	0	0	0	0	0	0	0	0	0	0	0	0	0	0
S(2,-2)DifVarnc	223.74458	0	0	0	0	0	0	0	0	0	0	0	0	0	0	0
S(2,-2)DifEntrp	1.7218733	0	0	0	0	0	0	0	0	0	0	0	0	0	0	0
_Area_S(3,0)	129536	0	0	0	0	0	0	0	0	0	0	0	0	0	0	0
S(3,0)AngScMom	0.00025439833	0	0	0	0	0	0	0	0	0	0	0	0	0	0	0
S(3,0)Contrast	661.85227	0	0	0	0	0	0	0	0	0	0	0	0	0	0	0
S(3,0)Correlat	0.0097207074	0	0	0	0	0	0	0	0	0	0	0	0	0	0	0
S(3,0)SumOfSqs	334.17455	0	0	0	0	0	0	0	0	0	0	0	0	0	0	0
S(3,0)InvDfMom	0.047015981	0	0	0	0	0	0	0	0	0	0	0	0	0	0	0
S(3,0)SumAverg	66.130033	0	0	0	0	0	0	0	0	0	0	0	0	0	0	0
S(3,0)SumVarnc	674.84592	0	0	0	0	0	0	0	0	0	0	0	0	0	0	0
S(3,0)SumEntrp	2.020691	0	0	0	0	0	0	0	0	0	0	0	0	0	0	0
S(3,0)Entropy	3.6031968	0	0	0	0	0	0	0	0	0	0	0	0	0	0	0
S(3,0)DifVarnc	220.74592	0	0	0	0	0	0	0	0	0	0	0	0	0	0	0
S(3,0)DifEntrp	1.7211391	0	0	0	0	0	0	0	0	0	0	0	0	0	0	0
_Area_S(0,3)	129536	0	0	0	0	0	0	0	0	0	0	0	0	0	0	0
S(0,3)AngScMom	0.00025458153	0	0	0	0	0	0	0	0	0	0	0	0	0	0	0
S(0,3)Contrast	674.2145	0	0	0	0	0	0	0	0	0	0	0	0	0	0	0
S(0,3)Correlat	-0.009929631	0	0	0	0	0	0	0	0	0	0	0	0	0	0	0
S(0,3)SumOfSqs	333.79281	0	0	0	0	0	0	0	0	0	0	0	0	0	0	0
S(0,3)InvDfMom	0.046568665	0	0	0	0	0	0	0	0	0	0	0	0	0	0	0
S(0,3)SumAverg	66.119859	0	0	0	0	0	0	0	0	0	0	0	0	0	0	0
S(0,3)SumVarnc	660.95675	0	0	0	0	0	0	0	0	0	0	0	0	0	0	0
S(0,3)SumEntrp	2.0166102	0	0	0	0	0	0	0	0	0	0	0	0	0	0	0
S(0,3)Entropy	3.6029809	0	0	0	0	0	0	0	0	0	0	0	0	0	0	0
S(0,3)DifVarnc	223.3309	0	0	0	0	0	0	0	0	0	0	0	0	0	0	0
S(0,3)DifEntrp	1.7243632	0	0	0	0	0	0	0	0	0	0	0	0	0	0	0
_Area_S(3,3)	128018	0	0	0	0	0	0	0	0	0	0	0	0	0	0	0
S(3,3)AngScMom	0.00025467983	0	0	0	0	0	0	0	0	0	0	0	0	0	0	0
S(3,3)Contrast	671.47564	0	0	0	0	0	0	0	0	0	0	0	0	0	0	0
S(3,3)Correlat	-0.0057443121	0	0	0	0	0	0	0	0	0	0	0	0	0	0	0
S(3,3)SumOfSqs	333.82025	0	0	0	0	0	0	0	0	0	0	0	0	0	0	0
S(3,3)InvDfMom	0.046804632	0	0	0	0	0	0	0	0	0	0	0	0	0	0	0
S(3,3)SumAverg	66.124639	0	0	0	0	0	0	0	0	0	0	0	0	0	0	0
S(3,3)SumVarnc	663.80537	0	0	0	0	0	0	0	0	0	0	0	0	0	0	0
S(3,3)SumEntrp	2.0173239	0	0	0	0	0	0	0	0	0	0	0	0	0	0	0
S(3,3)Entropy	3.6029737	0	0	0	0	0	0	0	0	0	0	0	0	0	0	0
S(3,3)DifVarnc	224.31328	0	0	0	0	0	0	0	0	0	0	0	0	0	0	0
S(3,3)DifEntrp	1.7234782	0	0	0	0	0	0	0	0	0	0	0	0	0	0	0
_Area_S(3,-3)	128018	0	0	0	0	0	0	0	0	0	0	0	0	0	0	0
S(3,-3)AngScMom	0.00025482542	0	0	0	0	0	0	0	0	0	0	0	0	0	0	0
S(3,-3)Contrast	667.96888	0	0	0	0	0	0	0	0	0	0	0	0	0	0	0
S(3,-3)Correlat	-0.00049236435	0	0	0	0	0	0	0	0	0	0	0	0	0	0	0
S(3,-3)SumOfSqs	333.82008	0	0	0	0	0	0	0	0	0	0	0	0	0	0	0
S(3,-3)InvDfMom	0.04722692	0	0	0	0	0	0	0	0	0	0	0	0	0	0	0
S(3,-3)SumAverg	66.124889	0	0	0	0	0	0	0	0	0	0	0	0	0	0	0
S(3,-3)SumVarnc	667.31143	0	0	0	0	0	0	0	0	0	0	0	0	0	0	0
S(3,-3)SumEntrp	2.0180894	0	0	0	0	0	0	0	0	0	0	0	0	0	0	0
S(3,-3)Entropy	3.6027807	0	0	0	0	0	0	0	0	0	0	0	0	0	0	0
S(3,-3)DifVarnc	222.49638	0	0	0	0	0	0	0	0	0	0	0	0	0	0	0
S(3,-3)DifEntrp	1.7226594	0	0	0	0	0	0	0	0	0	0	0	0	0	0	0
_Area_S(4,0)	129024	0	0	0	0	0	0	0	0	0	0	0	0	0	0	0
S(4,0)AngScMom	0.0002545789	0	0	0	0	0	0	0	0	0	0	0	0	0	0	0
S(4,0)Contrast	667.06242	0	0	0	0	0	0	0	0	0	0	0	0	0	0	0
S(4,0)Correlat	0.00200161	0	0	0	0	0	0	0	0	0	0	0	0	0	0	0
S(4,0)SumOfSqs	334.20015	0	0	0	0	0	0	0	0	0	0	0	0	0	0	0
S(4,0)InvDfMom	0.04736788	0	0	0	0	0	0	0	0	0	0	0	0	0	0	0
S(4,0)SumAverg	66.125853	0	0	0	0	0	0	0	0	0	0	0	0	0	0	0
S(4,0)SumVarnc	669.73818	0	0	0	0	0	0	0	0	0	0	0	0	0	0	0
S(4,0)SumEntrp	2.0192575	0	0	0	0	0	0	0	0	0	0	0	0	0	0	0
S(4,0)Entropy	3.602931	0	0	0	0	0	0	0	0	0	0	0	0	0	0	0
S(4,0)DifVarnc	223.22389	0	0	0	0	0	0	0	0	0	0	0	0	0	0	0
S(4,0)DifEntrp	1.7222273	0	0	0	0	0	0	0	0	0	0	0	0	0	0	0
_Area_S(0,4)	129024	0	0	0	0	0	0	0	0	0	0	0	0	0	0	0
S(0,4)AngScMom	0.00025438091	0	0	0	0	0	0	0	0	0	0	0	0	0	0	0
S(0,4)Contrast	672.50691	0	0	0	0	0	0	0	0	0	0	0	0	0	0	0
S(0,4)Correlat	-0.007597727	0	0	0	0	0	0	0	0	0	0	0	0	0	0	0
S(0,4)SumOfSqs	333.71796	0	0	0	0	0	0	0	0	0	0	0	0	0	0	0
S(0,4)InvDfMom	0.047581226	0	0	0	0	0	0	0	0	0	0	0	0	0	0	0
S(0,4)SumAverg	66.104477	0	0	0	0	0	0	0	0	0	0	0	0	0	0	0
S(0,4)SumVarnc	662.36492	0	0	0	0	0	0	0	0	0	0	0	0	0	0	0
S(0,4)SumEntrp	2.0171818	0	0	0	0	0	0	0	0	0	0	0	0	0	0	0
S(0,4)Entropy	3.6031538	0	0	0	0	0	0	0	0	0	0	0	0	0	0	0
S(0,4)DifVarnc	224.38989	0	0	0	0	0	0	0	0	0	0	0	0	0	0	0
S(0,4)DifEntrp	1.7242078	0	0	0	0	0	0	0	0	0	0	0	0	0	0	0
_Area_S(4,4)	127008	0	0	0	0	0	0	0	0	0	0	0	0	0	0	0
S(4,4)AngScMom	0.00025478345	0	0	0	0	0	0	0	0	0	0	0	0	0	0	0
S(4,4)Contrast	670.53975	0	0	0	0	0	0	0	0	0	0	0	0	0	0	0
S(4,4)Correlat	-0.0044943085	0	0	0	0	0	0	0	0	0	0	0	0	0	0	0
S(4,4)SumOfSqs	333.76981	0	0	0	0	0	0	0	0	0	0	0	0	0	0	0
S(4,4)InvDfMom	0.04732431	0	0	0	0	0	0	0	0	0	0	0	0	0	0	0
S(4,4)SumAverg	66.105915	0	0	0	0	0	0	0	0	0	0	0	0	0	0	0
S(4,4)SumVarnc	664.53949	0	0	0	0	0	0	0	0	0	0	0	0	0	0	0
S(4,4)SumEntrp	2.0175112	0	0	0	0	0	0	0	0	0	0	0	0	0	0	0
S(4,4)Entropy	3.602826	0	0	0	0	0	0	0	0	0	0	0	0	0	0	0
S(4,4)DifVarnc	223.3382	0	0	0	0	0	0	0	0	0	0	0	0	0	0	0
S(4,4)DifEntrp	1.7234349	0	0	0	0	0	0	0	0	0	0	0	0	0	0	0
_Area_S(4,-4)	127008	0	0	0	0	0	0	0	0	0	0	0	0	0	0	0
S(4,-4)AngScMom	0.00025427933	0	0	0	0	0	0	0	0	0	0	0	0	0	0	0
S(4,-4)Contrast	669.48348	0	0	0	0	0	0	0	0	0	0	0	0	0	0	0
S(4,-4)Correlat	-0.0029575053	0	0	0	0	0	0	0	0	0	0	0	0	0	0	0
S(4,-4)SumOfSqs	333.75466	0	0	0	0	0	0	0	0	0	0	0	0	0	0	0
S(4,-4)InvDfMom	0.04747333	0	0	0	0	0	0	0	0	0	0	0	0	0	0	0
S(4,-4)SumAverg	66.103663	0	0	0	0	0	0	0	0	0	0	0	0	0	0	0
S(4,-4)SumVarnc	665.53516	0	0	0	0	0	0	0	0	0	0	0	0	0	0	0
S(4,-4)SumEntrp	2.0179628	0	0	0	0	0	0	0	0	0	0	0	0	0	0	0
S(4,-4)Entropy	3.6032875	0	0	0	0	0	0	0	0	0	0	0	0	0	0	0
S(4,-4)DifVarnc	223.70673	0	0	0	0	0	0	0	0	0	0	0	0	0	0	0
S(4,-4)DifEntrp	1.7229549	0	0	0	0	0	0	0	0	0	0	0	0	0	0	0
_Area_S(5,0)	128512	0	0	0	0	0	0	0	0	0	0	0	0	0	0	0
S(5,0)AngScMom	0.0002544502	0	0	0	0	0	0	0	0	0	0	0	0	0	0	0
S(5,0)Contrast	667.14041	0	0	0	0	0	0	0	0	0	0	0	0	0	0	0
S(5,0)Correlat	0.0018350398	0	0	0	0	0	0	0	0	0	0	0	0	0	0	0
S(5,0)SumOfSqs	334.18344	0	0	0	0	0	0	0	0	0	0	0	0	0	0	0
S(5,0)InvDfMom	0.047521833	0	0	0	0	0	0	0	0	0	0	0	0	0	0	0
S(5,0)SumAverg	66.128113	0	0	0	0	0	0	0	0	0	0	0	0	0	0	0
S(5,0)SumVarnc	669.59337	0	0	0	0	0	0	0	0	0	0	0	0	0	0	0
S(5,0)SumEntrp	2.0191445	0	0	0	0	0	0	0	0	0	0	0	0	0	0	0
S(5,0)Entropy	3.6030205	0	0	0	0	0	0	0	0	0	0	0	0	0	0	0
S(5,0)DifVarnc	222.49346	0	0	0	0	0	0	0	0	0	0	0	0	0	0	0
S(5,0)DifEntrp	1.7228675	0	0	0	0	0	0	0	0	0	0	0	0	0	0	0
_Area_S(0,5)	128512	0	0	0	0	0	0	0	0	0	0	0	0	0	0	0
S(0,5)AngScMom	0.00025473514	0	0	0	0	0	0	0	0	0	0	0	0	0	0	0
S(0,5)Contrast	666.21956	0	0	0	0	0	0	0	0	0	0	0	0	0	0	0
S(0,5)Correlat	0.0016187702	0	0	0	0	0	0	0	0	0	0	0	0	0	0	0
S(0,5)SumOfSqs	333.64988	0	0	0	0	0	0	0	0	0	0	0	0	0	0	0
S(0,5)InvDfMom	0.046950827	0	0	0	0	0	0	0	0	0	0	0	0	0	0	0
S(0,5)SumAverg	66.104426	0	0	0	0	0	0	0	0	0	0	0	0	0	0	0
S(0,5)SumVarnc	668.37997	0	0	0	0	0	0	0	0	0	0	0	0	0	0	0
S(0,5)SumEntrp	2.0185981	0	0	0	0	0	0	0	0	0	0	0	0	0	0	0
S(0,5)Entropy	3.6028464	0	0	0	0	0	0	0	0	0	0	0	0	0	0	0
S(0,5)DifVarnc	222.04635	0	0	0	0	0	0	0	0	0	0	0	0	0	0	0
S(0,5)DifEntrp	1.7218226	0	0	0	0	0	0	0	0	0	0	0	0	0	0	0
_Area_S(5,5)	126002	0	0	0	0	0	0	0	0	0	0	0	0	0	0	0
S(5,5)AngScMom	0.00025483721	0	0	0	0	0	0	0	0	0	0	0	0	0	0	0
S(5,5)Contrast	668.91651	0	0	0	0	0	0	0	0	0	0	0	0	0	0	0
S(5,5)Correlat	-0.0022688183	0	0	0	0	0	0	0	0	0	0	0	0	0	0	0
S(5,5)SumOfSqs	333.70115	0	0	0	0	0	0	0	0	0	0	0	0	0	0	0
S(5,5)InvDfMom	0.048814583	0	0	0	0	0	0	0	0	0	0	0	0	0	0	0
S(5,5)SumAverg	66.108236	0	0	0	0	0	0	0	0	0	0	0	0	0	0	0
S(5,5)SumVarnc	665.88808	0	0	0	0	0	0	0	0	0	0	0	0	0	0	0
S(5,5)SumEntrp	2.0182458	0	0	0	0	0	0	0	0	0	0	0	0	0	0	0
S(5,5)Entropy	3.6027966	0	0	0	0	0	0	0	0	0	0	0	0	0	0	0
S(5,5)DifVarnc	224.46584	0	0	0	0	0	0	0	0	0	0	0	0	0	0	0
S(5,5)DifEntrp	1.7229341	0	0	0	0	0	0	0	0	0	0	0	0	0	0	0
_Area_S(5,-5)	126002	0	0	0	0	0	0	0	0	0	0	0	0	0	0	0
S(5,-5)AngScMom	0.00025492073	0	0	0	0	0	0	0	0	0	0	0	0	0	0	0
S(5,-5)Contrast	668.854	0	0	0	0	0	0	0	0	0	0	0	0	0	0	0
S(5,-5)Correlat	-0.0022883569	0	0	0	0	0	0	0	0	0	0	0	0	0	0	0
S(5,-5)SumOfSqs	333.66346	0	0	0	0	0	0	0	0	0	0	0	0	0	0	0
S(5,-5)InvDfMom	0.048560563	0	0	0	0	0	0	0	0	0	0	0	0	0	0	0
S(5,-5)SumAverg	66.105062	0	0	0	0	0	0	0	0	0	0	0	0	0	0	0
S(5,-5)SumVarnc	665.79984	0	0	0	0	0	0	0	0	0	0	0	0	0	0	0
S(5,-5)SumEntrp	2.0180191	0	0	0	0	0	0	0	0	0	0	0	0	0	0	0
S(5,-5)Entropy	3.6028663	0	0	0	0	0	0	0	0	0	0	0	0	0	0	0
S(5,-5)DifVarnc	224.2775	0	0	0	0	0	0	0	0	0	0	0	0	0	0	0
S(5,-5)DifEntrp	1.7230384	0	0	0	0	0	0	0	0	0	0	0	0	0	0	0
Horzl_RLNonUni	61978.988	0	0	0	0	0	0	0	0	0	0	0	0	0	0	0
Horzl_GLevNonU	1010.6598	0	0	0	0	0	0	0	0	0	0	0	0	0	0	0
Horzl_LngREmph	1.0578705	0	0	0	0	0	0	0	0	0	0	0	0	0	0	0
Horzl_ShrtREmp	0.98605982	0	0	0	0	0	0	0	0	0	0	0	0	0	0	0
Horzl_Fraction	0.98138428	0	0	0	0	0	0	0	0	0	0	0	0	0	0	0
Vertl_RLNonUni	62479.295	0	0	0	0	0	0	0	0	0	0	0	0	0	0	0
Vertl_GLevNonU	1013.5058	0	0	0	0	0	0	0	0	0	0	0	0	0	0	0
Vertl_LngREmph	1.0485744	0	0	0	0	0	0	0	0	0	0	0	0	0	0	0
Vertl_ShrtREmp	0.9880459	0	0	0	0	0	0	0	0	0	0	0	0	0	0	0
Vertl_Fraction	0.98417664	0	0	0	0	0	0	0	0	0	0	0	0	0	0	0
45dgr_RLNonUni	62427.043	0	0	0	0	0	0	0	0	0	0	0	0	0	0	0
45dgr_GLevNonU	1013.0687	0	0	0	0	0	0	0	0	0	0	0	0	0	0	0
45dgr_LngREmph	1.0499411	0	0	0	0	0	0	0	0	0	0	0	0	0	0	0
45dgr_ShrtREmp	0.98785132	0	0	0	0	0	0	0	0	0	0	0	0	0	0	0
45dgr_Fraction	0.98382568	0	0	0	0	0	0	0	0	0	0	0	0	0	0	0
135dr_RLNonUni	62522.011	0	0	0	0	0	0	0	0	0	0	0	0	0	0	0
135dr_GLevNonU	1013.541	0	0	0	0	0	0	0	0	0	0	0	0	0	0	0
135dr_LngREmph	1.0483188	0	0	0	0	0	0	0	0	0	0	0	0	0	0	0
135dr_ShrtREmp	0.98823032	0	0	0	0	0	0	0	0	0	0	0	0	0	0	0
135dr_Fraction	0.98432922	0	0	0	0	0	0	0	0	0	0	0	0	0	0	0
_AreaGr	64516	0	0	0	0	0	0	0	0	0	0	0	0	0	0	0
GrMean	8.2230698	0	0	0	0	0	0	0	0	0	0	0	0	0	0	0
GrVariance	15.448673	0	0	0	0	0	0	0	0	0	0	0	0	0	0	0
GrSkewness	0.19273431	0	0	0	0	0	0	0	0	0	0	0	0	0	0	0
GrKurtosis	-0.64813796	0	0	0	0	0	0	0	0	0	0	0	0	0	0	0
GrNonZeros	0.99629549	0	0	0	0	0	0	0	0	0	0	0	0	0	0	0
_AreaARM	64770	0	0	0	0	0	0	0	0	0	0	0	0	0	0	0
Teta1	0.031776646	0	0	0	0	0	0	0	0	0	0	0	0	0	0	0
Teta2	-0.0040216525	0	0	0	0	0	0	0	0	0	0	0	0	0	0	0
Teta3	-0.0076462987	0	0	0	0	0	0	0	0	0	0	0	0	0	0	0
Teta4	0.0001052316	0	0	0	0	0	0	0	0	0	0	0	0	0	0	0
Sigma	0.99898854	0	0	0	0	0	0	0	0	0	0	0	0	0	0	0
WavEnLL_s-1	18218.542	0	0	0	0	0	0	0	0	0	0	0	0	0	0	0
WavEnLH_s-1	1380.6281	0	0	0	0	0	0	0	0	0	0	0	0	0	0	0
WavEnHL_s-1	1272.0345	0	0	0	0	0	0	0	0	0	0	0	0	0	0	0
WavEnHH_s-1	1320.9108	0	0	0	0	0	0	0	0	0	0	0	0	0	0	0
WavEnLL_s-2	17181.588	0	0	0	0	0	0	0	0	0	0	0	0	0	0	0
WavEnLH_s-2	361.08301	0	0	0	0	0	0	0	0	0	0	0	0	0	0	0
WavEnHL_s-2	337.08498	0	0	0	0	0	0	0	0	0	0	0	0	0	0	0
WavEnHH_s-2	338.78644	0	0	0	0	0	0	0	0	0	0	0	0	0	0	0
WavEnLL_s-3	16930.343	0	0	0	0	0	0	0	0	0	0	0	0	0	0	0
WavEnLH_s-3	90.512099	0	0	0	0	0	0	0	0	0	0	0	0	0	0	0
WavEnHL_s-3	78.358486	0	0	0	0	0	0	0	0	0	0	0	0	0	0	0
WavEnHH_s-3	82.374867	0	0	0	0	0	0	0	0	0	0	0	0	0	0	0
WavEnLL_s-4	16862.826	0	0	0	0	0	0	0	0	0	0	0	0	0	0	0
WavEnLH_s-4	25.376249	0	0	0	0	0	0	0	0	0	0	0	0	0	0	0
WavEnHL_s-4	19.586767	0	0	0	0	0	0	0	0	0	0	0	0	0	0	0
WavEnHH_s-4	22.553562	0	0	0	0	0	0	0	0	0	0	0	0	0	0	0
