Image File: canvas1-a-p028.png 
ROI File: allred.roi 
Image size: 256 x 256
Min. lum.: 1
Max. lum.: 256
Bits/pixel: 8

Normalisation =  No
Histogram analysis = Yes
CO matrix analysis = Yes, Dimensions = 6 x 6, Distances = 1 2 3 4 5
RL matrix analysis = Yes, Dimension = 6
Gradient analysis = Yes, Max pixel value = 16
AR model analysis = Yes
Wavelet analysis = Yes

--------------- CLASS NAMES ----------------

----------------- FEATURES -----------------
_Area	65536	0	0	0	0	0	0	0	0	0	0	0	0	0	0	0
Mean	128.45364	0	0	0	0	0	0	0	0	0	0	0	0	0	0	0
Variance	5486.0585	0	0	0	0	0	0	0	0	0	0	0	0	0	0	0
Skewness	-0.0023589621	0	0	0	0	0	0	0	0	0	0	0	0	0	0	0
Kurtosis	-1.1980307	0	0	0	0	0	0	0	0	0	0	0	0	0	0	0
Perc.01%	3	0	0	0	0	0	0	0	0	0	0	0	0	0	0	0
Perc.10%	26	0	0	0	0	0	0	0	0	0	0	0	0	0	0	0
Perc.50%	129	0	0	0	0	0	0	0	0	0	0	0	0	0	0	0
Perc.90%	231	0	0	0	0	0	0	0	0	0	0	0	0	0	0	0
Perc.99%	254	0	0	0	0	0	0	0	0	0	0	0	0	0	0	0
_Area_S(1,0)	130560	0	0	0	0	0	0	0	0	0	0	0	0	0	0	0
S(1,0)AngScMom	0.00025400387	0	0	0	0	0	0	0	0	0	0	0	0	0	0	0
S(1,0)Contrast	660.92733	0	0	0	0	0	0	0	0	0	0	0	0	0	0	0
S(1,0)Correlat	0.035416852	0	0	0	0	0	0	0	0	0	0	0	0	0	0	0
S(1,0)SumOfSqs	342.59739	0	0	0	0	0	0	0	0	0	0	0	0	0	0	0
S(1,0)InvDfMom	0.050523197	0	0	0	0	0	0	0	0	0	0	0	0	0	0	0
S(1,0)SumAverg	64.979749	0	0	0	0	0	0	0	0	0	0	0	0	0	0	0
S(1,0)SumVarnc	709.46221	0	0	0	0	0	0	0	0	0	0	0	0	0	0	0
S(1,0)SumEntrp	2.0306397	0	0	0	0	0	0	0	0	0	0	0	0	0	0	0
S(1,0)Entropy	3.6037515	0	0	0	0	0	0	0	0	0	0	0	0	0	0	0
S(1,0)DifVarnc	222.5202	0	0	0	0	0	0	0	0	0	0	0	0	0	0	0
S(1,0)DifEntrp	1.720801	0	0	0	0	0	0	0	0	0	0	0	0	0	0	0
_Area_S(0,1)	130560	0	0	0	0	0	0	0	0	0	0	0	0	0	0	0
S(0,1)AngScMom	0.0002525187	0	0	0	0	0	0	0	0	0	0	0	0	0	0	0
S(0,1)Contrast	683.19067	0	0	0	0	0	0	0	0	0	0	0	0	0	0	0
S(0,1)Correlat	0.002064719	0	0	0	0	0	0	0	0	0	0	0	0	0	0	0
S(0,1)SumOfSqs	342.30209	0	0	0	0	0	0	0	0	0	0	0	0	0	0	0
S(0,1)InvDfMom	0.045616371	0	0	0	0	0	0	0	0	0	0	0	0	0	0	0
S(0,1)SumAverg	64.995297	0	0	0	0	0	0	0	0	0	0	0	0	0	0	0
S(0,1)SumVarnc	686.0177	0	0	0	0	0	0	0	0	0	0	0	0	0	0	0
S(0,1)SumEntrp	2.0237915	0	0	0	0	0	0	0	0	0	0	0	0	0	0	0
S(0,1)Entropy	3.6049011	0	0	0	0	0	0	0	0	0	0	0	0	0	0	0
S(0,1)DifVarnc	226.73412	0	0	0	0	0	0	0	0	0	0	0	0	0	0	0
S(0,1)DifEntrp	1.7269724	0	0	0	0	0	0	0	0	0	0	0	0	0	0	0
_Area_S(1,1)	130050	0	0	0	0	0	0	0	0	0	0	0	0	0	0	0
S(1,1)AngScMom	0.00025285883	0	0	0	0	0	0	0	0	0	0	0	0	0	0	0
S(1,1)Contrast	682.48037	0	0	0	0	0	0	0	0	0	0	0	0	0	0	0
S(1,1)Correlat	0.0031288369	0	0	0	0	0	0	0	0	0	0	0	0	0	0	0
S(1,1)SumOfSqs	342.31122	0	0	0	0	0	0	0	0	0	0	0	0	0	0	0
S(1,1)InvDfMom	0.047653075	0	0	0	0	0	0	0	0	0	0	0	0	0	0	0
S(1,1)SumAverg	64.997124	0	0	0	0	0	0	0	0	0	0	0	0	0	0	0
S(1,1)SumVarnc	686.76451	0	0	0	0	0	0	0	0	0	0	0	0	0	0	0
S(1,1)SumEntrp	2.0241653	0	0	0	0	0	0	0	0	0	0	0	0	0	0	0
S(1,1)Entropy	3.6045896	0	0	0	0	0	0	0	0	0	0	0	0	0	0	0
S(1,1)DifVarnc	227.55952	0	0	0	0	0	0	0	0	0	0	0	0	0	0	0
S(1,1)DifEntrp	1.7268595	0	0	0	0	0	0	0	0	0	0	0	0	0	0	0
_Area_S(1,-1)	130050	0	0	0	0	0	0	0	0	0	0	0	0	0	0	0
S(1,-1)AngScMom	0.00025236915	0	0	0	0	0	0	0	0	0	0	0	0	0	0	0
S(1,-1)Contrast	682.27365	0	0	0	0	0	0	0	0	0	0	0	0	0	0	0
S(1,-1)Correlat	0.0034255059	0	0	0	0	0	0	0	0	0	0	0	0	0	0	0
S(1,-1)SumOfSqs	342.30941	0	0	0	0	0	0	0	0	0	0	0	0	0	0	0
S(1,-1)InvDfMom	0.046867151	0	0	0	0	0	0	0	0	0	0	0	0	0	0	0
S(1,-1)SumAverg	64.998293	0	0	0	0	0	0	0	0	0	0	0	0	0	0	0
S(1,-1)SumVarnc	686.96398	0	0	0	0	0	0	0	0	0	0	0	0	0	0	0
S(1,-1)SumEntrp	2.0242589	0	0	0	0	0	0	0	0	0	0	0	0	0	0	0
S(1,-1)Entropy	3.6050232	0	0	0	0	0	0	0	0	0	0	0	0	0	0	0
S(1,-1)DifVarnc	227.7319	0	0	0	0	0	0	0	0	0	0	0	0	0	0	0
S(1,-1)DifEntrp	1.7267933	0	0	0	0	0	0	0	0	0	0	0	0	0	0	0
_Area_S(2,0)	130048	0	0	0	0	0	0	0	0	0	0	0	0	0	0	0
S(2,0)AngScMom	0.000253583	0	0	0	0	0	0	0	0	0	0	0	0	0	0	0
S(2,0)Contrast	670.47978	0	0	0	0	0	0	0	0	0	0	0	0	0	0	0
S(2,0)Correlat	0.021485947	0	0	0	0	0	0	0	0	0	0	0	0	0	0	0
S(2,0)SumOfSqs	342.601	0	0	0	0	0	0	0	0	0	0	0	0	0	0	0
S(2,0)InvDfMom	0.048133456	0	0	0	0	0	0	0	0	0	0	0	0	0	0	0
S(2,0)SumAverg	64.982668	0	0	0	0	0	0	0	0	0	0	0	0	0	0	0
S(2,0)SumVarnc	699.9242	0	0	0	0	0	0	0	0	0	0	0	0	0	0	0
S(2,0)SumEntrp	2.0280941	0	0	0	0	0	0	0	0	0	0	0	0	0	0	0
S(2,0)Entropy	3.6040224	0	0	0	0	0	0	0	0	0	0	0	0	0	0	0
S(2,0)DifVarnc	224.86303	0	0	0	0	0	0	0	0	0	0	0	0	0	0	0
S(2,0)DifEntrp	1.7235643	0	0	0	0	0	0	0	0	0	0	0	0	0	0	0
_Area_S(0,2)	130048	0	0	0	0	0	0	0	0	0	0	0	0	0	0	0
S(0,2)AngScMom	0.00025268035	0	0	0	0	0	0	0	0	0	0	0	0	0	0	0
S(0,2)Contrast	680.26173	0	0	0	0	0	0	0	0	0	0	0	0	0	0	0
S(0,2)Correlat	0.0064628391	0	0	0	0	0	0	0	0	0	0	0	0	0	0	0
S(0,2)SumOfSqs	342.34338	0	0	0	0	0	0	0	0	0	0	0	0	0	0	0
S(0,2)InvDfMom	0.047309279	0	0	0	0	0	0	0	0	0	0	0	0	0	0	0
S(0,2)SumAverg	64.996171	0	0	0	0	0	0	0	0	0	0	0	0	0	0	0
S(0,2)SumVarnc	689.11177	0	0	0	0	0	0	0	0	0	0	0	0	0	0	0
S(0,2)SumEntrp	2.025013	0	0	0	0	0	0	0	0	0	0	0	0	0	0	0
S(0,2)Entropy	3.6047679	0	0	0	0	0	0	0	0	0	0	0	0	0	0	0
S(0,2)DifVarnc	227.58808	0	0	0	0	0	0	0	0	0	0	0	0	0	0	0
S(0,2)DifEntrp	1.7260765	0	0	0	0	0	0	0	0	0	0	0	0	0	0	0
_Area_S(2,2)	129032	0	0	0	0	0	0	0	0	0	0	0	0	0	0	0
S(2,2)AngScMom	0.00025251818	0	0	0	0	0	0	0	0	0	0	0	0	0	0	0
S(2,2)Contrast	686.53156	0	0	0	0	0	0	0	0	0	0	0	0	0	0	0
S(2,2)Correlat	-0.0026602534	0	0	0	0	0	0	0	0	0	0	0	0	0	0	0
S(2,2)SumOfSqs	342.35503	0	0	0	0	0	0	0	0	0	0	0	0	0	0	0
S(2,2)InvDfMom	0.047880409	0	0	0	0	0	0	0	0	0	0	0	0	0	0	0
S(2,2)SumAverg	65.001085	0	0	0	0	0	0	0	0	0	0	0	0	0	0	0
S(2,2)SumVarnc	682.88855	0	0	0	0	0	0	0	0	0	0	0	0	0	0	0
S(2,2)SumEntrp	2.0230759	0	0	0	0	0	0	0	0	0	0	0	0	0	0	0
S(2,2)Entropy	3.6048435	0	0	0	0	0	0	0	0	0	0	0	0	0	0	0
S(2,2)DifVarnc	229.66181	0	0	0	0	0	0	0	0	0	0	0	0	0	0	0
S(2,2)DifEntrp	1.7281915	0	0	0	0	0	0	0	0	0	0	0	0	0	0	0
_Area_S(2,-2)	129032	0	0	0	0	0	0	0	0	0	0	0	0	0	0	0
S(2,-2)AngScMom	0.00025223912	0	0	0	0	0	0	0	0	0	0	0	0	0	0	0
S(2,-2)Contrast	680.34607	0	0	0	0	0	0	0	0	0	0	0	0	0	0	0
S(2,-2)Correlat	0.0063491398	0	0	0	0	0	0	0	0	0	0	0	0	0	0	0
S(2,-2)SumOfSqs	342.34664	0	0	0	0	0	0	0	0	0	0	0	0	0	0	0
S(2,-2)InvDfMom	0.046351538	0	0	0	0	0	0	0	0	0	0	0	0	0	0	0
S(2,-2)SumAverg	65.002372	0	0	0	0	0	0	0	0	0	0	0	0	0	0	0
S(2,-2)SumVarnc	689.0405	0	0	0	0	0	0	0	0	0	0	0	0	0	0	0
S(2,-2)SumEntrp	2.0247135	0	0	0	0	0	0	0	0	0	0	0	0	0	0	0
S(2,-2)Entropy	3.6051196	0	0	0	0	0	0	0	0	0	0	0	0	0	0	0
S(2,-2)DifVarnc	227.16687	0	0	0	0	0	0	0	0	0	0	0	0	0	0	0
S(2,-2)DifEntrp	1.7262137	0	0	0	0	0	0	0	0	0	0	0	0	0	0	0
_Area_S(3,0)	129536	0	0	0	0	0	0	0	0	0	0	0	0	0	0	0
S(3,0)AngScMom	0.00025277159	0	0	0	0	0	0	0	0	0	0	0	0	0	0	0
S(3,0)Contrast	677.6588	0	0	0	0	0	0	0	0	0	0	0	0	0	0	0
S(3,0)Correlat	0.010889039	0	0	0	0	0	0	0	0	0	0	0	0	0	0	0
S(3,0)SumOfSqs	342.55954	0	0	0	0	0	0	0	0	0	0	0	0	0	0	0
S(3,0)InvDfMom	0.046929692	0	0	0	0	0	0	0	0	0	0	0	0	0	0	0
S(3,0)SumAverg	64.979944	0	0	0	0	0	0	0	0	0	0	0	0	0	0	0
S(3,0)SumVarnc	692.57937	0	0	0	0	0	0	0	0	0	0	0	0	0	0	0
S(3,0)SumEntrp	2.0258617	0	0	0	0	0	0	0	0	0	0	0	0	0	0	0
S(3,0)Entropy	3.6046779	0	0	0	0	0	0	0	0	0	0	0	0	0	0	0
S(3,0)DifVarnc	227.36775	0	0	0	0	0	0	0	0	0	0	0	0	0	0	0
S(3,0)DifEntrp	1.7253458	0	0	0	0	0	0	0	0	0	0	0	0	0	0	0
_Area_S(0,3)	129536	0	0	0	0	0	0	0	0	0	0	0	0	0	0	0
S(0,3)AngScMom	0.00025236002	0	0	0	0	0	0	0	0	0	0	0	0	0	0	0
S(0,3)Contrast	678.35308	0	0	0	0	0	0	0	0	0	0	0	0	0	0	0
S(0,3)Correlat	0.0094574994	0	0	0	0	0	0	0	0	0	0	0	0	0	0	0
S(0,3)SumOfSqs	342.41493	0	0	0	0	0	0	0	0	0	0	0	0	0	0	0
S(0,3)InvDfMom	0.047348858	0	0	0	0	0	0	0	0	0	0	0	0	0	0	0
S(0,3)SumAverg	64.988822	0	0	0	0	0	0	0	0	0	0	0	0	0	0	0
S(0,3)SumVarnc	691.30663	0	0	0	0	0	0	0	0	0	0	0	0	0	0	0
S(0,3)SumEntrp	2.0254613	0	0	0	0	0	0	0	0	0	0	0	0	0	0	0
S(0,3)Entropy	3.6050244	0	0	0	0	0	0	0	0	0	0	0	0	0	0	0
S(0,3)DifVarnc	226.82863	0	0	0	0	0	0	0	0	0	0	0	0	0	0	0
S(0,3)DifEntrp	1.7256333	0	0	0	0	0	0	0	0	0	0	0	0	0	0	0
_Area_S(3,3)	128018	0	0	0	0	0	0	0	0	0	0	0	0	0	0	0
S(3,3)AngScMom	0.00025223801	0	0	0	0	0	0	0	0	0	0	0	0	0	0	0
S(3,3)Contrast	682.47968	0	0	0	0	0	0	0	0	0	0	0	0	0	0	0
S(3,3)Correlat	0.0033597714	0	0	0	0	0	0	0	0	0	0	0	0	0	0	0
S(3,3)SumOfSqs	342.39019	0	0	0	0	0	0	0	0	0	0	0	0	0	0	0
S(3,3)InvDfMom	0.047162666	0	0	0	0	0	0	0	0	0	0	0	0	0	0	0
S(3,3)SumAverg	64.990923	0	0	0	0	0	0	0	0	0	0	0	0	0	0	0
S(3,3)SumVarnc	687.08109	0	0	0	0	0	0	0	0	0	0	0	0	0	0	0
S(3,3)SumEntrp	2.0241958	0	0	0	0	0	0	0	0	0	0	0	0	0	0	0
S(3,3)Entropy	3.6050769	0	0	0	0	0	0	0	0	0	0	0	0	0	0	0
S(3,3)DifVarnc	226.89207	0	0	0	0	0	0	0	0	0	0	0	0	0	0	0
S(3,3)DifEntrp	1.7269629	0	0	0	0	0	0	0	0	0	0	0	0	0	0	0
_Area_S(3,-3)	128018	0	0	0	0	0	0	0	0	0	0	0	0	0	0	0
S(3,-3)AngScMom	0.00025221837	0	0	0	0	0	0	0	0	0	0	0	0	0	0	0
S(3,-3)Contrast	683.39774	0	0	0	0	0	0	0	0	0	0	0	0	0	0	0
S(3,-3)Correlat	0.0019762252	0	0	0	0	0	0	0	0	0	0	0	0	0	0	0
S(3,-3)SumOfSqs	342.37548	0	0	0	0	0	0	0	0	0	0	0	0	0	0	0
S(3,-3)InvDfMom	0.046572568	0	0	0	0	0	0	0	0	0	0	0	0	0	0	0
S(3,-3)SumAverg	64.991892	0	0	0	0	0	0	0	0	0	0	0	0	0	0	0
S(3,-3)SumVarnc	686.10419	0	0	0	0	0	0	0	0	0	0	0	0	0	0	0
S(3,-3)SumEntrp	2.0238206	0	0	0	0	0	0	0	0	0	0	0	0	0	0	0
S(3,-3)Entropy	3.6051032	0	0	0	0	0	0	0	0	0	0	0	0	0	0	0
S(3,-3)DifVarnc	228.51546	0	0	0	0	0	0	0	0	0	0	0	0	0	0	0
S(3,-3)DifEntrp	1.7269759	0	0	0	0	0	0	0	0	0	0	0	0	0	0	0
_Area_S(4,0)	129024	0	0	0	0	0	0	0	0	0	0	0	0	0	0	0
S(4,0)AngScMom	0.00025256619	0	0	0	0	0	0	0	0	0	0	0	0	0	0	0
S(4,0)Contrast	679.32964	0	0	0	0	0	0	0	0	0	0	0	0	0	0	0
S(4,0)Correlat	0.0085943553	0	0	0	0	0	0	0	0	0	0	0	0	0	0	0
S(4,0)SumOfSqs	342.60933	0	0	0	0	0	0	0	0	0	0	0	0	0	0	0
S(4,0)InvDfMom	0.047215471	0	0	0	0	0	0	0	0	0	0	0	0	0	0	0
S(4,0)SumAverg	64.969494	0	0	0	0	0	0	0	0	0	0	0	0	0	0	0
S(4,0)SumVarnc	691.10767	0	0	0	0	0	0	0	0	0	0	0	0	0	0	0
S(4,0)SumEntrp	2.0252547	0	0	0	0	0	0	0	0	0	0	0	0	0	0	0
S(4,0)Entropy	3.6048071	0	0	0	0	0	0	0	0	0	0	0	0	0	0	0
S(4,0)DifVarnc	227.08042	0	0	0	0	0	0	0	0	0	0	0	0	0	0	0
S(4,0)DifEntrp	1.7261104	0	0	0	0	0	0	0	0	0	0	0	0	0	0	0
_Area_S(0,4)	129024	0	0	0	0	0	0	0	0	0	0	0	0	0	0	0
S(0,4)AngScMom	0.00025263575	0	0	0	0	0	0	0	0	0	0	0	0	0	0	0
S(0,4)Contrast	684.59166	0	0	0	0	0	0	0	0	0	0	0	0	0	0	0
S(0,4)Correlat	0.00025213624	0	0	0	0	0	0	0	0	0	0	0	0	0	0	0
S(0,4)SumOfSqs	342.38216	0	0	0	0	0	0	0	0	0	0	0	0	0	0	0
S(0,4)InvDfMom	0.046611879	0	0	0	0	0	0	0	0	0	0	0	0	0	0	0
S(0,4)SumAverg	64.987863	0	0	0	0	0	0	0	0	0	0	0	0	0	0	0
S(0,4)SumVarnc	684.93697	0	0	0	0	0	0	0	0	0	0	0	0	0	0	0
S(0,4)SumEntrp	2.0236947	0	0	0	0	0	0	0	0	0	0	0	0	0	0	0
S(0,4)Entropy	3.6047871	0	0	0	0	0	0	0	0	0	0	0	0	0	0	0
S(0,4)DifVarnc	227.52276	0	0	0	0	0	0	0	0	0	0	0	0	0	0	0
S(0,4)DifEntrp	1.7274777	0	0	0	0	0	0	0	0	0	0	0	0	0	0	0
_Area_S(4,4)	127008	0	0	0	0	0	0	0	0	0	0	0	0	0	0	0
S(4,4)AngScMom	0.00025272481	0	0	0	0	0	0	0	0	0	0	0	0	0	0	0
S(4,4)Contrast	688.076	0	0	0	0	0	0	0	0	0	0	0	0	0	0	0
S(4,4)Correlat	-0.0047969071	0	0	0	0	0	0	0	0	0	0	0	0	0	0	0
S(4,4)SumOfSqs	342.39556	0	0	0	0	0	0	0	0	0	0	0	0	0	0	0
S(4,4)InvDfMom	0.046212996	0	0	0	0	0	0	0	0	0	0	0	0	0	0	0
S(4,4)SumAverg	64.979781	0	0	0	0	0	0	0	0	0	0	0	0	0	0	0
S(4,4)SumVarnc	681.50624	0	0	0	0	0	0	0	0	0	0	0	0	0	0	0
S(4,4)SumEntrp	2.0226661	0	0	0	0	0	0	0	0	0	0	0	0	0	0	0
S(4,4)Entropy	3.6046791	0	0	0	0	0	0	0	0	0	0	0	0	0	0	0
S(4,4)DifVarnc	228.18883	0	0	0	0	0	0	0	0	0	0	0	0	0	0	0
S(4,4)DifEntrp	1.7284782	0	0	0	0	0	0	0	0	0	0	0	0	0	0	0
_Area_S(4,-4)	127008	0	0	0	0	0	0	0	0	0	0	0	0	0	0	0
S(4,-4)AngScMom	0.00025213948	0	0	0	0	0	0	0	0	0	0	0	0	0	0	0
S(4,-4)Contrast	682.9518	0	0	0	0	0	0	0	0	0	0	0	0	0	0	0
S(4,-4)Correlat	0.0026397868	0	0	0	0	0	0	0	0	0	0	0	0	0	0	0
S(4,-4)SumOfSqs	342.37971	0	0	0	0	0	0	0	0	0	0	0	0	0	0	0
S(4,-4)InvDfMom	0.046964057	0	0	0	0	0	0	0	0	0	0	0	0	0	0	0
S(4,-4)SumAverg	64.980584	0	0	0	0	0	0	0	0	0	0	0	0	0	0	0
S(4,-4)SumVarnc	686.56704	0	0	0	0	0	0	0	0	0	0	0	0	0	0	0
S(4,-4)SumEntrp	2.0238949	0	0	0	0	0	0	0	0	0	0	0	0	0	0	0
S(4,-4)Entropy	3.6052407	0	0	0	0	0	0	0	0	0	0	0	0	0	0	0
S(4,-4)DifVarnc	227.09931	0	0	0	0	0	0	0	0	0	0	0	0	0	0	0
S(4,-4)DifEntrp	1.7270215	0	0	0	0	0	0	0	0	0	0	0	0	0	0	0
_Area_S(5,0)	128512	0	0	0	0	0	0	0	0	0	0	0	0	0	0	0
S(5,0)AngScMom	0.00025282492	0	0	0	0	0	0	0	0	0	0	0	0	0	0	0
S(5,0)Contrast	673.82655	0	0	0	0	0	0	0	0	0	0	0	0	0	0	0
S(5,0)Correlat	0.016974583	0	0	0	0	0	0	0	0	0	0	0	0	0	0	0
S(5,0)SumOfSqs	342.73099	0	0	0	0	0	0	0	0	0	0	0	0	0	0	0
S(5,0)InvDfMom	0.047584691	0	0	0	0	0	0	0	0	0	0	0	0	0	0	0
S(5,0)SumAverg	64.962696	0	0	0	0	0	0	0	0	0	0	0	0	0	0	0
S(5,0)SumVarnc	697.09742	0	0	0	0	0	0	0	0	0	0	0	0	0	0	0
S(5,0)SumEntrp	2.0270139	0	0	0	0	0	0	0	0	0	0	0	0	0	0	0
S(5,0)Entropy	3.6045758	0	0	0	0	0	0	0	0	0	0	0	0	0	0	0
S(5,0)DifVarnc	226.64716	0	0	0	0	0	0	0	0	0	0	0	0	0	0	0
S(5,0)DifEntrp	1.7247647	0	0	0	0	0	0	0	0	0	0	0	0	0	0	0
_Area_S(0,5)	128512	0	0	0	0	0	0	0	0	0	0	0	0	0	0	0
S(0,5)AngScMom	0.00025228663	0	0	0	0	0	0	0	0	0	0	0	0	0	0	0
S(0,5)Contrast	682.94531	0	0	0	0	0	0	0	0	0	0	0	0	0	0	0
S(0,5)Correlat	0.002473441	0	0	0	0	0	0	0	0	0	0	0	0	0	0	0
S(0,5)SumOfSqs	342.31936	0	0	0	0	0	0	0	0	0	0	0	0	0	0	0
S(0,5)InvDfMom	0.046971325	0	0	0	0	0	0	0	0	0	0	0	0	0	0	0
S(0,5)SumAverg	65.007937	0	0	0	0	0	0	0	0	0	0	0	0	0	0	0
S(0,5)SumVarnc	686.33214	0	0	0	0	0	0	0	0	0	0	0	0	0	0	0
S(0,5)SumEntrp	2.0239693	0	0	0	0	0	0	0	0	0	0	0	0	0	0	0
S(0,5)Entropy	3.6050904	0	0	0	0	0	0	0	0	0	0	0	0	0	0	0
S(0,5)DifVarnc	228.52495	0	0	0	0	0	0	0	0	0	0	0	0	0	0	0
S(0,5)DifEntrp	1.7269512	0	0	0	0	0	0	0	0	0	0	0	0	0	0	0
_Area_S(5,5)	126002	0	0	0	0	0	0	0	0	0	0	0	0	0	0	0
S(5,5)AngScMom	0.00025257513	0	0	0	0	0	0	0	0	0	0	0	0	0	0	0
S(5,5)Contrast	685.18062	0	0	0	0	0	0	0	0	0	0	0	0	0	0	0
S(5,5)Correlat	-0.00042587575	0	0	0	0	0	0	0	0	0	0	0	0	0	0	0
S(5,5)SumOfSqs	342.44447	0	0	0	0	0	0	0	0	0	0	0	0	0	0	0
S(5,5)InvDfMom	0.04656338	0	0	0	0	0	0	0	0	0	0	0	0	0	0	0
S(5,5)SumAverg	64.991127	0	0	0	0	0	0	0	0	0	0	0	0	0	0	0
S(5,5)SumVarnc	684.59726	0	0	0	0	0	0	0	0	0	0	0	0	0	0	0
S(5,5)SumEntrp	2.0236952	0	0	0	0	0	0	0	0	0	0	0	0	0	0	0
S(5,5)Entropy	3.6047763	0	0	0	0	0	0	0	0	0	0	0	0	0	0	0
S(5,5)DifVarnc	228.50465	0	0	0	0	0	0	0	0	0	0	0	0	0	0	0
S(5,5)DifEntrp	1.7272956	0	0	0	0	0	0	0	0	0	0	0	0	0	0	0
_Area_S(5,-5)	126002	0	0	0	0	0	0	0	0	0	0	0	0	0	0	0
S(5,-5)AngScMom	0.00025233225	0	0	0	0	0	0	0	0	0	0	0	0	0	0	0
S(5,-5)Contrast	687.79232	0	0	0	0	0	0	0	0	0	0	0	0	0	0	0
S(5,-5)Correlat	-0.0042457827	0	0	0	0	0	0	0	0	0	0	0	0	0	0	0
S(5,-5)SumOfSqs	342.44223	0	0	0	0	0	0	0	0	0	0	0	0	0	0	0
S(5,-5)InvDfMom	0.046789864	0	0	0	0	0	0	0	0	0	0	0	0	0	0	0
S(5,-5)SumAverg	64.993699	0	0	0	0	0	0	0	0	0	0	0	0	0	0	0
S(5,-5)SumVarnc	681.97658	0	0	0	0	0	0	0	0	0	0	0	0	0	0	0
S(5,-5)SumEntrp	2.022734	0	0	0	0	0	0	0	0	0	0	0	0	0	0	0
S(5,-5)Entropy	3.6050577	0	0	0	0	0	0	0	0	0	0	0	0	0	0	0
S(5,-5)DifVarnc	229.23932	0	0	0	0	0	0	0	0	0	0	0	0	0	0	0
S(5,-5)DifEntrp	1.7280503	0	0	0	0	0	0	0	0	0	0	0	0	0	0	0
Horzl_RLNonUni	62115.591	0	0	0	0	0	0	0	0	0	0	0	0	0	0	0
Horzl_GLevNonU	1007.098	0	0	0	0	0	0	0	0	0	0	0	0	0	0	0
Horzl_LngREmph	1.0557472	0	0	0	0	0	0	0	0	0	0	0	0	0	0	0
Horzl_ShrtREmp	0.98661671	0	0	0	0	0	0	0	0	0	0	0	0	0	0	0
Horzl_Fraction	0.98208618	0	0	0	0	0	0	0	0	0	0	0	0	0	0	0
Vertl_RLNonUni	62666.199	0	0	0	0	0	0	0	0	0	0	0	0	0	0	0
Vertl_GLevNonU	1010.2163	0	0	0	0	0	0	0	0	0	0	0	0	0	0	0
Vertl_LngREmph	1.0458488	0	0	0	0	0	0	0	0	0	0	0	0	0	0	0
Vertl_ShrtREmp	0.9888051	0	0	0	0	0	0	0	0	0	0	0	0	0	0	0
Vertl_Fraction	0.98510742	0	0	0	0	0	0	0	0	0	0	0	0	0	0	0
45dgr_RLNonUni	62370.219	0	0	0	0	0	0	0	0	0	0	0	0	0	0	0
45dgr_GLevNonU	1008.6834	0	0	0	0	0	0	0	0	0	0	0	0	0	0	0
45dgr_LngREmph	1.0508874	0	0	0	0	0	0	0	0	0	0	0	0	0	0	0
45dgr_ShrtREmp	0.98762291	0	0	0	0	0	0	0	0	0	0	0	0	0	0	0
45dgr_Fraction	0.98352051	0	0	0	0	0	0	0	0	0	0	0	0	0	0	0
135dr_RLNonUni	62502.633	0	0	0	0	0	0	0	0	0	0	0	0	0	0	0
135dr_GLevNonU	1009.4759	0	0	0	0	0	0	0	0	0	0	0	0	0	0	0
135dr_LngREmph	1.0483838	0	0	0	0	0	0	0	0	0	0	0	0	0	0	0
135dr_ShrtREmp	0.98814519	0	0	0	0	0	0	0	0	0	0	0	0	0	0	0
135dr_Fraction	0.98426819	0	0	0	0	0	0	0	0	0	0	0	0	0	0	0
_AreaGr	64516	0	0	0	0	0	0	0	0	0	0	0	0	0	0	0
GrMean	8.2775035	0	0	0	0	0	0	0	0	0	0	0	0	0	0	0
GrVariance	15.544021	0	0	0	0	0	0	0	0	0	0	0	0	0	0	0
GrSkewness	0.17036256	0	0	0	0	0	0	0	0	0	0	0	0	0	0	0
GrKurtosis	-0.67691324	0	0	0	0	0	0	0	0	0	0	0	0	0	0	0
GrNonZeros	0.99586149	0	0	0	0	0	0	0	0	0	0	0	0	0	0	0
_AreaARM	64770	0	0	0	0	0	0	0	0	0	0	0	0	0	0	0
Teta1	0.034468992	0	0	0	0	0	0	0	0	0	0	0	0	0	0	0
Teta2	0.0028471141	0	0	0	0	0	0	0	0	0	0	0	0	0	0	0
Teta3	0.001310848	0	0	0	0	0	0	0	0	0	0	0	0	0	0	0
Teta4	0.003101831	0	0	0	0	0	0	0	0	0	0	0	0	0	0	0
Sigma	0.99870915	0	0	0	0	0	0	0	0	0	0	0	0	0	0	0
WavEnLL_s-1	17681.934	0	0	0	0	0	0	0	0	0	0	0	0	0	0	0
WavEnLH_s-1	1395.273	0	0	0	0	0	0	0	0	0	0	0	0	0	0	0
WavEnHL_s-1	1302.8414	0	0	0	0	0	0	0	0	0	0	0	0	0	0	0
WavEnHH_s-1	1350.4414	0	0	0	0	0	0	0	0	0	0	0	0	0	0	0
WavEnLL_s-2	16631.14	0	0	0	0	0	0	0	0	0	0	0	0	0	0	0
WavEnLH_s-2	376.772	0	0	0	0	0	0	0	0	0	0	0	0	0	0	0
WavEnHL_s-2	340.25891	0	0	0	0	0	0	0	0	0	0	0	0	0	0	0
WavEnHH_s-2	333.76284	0	0	0	0	0	0	0	0	0	0	0	0	0	0	0
WavEnLL_s-3	16347.908	0	0	0	0	0	0	0	0	0	0	0	0	0	0	0
WavEnLH_s-3	105.46088	0	0	0	0	0	0	0	0	0	0	0	0	0	0	0
WavEnHL_s-3	92.17401	0	0	0	0	0	0	0	0	0	0	0	0	0	0	0
WavEnHH_s-3	85.597225	0	0	0	0	0	0	0	0	0	0	0	0	0	0	0
WavEnLL_s-4	16279.508	0	0	0	0	0	0	0	0	0	0	0	0	0	0	0
WavEnLH_s-4	24.041016	0	0	0	0	0	0	0	0	0	0	0	0	0	0	0
WavEnHL_s-4	23.686921	0	0	0	0	0	0	0	0	0	0	0	0	0	0	0
WavEnHH_s-4	20.672265	0	0	0	0	0	0	0	0	0	0	0	0	0	0	0
